VARIABLES= "X m", "Y m", "U m/s", "V m/s", "CHC", ZONE I=9, J=9
720000 592000 75.2689 449.6269 9011.5070
752000 592000 -0.5044 -223.5401 8692.7681
784000 592000  8.3896 10.6224 5333.6840
816000 592000 -129.5333 -62.3136 6318.5549
848000 592000 -532.2711 -110.1964 12658.4978
880000 592000 -350.0691 -56.3201 6239.7389
912000 592000 -119.1199 -141.2365 5052.3238
944000 592000 465.9173 -327.6109 12871.5334
976000 592000 -405.8258  7.7318 5443.5015
720000 624000 123.5849  7.9747 7592.0978
752000 624000 -15.9753 204.7560 13341.7578
784000 624000 -37.6330 -5.4248 4744.1006
816000 624000 347.8063  6.2110 4653.0523
848000 624000 -394.4825 -119.6562 4900.0173
880000 624000 -3.5623 -31.6952 6076.8824
912000 624000 -9.8724 -212.4537 4510.5691
944000 624000 155.1490 -670.0687 15637.5799
976000 624000 -126.7006 -456.2327 8415.8001
720000 656000 -141.5106 103.2028 13484.0164
752000 656000  2.8344  5.3489 4681.6530
784000 656000 236.0341 -132.7507 5815.6667
816000 656000 18.9342 50.3428 5367.6491
848000 656000 -3.9561 -25.6861 4256.8631
880000 656000 -101.3580 -16.2376 5479.9614
912000 656000 -82.5118 534.4020 6975.9097
944000 656000 -3.1213 196.6052 6348.8917
976000 656000 -30.8689 -88.4529 8424.7904
720000 688000 -6.5025 -56.5559 6720.8710
752000 688000 -1.7090 -46.6395 5672.0653
784000 688000 207.9170 10.1831 7768.4398
816000 688000 -12.8527  2.4260 3976.4533
848000 688000 -3.7113 -47.2026 6115.2749
880000 688000  2.2353 53.7516 8575.4604
912000 688000 -175.5586 -1.2981 6302.4096
944000 688000  2.6171 -0.7132 7075.0513
976000 688000 -7.2506 62.2328 14338.7413
720000 720000 -229.8205 240.1064 5066.7248
752000 720000 126.9372 105.7196 5631.2957
784000 720000 -102.7105 -1.8580 6171.5832
816000 720000 30.2404 54.6288 4937.3546
848000 720000 -8.2504 -43.5766 4171.7830
880000 720000 -69.7413 194.3264 6524.7092
912000 720000  3.6287 50.5228 7352.4837
944000 720000  3.0989 123.3191 5963.4018
976000 720000 -1.6368 -41.7603 10158.6790
720000 752000 -218.8433  7.9777 5351.2969
752000 752000 231.5586 -175.3398 4735.3449
784000 752000 -15.5787 219.9924 4647.8305
816000 752000 -13.3471 -32.0084 11133.7500
848000 752000 72.5760 -324.1250 4591.8550
880000 752000 14.1601  0.1698 7549.9167
912000 752000 43.2426 -9.4612 5653.9912
944000 752000  8.1869 15.6534 6947.4082
976000 752000  1.0346 52.8386 8724.8526
720000 784000 67.0661 53.9430 4640.0113
752000 784000 -35.5227 -389.7317 5009.1286
784000 784000 -133.9369 11.2787 6092.8779
816000 784000  3.5304 -98.3800 5627.7361
848000 784000 -5.3159 258.3859 4614.1686
880000 784000 32.4389  1.0050 7986.7187
912000 784000 -1.3851 64.4857 5733.6969
944000 784000 91.2708 -5.4452 8676.8847
976000 784000 12.0037 -9.7739 6273.7317
720000 816000 -109.4187 -35.1732 5223.4454
752000 816000  0.5974 161.0296 6055.0652
784000 816000 -268.2420 177.2966 4979.1512
816000 816000 67.1649 -156.7759 5115.8323
848000 816000 -10.7895 105.9903 5604.5890
880000 816000  4.2577 -32.2224 5134.3932
912000 816000 -13.6260 -11.2064 5575.2883
944000 816000  1.6240 -9.2770 5511.7598
976000 816000  7.1590 536.3429 7437.5486
720000 848000 -147.4823 -216.7206 5241.4656
752000 848000 -29.2219  5.6133 4956.1062
784000 848000 -95.8724 -52.6647 5335.5904
816000 848000 11.0167  8.5358 4813.9563
848000 848000 -4.1176 -53.6222 5089.1767
880000 848000 43.0969  4.6857 4932.3630
912000 848000 -202.0255 159.4247 5368.2833
944000 848000  3.0408 -88.3102 9763.7949
976000 848000 105.2107 373.2072 9376.8120
