VARIABLES= "X m", "Y m", "U m/s", "V m/s", "CHC", ZONE I=46, J=46
4960 160  0.0004 -0.0016 2466.3472
5280 160  0.0046 -0.0013 154.4150
5600 160  0.0011 -0.0028 76.1373
5920 160 -0.0072  0.0069 52.4470
6240 160  2.3803 -0.2592 79.1733
6560 160 -6.1479  0.1504 59.9492
6880 160  1.2067  0.0542 63.6932
7200 160  0.9276 -0.0692 91.8625
7520 160  2.2145 -0.0309 77.2816
7840 160 -4.2691  0.0154 73.4289
8160 160 -1.6189 -1.5782 66.3362
8480 160  7.3215 -0.0393 90.2507
8800 160  0.0042  0.0097 43.5545
9120 160  0.0198  0.0034 52.9899
9440 160 -0.0021 -0.0014 77.4021
9760 160  0.0006 -0.0000 174.4766
10080 160 -0.0047 -0.0019 3638.9191
10400 160  5.8417  0.4458 3900.9521
4000 480  2.4118  0.2459 5851.4276
4320 480 -0.0031  0.0005 306.0189
4640 480 -0.0059  0.0019 72.9521
4960 480 -0.0132  0.0048 69.5012
5280 480  0.7795 -2.4134 73.2309
5600 480  0.0463 -0.0667 95.2284
5920 480  7.5118 -0.0575 92.1835
6240 480 -6.9532  0.2878 83.5053
6560 480 -5.9005  0.0077 85.5531
6880 480  1.4224  0.0016 75.9222
7200 480  1.4664 -0.0919 121.1534
7520 480  2.0973 -0.0368 84.3323
7840 480 -3.9664  0.0174 75.7106
8160 480 -8.7141 -2.1667 59.1993
8480 480 -1.5011 -0.1021 53.7000
8800 480 -6.7278 -0.0105 54.2920
9120 480  4.7946  0.0133 66.5942
9440 480 -2.7294 -0.0749 56.8938
9760 480 -3.0739 -0.0887 103.3707
10080 480 -0.0226 -0.0023 48.1166
10400 480  0.0078  0.0044 78.7397
10720 480 -0.0095 -0.0008 395.7572
11040 480  0.2824 -0.0413 5461.3330
3680 800  0.0004 -0.0025 350.2765
4000 800 -0.0340  0.0159 64.9717
4320 800 -0.0471  0.0856 61.9276
4640 800 -2.0344  0.1195 93.4454
4960 800 -0.1536  0.0339 68.7385
5280 800  3.3025 -0.0566 87.2671
5600 800 -0.0049 -0.0028 77.7393
5920 800 -0.0298  0.0225 80.6300
6240 800 -6.7191  0.0547 73.0073
6560 800 -5.8593 -0.0216 104.5362
6880 800  1.9514 -0.0777 58.4875
7200 800  2.0493 -0.0116 100.7651
7520 800 -1.1988 -0.0477 68.4199
7840 800  1.4344  0.0512 58.5521
8160 800  0.3152 -0.0011 80.8964
8480 800  2.0626  0.5999 63.2752
8800 800 -1.7919 -0.0347 59.3181
9120 800  4.2770  0.0563 76.9325
9440 800  1.9629  1.1155 71.0045
9760 800 -2.7950 -0.1305 103.3122
10080 800  0.0981  0.0905 66.5191
10400 800 -2.3193 -1.6959 84.9868
10720 800  7.2095  0.0953 52.0742
11040 800 -0.0089 -0.0096 69.5943
11360 800  0.0015  0.0001 475.8408
3040 1120 -0.0044  0.0039 2912.6892
3360 1120 -0.0165  0.0078 88.2592
3680 1120  0.6884 -0.1591 54.8812
4000 1120 -3.1468  0.0371 81.4367
4320 1120  7.0236 -0.1023 57.2563
4640 1120  0.6411 -0.0511 67.6662
4960 1120 -5.2413  0.0174 89.3152
5280 1120  0.0155  0.0013 141.9892
5600 1120  1.0602 -0.0585 75.6791
5920 1120 -0.0762  0.1001 117.7720
6240 1120 -5.7205 -0.0438 96.4583
6560 1120 -5.1868 -0.0198 126.4658
6880 1120 -1.2054  0.1174 70.6284
7200 1120 -0.1279  0.0843 124.7928
7520 1120 -0.9887 -0.0713 92.0190
7840 1120  0.5734 -0.0871 54.1879
8160 1120 -7.6771  1.9258 63.9625
8480 1120  2.3115  0.0876 78.9395
8800 1120 -1.2210 -0.0293 59.7371
9120 1120  1.9311  1.8776 67.5525
9440 1120  0.9774  0.0303 63.8959
9760 1120  0.0076 -1.5156 100.0714
10080 1120  0.1720  0.0192 55.0334
10400 1120  0.6065  0.0932 95.2212
10720 1120  7.8800  3.9432 45.0576
11040 1120 -1.5844 -0.0886 129.8349
11360 1120 -0.0096 -0.0018 41.2930
11680 1120  0.0107  0.0043 101.9683
12000 1120  0.0028  0.0011 7022.7979
2720 1440  0.0029 -0.0022 388.2053
3040 1440  0.0571 -0.0581 54.4071
3360 1440 -4.7045  2.3322 67.6639
3680 1440 -0.0332 -0.0004 101.5767
4000 1440  0.2903 -1.9466 86.0792
4320 1440 -0.5824  0.0252 88.9670
4640 1440 -0.1395 -0.0059 61.5508
4960 1440 -3.2980  1.2600 77.5837
5280 1440 -0.1159  0.0517 100.6944
5600 1440  1.2919  0.1667 87.8972
5920 1440  0.0050  0.0263 104.3469
6240 1440 -0.0053 -0.0351 70.5593
6560 1440 -5.8034  0.0214 93.0605
6880 1440  3.1996  0.1300 91.4093
7200 1440 -0.0944 -0.0583 131.8369
7520 1440 -0.7643 -0.0699 62.9976
7840 1440 -3.9183  1.5255 52.2348
8160 1440 -1.8154  0.0173 51.2451
8480 1440  1.4145  0.0701 65.3626
8800 1440  3.9710  1.5000 42.7468
9120 1440  1.9215 -0.1570 68.4184
9440 1440 -2.7290 -0.0505 79.1602
9760 1440  0.1298 -0.0098 56.6765
10080 1440 -2.6159 -0.0290 84.3778
10400 1440  4.6246  4.5528 75.3846
10720 1440 -3.7126 -0.0897 56.6026
11040 1440 -4.7182 -0.1245 82.7148
11360 1440  4.3824  1.6987 58.5607
11680 1440 -0.7246 -0.0072 65.7609
12000 1440  0.0006 -0.0067 58.0292
12320 1440  0.0009 -0.0030 572.5600
2080 1760  2.5000 -0.5000 568.8888
2400 1760  0.0035  0.0038 201.8881
2720 1760 -0.0581  0.0631 96.1302
3040 1760 -0.0968  0.0669 165.4763
3360 1760 -2.6266  0.9912 59.1885
3680 1760 -4.3139  0.7464 60.3892
4000 1760 -0.0161  0.0149 112.4203
4320 1760 -1.7164  1.7844 73.6431
4640 1760  5.0234 -3.1013 57.3800
4960 1760  4.6400 -4.0683 106.8030
5280 1760 -1.0754  0.0607 65.8154
5600 1760  5.8806 -0.2558 97.3626
5920 1760  0.1437 -0.0749 86.8282
6240 1760  0.0002 -0.0579 159.0787
6560 1760  0.0783 -0.0900 86.6318
6880 1760  3.5844  0.0428 80.7423
7200 1760 -0.0539 -0.0354 142.7023
7520 1760  0.8625 -3.8112 62.1823
7840 1760  1.2588 -0.1234 51.4927
8160 1760 -0.7846  0.2379 56.2785
8480 1760 -5.9517  0.0297 116.8778
8800 1760  3.4161  0.0034 53.1167
9120 1760 -7.0060 -1.5978 66.9362
9440 1760 -5.9672 -2.1780 47.9379
9760 1760  3.0520  2.7968 55.4212
10080 1760  0.1057  4.4271 136.7509
10400 1760  1.8805  0.0020 46.5942
10720 1760 -0.0458 -2.8741 149.0295
11040 1760  3.9945  1.6086 57.7478
11360 1760  6.6150  3.8607 117.1357
11680 1760 -8.0876 -6.6895 51.2486
12000 1760 -3.8107 -0.4702 58.2594
12320 1760  0.0125  0.0046 48.0124
12640 1760 -0.0005  0.0003 274.0298
12960 1760  1.5840  0.9849 4551.1081
2080 2080 -0.0043  0.0032 168.4359
2400 2080  0.4730 -0.3764 71.3566
2720 2080  3.9303 -0.2656 65.5049
3040 2080 -0.0700  0.0784 192.3570
3360 2080 -0.0477  0.0382 138.2573
3680 2080 -5.2487  0.1222 78.7258
4000 2080 -0.0808  1.3621 79.6898
4320 2080  0.7907 -0.1160 45.3513
4640 2080 -2.9371 -0.0391 70.0196
4960 2080 -2.0163  0.1365 56.0988
5280 2080  0.0333  0.0847 67.4984
5600 2080 -0.0440  0.5819 104.1535
5920 2080  0.0749 -0.0722 70.6105
6240 2080 -0.0162 -0.0473 117.7220
6560 2080  0.0240  2.5659 161.6700
6880 2080  0.2167  0.0221 78.1639
7200 2080 -0.0069 -0.0199 128.6907
7520 2080 -2.5154  0.0411 44.2054
7840 2080 -0.8129  0.0264 74.0160
8160 2080 -0.0746 -7.3740 50.4469
8480 2080 -3.9454  3.8243 71.3610
8800 2080  4.7421 -2.5052 65.7467
9120 2080 -0.6916  2.0275 53.3170
9440 2080 -2.3390 -4.0117 60.4487
9760 2080 -0.6821 -1.9165 79.1908
10080 2080  1.3346  1.0546 88.3490
10400 2080 -1.7064 -1.6613 73.9664
10720 2080 -5.0401 -2.2938 64.6109
11040 2080  7.0135  4.6667 59.1949
11360 2080 -4.1035 -2.4739 79.8933
11680 2080 -0.2746 -4.5904 54.0986
12000 2080  1.3519  0.0813 79.3889
12320 2080  0.0003  0.0230 130.6611
12640 2080 -2.0992 -1.7771 64.5517
12960 2080  0.0024  0.0060 222.7730
1760 2400  0.0084  0.0010 202.4371
2080 2400  0.0693 -0.0342 44.9389
2400 2400  0.0537 -0.0510 141.2385
2720 2400  1.3914 -0.1289 89.3550
3040 2400  0.3602 -4.0498 56.6926
3360 2400 -0.0908  0.0706 152.6071
3680 2400  2.7122 -0.0928 74.1126
4000 2400 -4.1431  0.1506 57.5468
4320 2400 -5.0687  0.6625 58.5892
4640 2400  0.4841  4.2396 65.2325
4960 2400  0.3395  2.1622 63.4454
5280 2400 -3.0043  1.4285 70.1897
5600 2400 -5.2767 -2.6788 51.7230
5920 2400 -0.0073 -0.0457 85.8814
6240 2400 -0.6971  0.0333 104.9913
6560 2400 -0.0361  0.0900 117.1161
6880 2400  0.1105  1.6343 82.5983
7200 2400 -0.0145  4.2526 121.7082
7520 2400 -1.6865  0.0944 68.3543
7840 2400 -2.0016 -0.0662 54.2892
8160 2400  0.0939 -0.0301 70.7808
8480 2400 -4.6196 -4.0968 75.3401
8800 2400  3.8224  0.0060 79.6553
9120 2400 -0.3142 -4.4162 125.2500
9440 2400  0.9791  0.2835 68.4783
9760 2400  5.2640  0.0423 103.6620
10080 2400  2.3974  0.1540 105.1335
10400 2400  2.0373  0.1227 60.6423
10720 2400  3.6712  2.3940 80.7156
11040 2400  0.1125  2.7473 65.0478
11360 2400 -5.3285 -0.0608 50.8586
11680 2400  0.0544  1.5133 80.5456
12000 2400  0.0215 -0.0047 80.3640
12320 2400 -2.0370 -1.4349 87.6130
12640 2400  6.9765  6.9406 87.1445
12960 2400  0.0347  0.0518 50.6626
13280 2400  0.0017  0.0014 287.0704
1440 2720  0.0015  0.0033 389.4003
1760 2720 -0.0134  0.0080 61.2505
2080 2720  0.0074 -0.0175 135.2771
2400 2720  5.2675 -6.3753 72.5387
2720 2720  0.0778 -0.0721 145.6848
3040 2720  0.0484 -1.5740 75.3076
3360 2720 -0.2512  0.0397 83.9781
3680 2720  7.4780 -6.0609 143.6790
4000 2720 -0.1605  0.1664 82.4008
4320 2720 -1.6041 -0.0058 61.2974
4640 2720  0.9896  0.3963 66.6809
4960 2720 -5.1853 -0.0771 86.3069
5280 2720  2.0508  2.5355 73.5003
5600 2720 -1.6352  0.0931 74.6490
5920 2720 -3.5317  4.2555 71.9489
6240 2720 -5.0608 -0.0719 105.3191
6560 2720  0.0522  0.0483 176.3385
6880 2720  3.4107 -0.0449 151.3337
7200 2720 -2.9395 -2.7965 92.4174
7520 2720 -0.0407 -1.0033 70.4279
7840 2720 -1.2787  3.9893 58.8768
8160 2720  5.3040  0.0523 54.9831
8480 2720  0.8758  4.0955 101.2950
8800 2720  7.0774  0.1253 66.1346
9120 2720 -0.2657 -1.7241 66.8289
9440 2720 -7.4795  3.9260 167.1628
9760 2720  3.7485  5.1699 102.4296
10080 2720  7.6804  0.0866 54.8784
10400 2720 -3.4173 -1.4714 86.6997
10720 2720  5.3237  0.0399 117.3009
11040 2720 -3.3296 -1.9478 49.4154
11360 2720  0.0480  0.0631 86.2043
11680 2720 -0.1436 -0.1390 81.3691
12000 2720 -0.8259 -2.8201 97.5487
12320 2720  6.3046  6.5838 79.5955
12640 2720  0.5631  0.0180 81.0278
12960 2720  0.0523  0.0291 77.8293
13280 2720 -0.0117 -0.0006 48.8304
13600 2720 -0.0028  0.0022 647.5436
1120 3040  0.0000 -0.0001 3165.5042
1440 3040 -0.0262  0.0230 56.2297
1760 3040 -0.0495  0.0376 162.6610
2080 3040  0.0546 -0.0484 134.8426
2400 3040 -0.0323  0.0343 124.0167
2720 3040  0.0411 -0.0136 81.8520
3040 3040  0.0383 -0.0108 207.4931
3360 3040  0.5404 -0.0814 55.6618
3680 3040 -0.1059  0.1095 142.2813
4000 3040  3.5080 -8.0108 87.2822
4320 3040 -0.1320  0.1165 72.1081
4640 3040  0.0349  0.0740 43.3259
4960 3040  0.0961 -0.1040 65.5417
5280 3040  1.0213 -0.0603 58.9844
5600 3040  8.2988 -6.3471 106.3738
5920 3040 -0.2195  0.5634 68.2451
6240 3040 -7.4135 -0.0028 78.7125
6560 3040  0.0493  0.0356 159.2589
6880 3040 -1.9723  1.4430 119.0273
7200 3040 -2.6213 -0.1603 119.2935
7520 3040 -0.0387  0.4084 75.9107
7840 3040 -0.5518  0.0730 52.4674
8160 3040  0.0311 -2.5480 61.4436
8480 3040 -0.0095 -2.7624 135.6343
8800 3040  4.9870  6.1768 118.2774
9120 3040 -0.0449 -1.6572 64.4607
9440 3040  0.2161  0.0766 98.5030
9760 3040 -6.7158 -4.1144 70.0687
10080 3040 -0.1085  0.0458 52.2559
10400 3040  4.6119  8.5083 92.9577
10720 3040  0.9502 -0.1443 70.7961
11040 3040 -0.4629 -0.0572 79.5484
11360 3040  4.6687  0.0141 65.5733
11680 3040  0.0843 -6.2291 98.8345
12000 3040  6.3785  6.0806 106.6215
12320 3040 -0.0560  0.9012 110.0371
12640 3040  0.0625  0.0685 84.5098
12960 3040  0.4074  0.0552 55.5781
13280 3040  0.0577  3.7008 71.8037
13600 3040  0.0051  0.0014 60.0480
13920 3040 -0.9783 -1.9484 6599.8877
1120 3360 -0.0013  0.0013 87.7939
1440 3360 -0.0773 -1.2860 63.1754
1760 3360  0.1222 -0.1199 70.9863
2080 3360 -0.1037  0.1027 122.3592
2400 3360 -0.0019 -0.0157 97.0392
2720 3360 -0.0418  0.0785 115.9812
3040 3360 -0.0094  0.0348 123.6673
3360 3360 -0.0872  1.3695 136.5799
3680 3360 -3.0251  2.7303 57.3502
4000 3360 -0.1321  0.1311 167.4611
4320 3360 -0.0470 -3.1564 71.7545
4640 3360  0.0522  0.0161 97.4396
4960 3360 -0.0948  0.0730 71.6849
5280 3360 -0.5509  0.4242 52.4448
5600 3360  0.0264  0.0674 94.0017
5920 3360  4.1324 -1.4909 73.6520
6240 3360  0.0176  0.1645 73.5203
6560 3360  1.2884  1.6707 98.9463
6880 3360  0.1176  0.1263 83.7707
7200 3360 -1.2772 -1.4543 187.4621
7520 3360  4.0257  1.6869 110.4757
7840 3360 -6.7362  0.0278 98.3448
8160 3360  3.1019  0.0290 98.1968
8480 3360  3.1216  5.1106 97.2970
8800 3360 -1.2539  0.1053 48.4562
9120 3360  0.0042  0.0779 77.9005
9440 3360  3.5723 -1.9513 87.1646
9760 3360  1.0312 -0.0357 62.5530
10080 3360 -3.3189 -0.8034 50.2625
10400 3360 -1.2758 -7.9080 82.4195
10720 3360  0.6122 -0.3270 56.9422
11040 3360 -1.9201 -1.5625 54.4910
11360 3360 -2.2463  0.1552 153.9400
11680 3360  5.6030  4.9116 123.9998
12000 3360  0.0344  0.8826 98.5395
12320 3360  0.0040 -0.0030 65.5600
12640 3360  0.8156  2.7434 57.4084
12960 3360 -3.0104 -5.6443 64.9545
13280 3360  2.7156  5.0278 103.9731
13600 3360 -3.6640 -0.0954 62.0047
13920 3360  0.0001 -0.0024 110.7732
800 3680 -0.0030  0.0149 350.2065
1120 3680 -0.0379  0.0381 39.9505
1440 3680  0.0918 -1.5520 61.0699
1760 3680  0.0982 -0.0523 46.0326
2080 3680  0.0678 -0.1195 54.5010
2400 3680 -0.0043  0.0222 100.6707
2720 3680 -0.0225  0.0623 82.2089
3040 3680  0.0034  0.0217 141.9717
3360 3680  7.6911 -8.0158 192.6318
3680 3680 -1.3984  0.1243 67.6930
4000 3680 -0.0190  3.3468 70.7964
4320 3680  0.0542 -0.0039 109.3588
4640 3680  0.0152  0.1420 160.1556
4960 3680 -0.2866  1.9390 59.8433
5280 3680 -0.0329  0.8924 52.4739
5600 3680  2.5968  4.7581 65.8500
5920 3680 -0.0597  0.0789 174.5273
6240 3680 -0.0267 -0.0476 77.7355
6560 3680 -5.6926 -2.6986 59.5447
6880 3680  0.1030 -0.0321 127.4465
7200 3680 -0.0245 -0.0457 53.3905
7520 3680  0.9070  0.7502 56.4615
7840 3680  2.7106  8.0257 108.8937
8160 3680  4.0042 -0.0269 132.9527
8480 3680  2.5486 -5.1352 109.7750
8800 3680  2.6756  0.1543 116.3347
9120 3680  0.1045 -2.1218 71.2573
9440 3680  3.3883  0.0535 111.2117
9760 3680 -0.0184  3.9242 82.6095
10080 3680 -0.5726  1.1176 62.1428
10400 3680  5.6227  0.0488 60.9974
10720 3680  1.0221  4.0575 79.6020
11040 3680  6.7319  6.0896 158.9197
11360 3680  0.1166  0.1226 141.4363
11680 3680  0.0674 -1.9002 84.1216
12000 3680  0.1180  0.1422 84.2156
12320 3680 -2.2627 -7.0098 55.8175
12640 3680 -1.8870 -5.2729 45.4871
12960 3680  5.3289  2.6293 56.5427
13280 3680  0.0211 -2.2291 86.8668
13600 3680 -2.5475 -0.0856 61.0613
13920 3680 -0.0069 -0.0151 47.6593
14240 3680 -0.0031 -0.0038 628.5707
480 4000  1.7679  3.0392 6826.6650
800 4000 -0.0093  0.0015 64.3394
1120 4000 -2.7974  0.8330 72.6415
1440 4000 -0.3194  4.3432 60.3712
1760 4000  0.1062 -0.1116 49.5066
2080 4000  0.1430 -0.4685 72.9732
2400 4000 -0.0295  1.0266 55.2332
2720 4000  0.0618 -0.0537 86.6173
3040 4000 -0.0239  0.0495 115.5124
3360 4000 -0.0309 -0.0286 103.0583
3680 4000 -0.0295 -0.0068 165.7403
4000 4000 -1.0515  0.0836 49.4642
4320 4000 -2.0396  3.7907 79.5432
4640 4000 -1.5424  4.1114 70.1147
4960 4000 -0.0719  1.7514 100.1747
5280 4000 -5.9558 -0.3546 82.8942
5600 4000 -0.8600  0.0315 76.2707
5920 4000  0.0790 -0.0499 77.1167
6240 4000 -3.0679 -6.6524 105.7622
6560 4000 -0.0446 -6.6666 80.2767
6880 4000 -0.0143 -3.4109 173.5280
7200 4000  1.2143 -8.3208 87.6752
7520 4000 -6.5930 -6.4655 69.8580
7840 4000  4.9505 -8.3882 100.2996
8160 4000  1.9684 -0.0379 101.3829
8480 4000 -0.7093  0.0916 78.2242
8800 4000  0.0170  0.5283 51.8731
9120 4000  2.5823  5.7646 152.3027
9440 4000  0.0737  6.4400 114.4006
9760 4000  4.5082 -0.0184 47.1323
10080 4000 -3.3333 -1.5783 56.5494
10400 4000  4.6265  3.7607 96.1511
10720 4000  6.0768  6.2725 118.6058
11040 4000 -4.1738 -2.2700 66.2613
11360 4000 -0.1789 -0.1776 100.5169
11680 4000  2.2474  1.1958 59.2510
12000 4000 -0.0094  1.5481 112.5970
12320 4000 -0.0098  4.3323 66.0709
12640 4000 -1.7408 -1.3687 50.9584
12960 4000  0.0012 -0.9702 52.6556
13280 4000  2.0399  5.3966 46.6834
13600 4000 -4.7958 -5.3817 49.5311
13920 4000  0.0745 -3.2642 87.3389
14240 4000  0.0069  0.0069 75.9606
14560 4000  0.1762  0.1946 10239.9976
480 4320 -0.0004 -0.0076 305.7819
800 4320  0.0160 -0.0473 96.2532
1120 4320 -0.0505  1.7427 76.3759
1440 4320 -0.1003  0.8383 64.5054
1760 4320 -1.7941  2.0671 75.4493
2080 4320 -0.0245  3.9421 65.6805
2400 4320 -0.1284  1.8488 44.5519
2720 4320  1.2718 -2.2810 44.4990
3040 4320 -0.0812  0.0049 59.7078
3360 4320 -1.2374  1.2574 71.2486
3680 4320 -0.0497  0.0515 123.0623
4000 4320  3.8877  0.0227 70.4705
4320 4320  0.0929 -3.6701 97.7766
4640 4320 -1.8728 -5.2830 102.6368
4960 4320 -4.7770  0.0355 55.4417
5280 4320 -5.4697 -0.1383 55.4925
5600 4320  0.0514 -0.0123 79.7862
5920 4320 -0.2277  1.6399 61.2063
6240 4320  2.5371  5.3794 74.9267
6560 4320  0.1269 -0.0902 62.4151
6880 4320  0.1086  4.7533 168.8406
7200 4320  1.5022  4.3745 85.9872
7520 4320 -3.5520  0.0819 95.3932
7840 4320 -0.0623 -2.0996 65.2078
8160 4320  0.0399  0.0447 66.8717
8480 4320  1.3283 -0.7032 81.4069
8800 4320 -0.0164  0.5843 52.2649
9120 4320  7.3727 -2.2235 120.2494
9440 4320 -1.4433 -0.7576 68.9336
9760 4320 -4.8195 -5.3577 59.3774
10080 4320  0.0261  1.7602 57.9972
10400 4320  0.1018  0.3830 50.3324
10720 4320 -2.4748  0.0200 59.9511
11040 4320 -5.5505 -1.9110 47.1298
11360 4320  0.6246  1.2167 85.2527
11680 4320  0.8506  0.0228 68.8006
12000 4320  0.1090  2.0351 59.3027
12320 4320  0.0471 -0.5985 66.8556
12640 4320  0.0867  4.9092 60.6583
12960 4320 -4.7678 -0.4389 109.4735
13280 4320 -0.1094 -3.0570 67.3098
13600 4320  2.0146  0.0210 50.1072
13920 4320 -5.4388 -0.1367 72.4741
14240 4320  0.5401  0.9389 48.2702
14560 4320  0.0000  0.0126 569.7386
160 4640 -0.0824  0.4077 5119.9994
480 4640  0.0047 -0.0137 73.2504
800 4640  2.5667 -7.5382 85.5391
1120 4640  5.3465 -7.6411 93.2136
1440 4640  0.0065 -0.0151 97.4070
1760 4640  0.0133  0.3470 92.6463
2080 4640 -0.1569  0.1595 68.3976
2400 4640 -0.1601  2.0519 67.7260
2720 4640 -1.6304  6.3096 73.0211
3040 4640 -0.5283  6.2593 40.3161
3360 4640  3.7597 -3.3041 54.1123
3680 4640 -1.4454 -0.0513 57.2950
4000 4640  3.4579  0.0059 73.6235
4320 4640 -5.4158 -1.0163 110.9815
4640 4640  3.2901  0.1660 88.5805
4960 4640  0.0109 -0.0380 150.3101
5280 4640 -0.0141 -0.0793 110.4544
5600 4640  1.2987  3.2837 141.8583
5920 4640 -1.0062  0.0463 92.0357
6240 4640 -0.0447 -3.6822 78.7783
6560 4640  2.7997  0.0866 90.4275
6880 4640  0.0912  2.7531 138.6324
7200 4640 -7.9625  0.0450 46.9787
7520 4640  4.5771  0.0165 97.9539
7840 4640 -0.0676  0.1308 108.1910
8160 4640  0.6451  2.2779 137.9225
8480 4640  4.0179  0.1316 69.0339
8800 4640  0.0438 -0.7325 51.7742
9120 4640 -3.7291 -0.1291 92.9732
9440 4640 -0.7961 -2.6548 68.5491
9760 4640  3.0629  7.5545 49.8452
10080 4640  4.2554  0.7550 50.1670
10400 4640 -0.1667 -1.5650 49.3536
10720 4640 -0.0968  4.4254 53.8624
11040 4640  0.0104  0.4136 77.3886
11360 4640  1.2695 -0.1365 106.5292
11680 4640 -0.0188 -0.0390 70.6893
12000 4640 -0.0586 -0.0351 69.8276
12320 4640  0.0297 -2.6244 117.7309
12640 4640 -0.1752 -1.0371 66.2457
12960 4640 -4.1763 -0.0976 60.4942
13280 4640 -0.0314 -2.0831 96.7112
13600 4640  1.2137  1.2997 76.7052
13920 4640  0.0605  2.3956 114.6261
14240 4640  6.0075  8.4836 102.7610
14560 4640 -0.0023 -0.0198 87.6886
160 4960 -0.0005 -0.0083 2520.8015
480 4960 -0.0080 -0.0160 56.8704
800 4960  0.0325 -0.0111 125.1236
1120 4960 -0.0823  0.0661 147.3130
1440 4960  5.2507 -7.4759 83.5087
1760 4960  3.3390 -7.5253 74.0336
2080 4960  0.9291  0.0006 88.2964
2400 4960  3.7452 -5.2752 87.8844
2720 4960 -5.4805  0.7562 70.7695
3040 4960 -0.0239  0.0678 85.0433
3360 4960 -3.3147  6.0788 93.8823
3680 4960 -2.2027  5.9161 48.8570
4000 4960 -0.9169  3.9106 62.7449
4320 4960 -0.1491  0.1210 99.5534
4640 4960  4.4433  2.3937 60.6345
4960 4960 -0.0151  0.0774 117.7360
5280 4960  0.0419  1.7708 82.9688
5600 4960 -7.1014 -6.5483 125.0893
5920 4960  2.5583  6.7783 131.8486
6240 4960  1.7616  2.2298 75.4713
6560 4960  2.7444  2.7611 88.1313
6880 4960  0.8383 -1.9999 114.1310
7200 4960  0.1262  0.1406 105.4743
7520 4960 -0.0850  3.9493 59.9791
7840 4960 -0.0075  0.1470 101.0044
8160 4960  0.1017  5.2422 74.0115
8480 4960  2.5727  3.7832 85.0929
8800 4960  6.6026 -3.3960 90.0881
9120 4960  0.0621 -0.0709 57.2695
9440 4960  4.9214 -3.4929 87.1696
9760 4960 -3.0420 -0.5290 87.8308
10080 4960 -0.6791 -0.6892 61.0820
10400 4960 -0.1318 -6.5369 73.6043
10720 4960 -0.0982 -1.4764 64.5409
11040 4960  4.5087  3.3432 83.9824
11360 4960  4.6529  5.3886 118.5313
11680 4960  0.1468 -0.9703 67.0016
12000 4960 -7.1836 -8.3173 59.1679
12320 4960  0.0386 -1.4313 96.7462
12640 4960  0.0259 -0.6958 89.6886
12960 4960  6.4722  3.4940 101.6578
13280 4960 -0.3211  4.6893 87.9275
13600 4960  0.0902  2.7010 90.3795
13920 4960  0.0882  2.3170 67.9147
14240 4960 -4.1534 -3.0589 102.1324
14560 4960  0.0311  0.0220 48.4219
160 5280 -0.0014  0.0151 154.3322
480 5280 -0.0582  0.1053 64.4113
800 5280 -0.1197  0.1452 75.1446
1120 5280 -0.0385  0.0391 120.1933
1440 5280  0.0160 -0.0160 113.1622
1760 5280 -0.5070  0.1324 148.1200
2080 5280  4.4163 -8.8988 112.5496
2400 5280  0.1204 -8.3252 104.1144
2720 5280 -0.0040 -4.1829 132.3575
3040 5280  4.6065 -0.6573 81.6908
3360 5280 -0.1437  6.7728 115.0717
3680 5280 -0.0748  0.0284 84.3672
4000 5280  2.5800  0.9870 65.4310
4320 5280 -0.0694  2.8201 53.5209
4640 5280 -0.1455  1.4395 58.1623
4960 5280  0.0243  0.0405 111.0577
5280 5280 -0.0401 -0.0235 155.9173
5600 5280 -7.2398  2.2486 154.8375
5920 5280  5.4027 -3.4056 113.1458
6240 5280  6.8098 -4.4517 55.7153
6560 5280  1.6305 -0.0559 61.1677
6880 5280  0.1303 -0.0251 65.6861
7200 5280  2.8788  0.0984 69.0585
7520 5280  0.0000  3.2132 100.0222
7840 5280  1.4449 -0.7222 80.3286
8160 5280  2.5982  5.6857 109.0101
8480 5280  0.0610 -2.5141 69.5249
8800 5280 -1.9662 -4.3870 98.6171
9120 5280 -1.2723  0.1560 90.4227
9440 5280  1.8823  0.0156 78.2050
9760 5280  0.9518 -0.0162 91.1801
10080 5280 -4.0069 -7.5428 167.8571
10400 5280  1.8496  3.8772 82.3438
10720 5280  0.3937  7.8253 75.7062
11040 5280  3.0313 -4.8095 79.1674
11360 5280  0.0160 -0.4061 95.6894
11680 5280 -8.0155 -8.4682 99.5359
12000 5280  6.4483  0.1184 122.9311
12320 5280  0.1281  0.0762 76.1519
12640 5280  4.5044  6.2849 109.2443
12960 5280  0.5057  6.1935 69.7933
13280 5280 -0.0065 -3.1434 91.0205
13600 5280 -0.1658 -2.8035 75.6757
13920 5280  0.0312 -0.5736 57.4759
14240 5280 -0.0867 -5.2023 70.6393
14560 5280 -0.0932 -5.9809 65.9265
160 5600 -0.0013  0.0003 73.6079
480 5600 -0.0339  0.2915 55.3812
800 5600 -0.0380  0.1146 58.1835
1120 5600  0.1139 -0.1609 68.3974
1440 5600 -0.0603  0.1214 59.9341
1760 5600 -0.1034  0.1535 102.2412
2080 5600  0.0470  0.0541 147.4847
2400 5600 -0.0062  0.0594 97.4436
2720 5600 -0.0126  0.0966 86.8237
3040 5600 -0.0164  0.0208 96.5838
3360 5600  1.1756  1.5830 164.7833
3680 5600 -0.1072 -5.8352 78.9485
4000 5600 -1.5479 -8.4863 75.1835
4320 5600  0.0276  0.1041 70.5451
4640 5600 -5.3660  0.5825 73.2033
4960 5600 -3.0261 -0.2531 70.6545
5280 5600 -0.0335  0.0960 140.0584
5600 5600 -0.1296  0.0345 147.3303
5920 5600 -0.7885  3.0356 98.8336
6240 5600  0.9772  6.3237 52.1545
6560 5600  4.5035 -6.3407 85.5277
6880 5600  2.0080  4.4824 64.8120
7200 5600  1.3269  0.0624 51.9679
7520 5600  0.0118 -3.0318 99.8663
7840 5600  0.0438  0.0046 76.9461
8160 5600  7.5154 -7.8758 73.5954
8480 5600  0.0752 -3.9374 67.4905
8800 5600  4.3159  0.0204 65.1466
9120 5600 -6.3832  1.9311 101.6565
9440 5600  4.5841  3.5696 76.9142
9760 5600 -7.9260  4.5690 82.6023
10080 5600 -6.1387  6.8714 69.8671
10400 5600  0.7878  6.4577 62.7920
10720 5600 -6.6650 -5.5805 81.7677
11040 5600  4.7601  5.4202 66.2010
11360 5600  2.0043  2.2305 62.8795
11680 5600 -6.5030 -4.6737 60.6386
12000 5600 -3.5769 -0.0124 80.3654
12320 5600  4.8992  4.3922 66.0385
12640 5600  0.0763  0.6676 85.3931
12960 5600 -0.0492  0.0227 79.9767
13280 5600 -2.5457 -2.0474 73.3979
13600 5600 -0.0397 -3.4994 69.6671
13920 5600  0.3766  7.0416 79.1194
14240 5600  0.3169  0.4401 110.6064
14560 5600 -0.0675 -2.2519 94.7345
160 5920 -0.0001  0.0004 51.3926
1440 5920  0.0282 -0.0170 55.4004
1760 5920 -0.0590  0.0100 60.9994
2080 5920 -0.1481  0.1446 69.7314
2400 5920 -0.1324  0.0688 83.8393
2720 5920 -0.0068  0.0003 153.3696
3040 5920  0.0819 -0.0588 132.7402
3360 5920 -0.0300 -0.0071 120.6934
3680 5920  4.7642 -0.1052 78.9071
4000 5920 -0.0771  3.2693 113.2279
4320 5920  3.7218  3.3668 75.6386
4640 5920  0.0003 -0.0292 101.6678
4960 5920  0.0930  0.0824 115.7678
5280 5920 -0.0853  1.0309 104.5822
5600 5920 -3.1063 -0.0800 78.6673
5920 5920  4.9018 -7.1767 98.6187
6240 5920  6.4411 -0.6714 55.7040
6560 5920  4.3283 -0.0356 95.4068
6880 5920 -0.4358 -7.9801 111.5011
7200 5920  0.1194 -1.5804 77.8203
7520 5920 -2.7247  0.0793 68.3858
7840 5920 -0.9507  0.0156 88.9212
8160 5920 -5.2936 -1.7613 68.7126
8480 5920  2.6682 -0.0441 84.2915
8800 5920  4.8621  0.1496 75.0052
9120 5920 -0.0669 -5.0634 55.4736
9440 5920  1.4657 -0.1072 71.9483
9760 5920  1.7004  2.2973 98.9856
10080 5920  4.7460 -7.0094 100.1564
10400 5920 -0.6762 -6.7134 59.7620
10720 5920  1.9447  7.6987 77.4070
11040 5920  1.0632  3.3679 113.3648
11360 5920 -7.8982 -5.3874 71.7213
11680 5920 -0.0614 -2.6573 150.5196
12000 5920  3.6744  6.3708 76.4560
12320 5920  0.0651  0.5564 77.7766
12640 5920 -2.8422 -3.2772 63.7483
12960 5920  3.8232  2.3850 65.8251
13280 5920  2.0386  4.6933 82.6512
13600 5920 -2.7829 -3.0506 80.5002
13920 5920 -0.0102 -3.6628 110.1111
14240 5920 -0.0550 -2.1364 109.5893
14560 5920 -0.1298 -1.3781 72.6344
160 6240 -0.0006  0.0007 43.0824
2400 6240 -0.0370 -0.1296 61.2715
2720 6240 -0.1437  2.2032 58.3441
3040 6240  0.0494  0.1156 103.8922
3360 6240 -0.1018  3.8071 78.0840
3680 6240  0.0223  0.0872 94.0295
4000 6240  7.1844  0.0721 108.7450
4320 6240  0.0033  6.5971 91.7394
4640 6240 -0.0592  5.1241 103.7037
4960 6240 -0.0143  0.1303 99.2277
5280 6240 -3.6979  5.5707 64.4622
5600 6240 -0.1002  6.1694 99.0623
5920 6240 -2.5173  0.1033 76.9354
6240 6240  0.0891  0.0296 75.8051
6560 6240  3.4768  7.0647 72.0873
6880 6240  2.1683  2.9784 135.5802
7200 6240  2.3096 -2.4604 62.4149
7520 6240  0.5280 -5.4070 45.6892
7840 6240  2.1764 -4.3561 59.8106
8160 6240  1.1212 -0.0034 119.2369
8480 6240  1.5030  0.6303 64.8680
8800 6240  0.3080 -2.1142 80.0599
9120 6240 -0.0091 -3.2900 87.9563
9440 6240  0.6830 -7.2383 140.7507
9760 6240 -5.6572 -1.9891 119.4455
10080 6240 -0.5372  5.0458 85.2279
10400 6240  4.2072  3.4138 133.4173
10720 6240  3.0728  3.3591 106.3029
11040 6240 -6.1360 -4.4721 86.9904
11360 6240 -4.5662 -7.0903 75.6536
11680 6240  3.6015  2.6039 72.3500
12000 6240 -2.6998 -8.5997 64.0589
12320 6240 -3.1306 -2.9847 59.4451
12640 6240  2.0918  4.6848 68.7353
12960 6240  2.4364  3.8980 84.5889
13280 6240 -0.0035 -0.5440 97.7666
13600 6240  3.5090  8.3402 84.2450
13920 6240  0.0397  4.3539 71.2447
14240 6240  0.0729  4.0424 95.2997
14560 6240  0.1053  3.1046 83.2472
3040 6560 -0.1424  0.1481 57.9752
3360 6560 -0.1444  0.1344 133.3893
3680 6560  0.1290 -2.6326 119.7568
4000 6560  5.6833  1.5878 59.9868
4320 6560 -6.1272  0.0400 73.6128
4640 6560 -0.6557 -0.9133 108.2731
4960 6560 -0.0596  1.2125 81.2754
5280 6560 -0.2498  2.1209 101.2391
5600 6560  1.5879  0.0501 64.7066
5920 6560 -1.2894  1.4209 56.9314
6240 6560 -0.0333  0.0236 65.4052
6560 6560 -5.6187  4.6995 65.9294
6880 6560 -0.9589  0.9890 101.7281
7200 6560  3.2090  0.0692 93.2543
7520 6560 -0.1019 -0.1821 68.0765
7840 6560 -7.1669  0.0004 63.7372
8160 6560  2.3720  3.4521 65.1987
8480 6560  0.0761  1.4744 69.1620
8800 6560  0.1197 -0.0203 76.5588
9120 6560 -4.5580 -3.4116 76.4155
9440 6560 -0.7719 -0.0720 77.6596
9760 6560 -0.3181  0.0643 64.5356
10080 6560  2.5614 -6.1114 98.6636
10400 6560  1.2895 -8.7360 103.8595
10720 6560 -1.0129 -1.0225 132.4680
11040 6560 -4.5943  0.6017 133.4688
11360 6560  1.5244  6.6452 109.9009
11680 6560 -6.4034 -0.1015 48.5944
12000 6560 -4.7885 -2.3577 50.7318
12320 6560  2.4157  6.8180 78.7217
12640 6560 -0.1111 -6.3540 72.5477
12960 6560  1.2742 -8.6417 113.1608
13280 6560  3.3512 -5.9813 95.0503
13600 6560 -2.7579 -8.4616 142.3149
13920 6560 -0.1450 -8.2761 82.3932
14240 6560  0.0221 -4.1375 83.7872
14560 6560 -0.0354 -3.9406 88.1309
3680 6880 -0.1208  0.1348 93.3221
4000 6880 -0.0375  0.0103 171.9744
4320 6880 -5.8656 -0.0902 129.6680
4640 6880  3.5154 -7.6394 96.4706
4960 6880  3.1500 -4.1546 75.4765
5280 6880 -4.8501  3.9808 132.0267
5600 6880  4.5551  2.6599 64.8482
5920 6880 -0.1917  0.0234 84.3619
6240 6880  2.0645  1.9894 42.7975
6560 6880 -0.0233 -0.1054 75.6552
6880 6880  3.2072  1.8035 262.7235
7200 6880  3.7667  0.0150 85.6352
7520 6880 -2.8383  0.5251 79.8762
7840 6880  0.0740  0.1494 55.2623
8160 6880  3.9294  0.0448 82.5676
8480 6880 -3.7692 -1.8084 108.6208
8800 6880 -3.1863 -0.0373 89.0423
9120 6880  4.7555  6.4886 67.7561
9440 6880  1.1796  2.7022 60.6338
9760 6880 -4.7343 -0.0133 55.8212
10080 6880  0.1151  1.7830 84.0845
10400 6880 -5.6719 -0.1323 83.2340
10720 6880  6.0174  0.0929 107.6902
11040 6880  3.2721  7.3861 105.4953
11360 6880 -0.1177 -0.0470 71.7057
11680 6880 -3.6996 -4.1556 61.8446
12000 6880  5.7517  1.3028 65.9442
12320 6880 -1.4674 -0.1279 94.9052
12640 6880 -8.1209  5.0299 49.2655
12960 6880  4.5242  5.4325 100.1737
13280 6880 -1.3534  2.6667 105.6989
13600 6880  1.7528  5.6391 116.6484
13920 6880  0.1412  6.0829 121.0546
14240 6880 -0.0710 -1.9018 60.9511
14560 6880  0.0265 -2.6752 79.3072
4000 7200 -0.1013  0.1425 75.3431
4320 7200  0.0133  5.3472 68.7579
4640 7200 -0.1418  4.0791 80.6705
4960 7200 -1.2100  4.0375 80.0356
5280 7200  5.8633 -4.4531 56.4312
5600 7200  4.0678 -1.5997 71.0595
5920 7200 -0.0928 -2.3166 152.1511
6240 7200 -4.7363  0.1273 184.3116
6560 7200 -4.2800  1.1650 65.1429
6880 7200 -0.1781  2.8495 94.9055
7200 7200  2.3803  5.3491 55.3968
7520 7200  3.1615  2.0308 65.7849
7840 7200 -0.0193  0.1321 79.0909
8160 7200  3.9736 -0.1065 55.4556
8480 7200  6.8215 -4.9588 93.5178
8800 7200 -3.8337  0.1084 90.5760
9120 7200 -0.0345  3.1020 67.6071
9440 7200  0.1278 -0.0808 66.5418
9760 7200 -0.1304 -1.9134 44.0998
10080 7200 -1.0557  3.1468 74.1239
10400 7200  0.0288  7.6178 44.8497
10720 7200  2.4896  7.1437 71.2931
11040 7200 -8.3143  2.0145 112.3388
11360 7200  0.0751  1.8156 81.7520
11680 7200  3.9137  1.2714 59.5909
12000 7200  0.0692  4.5241 100.7593
12320 7200 -2.4776  4.1344 68.5333
12640 7200 -4.4399  0.0369 123.5534
12960 7200 -0.1621 -4.2931 56.9797
13280 7200  3.0863 -1.0207 82.8065
13600 7200  0.0061  2.4190 92.8063
13920 7200 -0.0972  1.6749 122.3731
14240 7200 -0.0314  0.7810 92.4729
14560 7200 -0.0006 -0.0239 108.2648
4320 7520  0.0660  0.1073 48.2329
4640 7520 -0.0234 -3.8202 61.8224
4960 7520 -0.0536 -1.0636 83.1933
5280 7520 -0.0235  2.6626 63.6118
5600 7520  3.2863  0.6649 61.9765
5920 7520 -0.0191  0.0132 97.6036
6240 7520 -0.0155  0.0253 85.0844
6560 7520 -1.5621  1.1279 72.7495
6880 7520  1.4890 -0.0687 59.5122
7200 7520  3.8859 -0.1185 99.5701
7520 7520  5.9690  0.1522 88.9850
7840 7520 -6.7617 -4.5424 83.9713
8160 7520  0.0667  6.0454 54.9329
8480 7520 -0.7690  2.4612 70.1531
8800 7520 -2.3218  3.5008 75.8039
9120 7520 -7.1118 -0.1065 96.4652
9440 7520  2.1099  7.0747 82.9467
9760 7520 -4.2521 -0.1277 75.8133
10080 7520  0.6614 -4.2525 51.0216
10400 7520  0.0072  0.0699 119.2557
10720 7520  0.0349 -5.1128 95.4615
11040 7520  2.3956 -2.3600 95.6852
11360 7520  0.6001  3.7336 79.9636
11680 7520  3.0237  0.2746 85.4465
12000 7520 -4.0086 -5.6135 99.4903
12320 7520  1.5546  6.7433 76.2301
12640 7520 -4.8554  6.3008 96.9918
12960 7520 -0.1543 -4.6988 113.6533
13280 7520  3.6852  6.5854 82.9945
13600 7520 -1.9968  2.1030 84.3049
13920 7520  0.0104 -1.7158 74.5342
14240 7520  0.0403 -1.2329 83.3128
14560 7520 -0.0517 -1.1501 93.6801
3680 7840 -0.1031 -0.0730 46.2229
4000 7840  0.0438  0.0697 69.9938
4320 7840  0.0169  0.0143 76.1236
4640 7840  2.0390  5.3290 77.6973
4960 7840  0.0482 -0.1073 63.0885
5280 7840  2.9053  7.9544 125.5451
5600 7840 -0.0380 -0.0763 98.6826
5920 7840 -0.0048 -0.0457 102.9390
6240 7840 -0.0053 -0.0299 91.0239
6560 7840 -3.8137 -0.7483 97.0676
6880 7840  0.9323  2.7899 61.3297
7200 7840  0.1607  0.4251 95.8014
7520 7840 -0.0567  0.2512 247.0389
7840 7840  0.8181  6.6892 202.9843
8160 7840 -0.0157 -0.3113 72.5800
8480 7840  1.8849  0.0773 95.1996
8800 7840  0.9777  0.1919 75.3673
9120 7840  2.5472 -2.3555 160.9748
9440 7840 -0.0433 -2.3644 55.3577
9760 7840  8.0025  2.1955 54.9626
10080 7840 -0.0243  3.9239 83.6141
10400 7840 -0.0149  4.8022 107.8457
10720 7840  2.2716 -1.6553 105.5838
11040 7840  2.9756  3.8470 100.6508
11360 7840  0.0391 -7.5852 69.8178
11680 7840  2.6933  1.7188 42.9762
12000 7840  0.0437  8.7550 66.8145
12320 7840 -0.8089  0.9562 97.8898
12640 7840 -1.0410 -1.6139 91.5873
12960 7840  0.6184 -2.9969 100.8330
13280 7840  1.6346  3.3855 104.5307
13600 7840 -0.0516 -0.3600 80.8712
13920 7840  2.1945  1.1115 72.3431
14240 7840  0.0489 -0.5693 57.4979
14560 7840 -0.0332  2.0061 51.6280
3680 8160 -0.0546 -5.9683 69.9444
4000 8160 -0.0409 -6.6575 69.9408
4320 8160 -0.0470 -5.6390 99.4258
4640 8160 -0.8657  0.0010 105.8629
4960 8160  0.1368 -0.0554 89.0412
5280 8160  0.0755 -0.0355 108.6614
5600 8160  0.0146 -1.0794 86.5887
5920 8160  0.0523  0.1004 84.5976
6240 8160  0.0076 -0.7722 75.1717
6560 8160 -7.6475  4.7383 78.9107
6880 8160  3.3596  7.4075 92.2286
7200 8160  1.0374 -3.8189 145.3661
7520 8160  0.6440  0.1280 138.6649
7840 8160 -4.3627 -2.4450 49.8361
8160 8160  4.3799  0.3035 46.9453
8480 8160  0.0501 -0.0089 77.9069
8800 8160  2.4766  5.1303 193.1258
9120 8160  2.0653  0.1676 121.9112
9440 8160  0.0596  1.7694 52.6751
9760 8160 -0.8477 -0.1915 80.6074
10080 8160 -1.9462 -0.0188 56.9918
10400 8160  1.4635 -6.6638 81.1358
10720 8160  1.6988 -5.3901 110.2397
11040 8160  4.6667 -6.0911 108.7148
11360 8160 -6.5335  0.0248 105.7359
11680 8160  5.2676  5.4076 49.1659
12000 8160  0.0784 -6.6188 67.1486
12320 8160  0.9978 -2.9973 100.8715
12640 8160  5.7129 -7.6176 68.2557
12960 8160 -1.0176  8.5893 110.0801
13280 8160  1.7547  6.8078 83.3690
13600 8160 -0.0695 -6.2781 68.2634
13920 8160  0.1090 -2.4805 83.9353
14240 8160 -0.0194 -2.6601 60.0303
14560 8160  0.0765  1.8690 44.9109
4000 8480  0.0302  2.3687 55.8372
4320 8480 -0.0641 -0.0513 68.6900
4640 8480  5.0644 -6.6181 75.6231
4960 8480  1.3153 -6.0025 64.2026
5280 8480  0.0043 -0.0504 95.6957
5600 8480 -0.0632 -2.2777 68.5291
5920 8480 -0.0351 -7.9654 101.9677
6240 8480 -3.5123 -5.6207 85.4636
6560 8480 -0.0434 -0.2005 91.0465
6880 8480  4.3964 -5.5742 148.5287
7200 8480  1.2706 -0.0350 78.1529
7520 8480  0.6105  0.0644 76.2266
7840 8480 -0.3500 -1.8545 57.6400
8160 8480 -2.5622 -0.2832 47.3678
8480 8480 -0.2935  0.0293 145.7085
8800 8480  4.8112 -3.6380 118.8433
9120 8480  0.1225  3.2128 109.1339
9440 8480 -0.1027  0.0207 66.6018
9760 8480 -1.8085 -3.0629 68.9507
10080 8480 -0.0990 -0.1078 61.0209
10400 8480 -0.0836  1.0415 101.8238
10720 8480  0.1167  0.9581 50.0078
11040 8480  1.5791  6.3735 91.4771
11360 8480 -3.5722  0.1017 98.6900
11680 8480  0.0667 -0.3168 98.8958
12000 8480 -7.4364  5.1431 101.2832
12320 8480  0.1251  8.6016 109.3828
12640 8480  0.1226  8.4593 140.2585
12960 8480 -5.3253  3.4242 64.5338
13280 8480  0.0561  0.9541 46.9142
13600 8480 -0.0221  0.9685 51.4743
13920 8480  0.0358  1.4683 67.3157
14240 8480 -0.1563  4.3689 63.4166
14560 8480  0.0253  0.1897 66.4480
160 8800  3.9562 -1.6089 43.1529
4000 8800 -0.0117  0.7550 51.0978
4320 8800 -3.0018  2.9245 43.8405
4640 8800  0.0757  2.5278 45.4910
4960 8800 -0.0446  5.9010 65.0669
5280 8800 -4.0706  5.3083 69.4043
5600 8800  0.8869  0.0405 347.9971
5920 8800  0.8345  7.9562 85.5701
6240 8800 -8.2524 -0.0438 126.8067
6560 8800 -0.0102 -4.4229 159.5977
6880 8800  4.9925  7.0043 174.0922
7200 8800  2.3733  4.4264 101.8076
7520 8800 -1.5946  2.6344 44.3462
7840 8800  3.5160  6.9154 216.1740
8160 8800 -0.2860 -0.0836 83.0365
8480 8800  1.6436 -2.6777 67.5866
8800 8800 -2.2550 -2.3287 89.2644
9120 8800  3.6024  1.9178 65.4189
9440 8800  4.4789  6.9613 90.6433
9760 8800 -0.1324  1.4707 69.6324
10080 8800  1.9514 -0.0905 59.1383
10400 8800  0.0963 -2.5435 62.7864
10720 8800 -2.3242 -1.9920 79.1238
11040 8800 -0.0671  0.0892 104.7049
11360 8800 -7.4041 -6.3688 109.6803
11680 8800  5.5757 -0.0240 53.3400
12000 8800  0.7793  0.1518 87.5465
12320 8800  0.7907 -8.9520 102.4181
12640 8800 -2.3971 -9.1027 194.4423
12960 8800  0.1462 -7.2619 91.0838
13280 8800 -0.1522 -2.3417 71.1210
13600 8800  0.0135 -1.4243 57.7625
13920 8800 -0.0910  0.3264 59.9172
14240 8800 -0.0176  0.3490 66.8547
14560 8800 -0.0076  0.3759 62.8455
160 9120  0.0008  0.0021 52.7889
1440 9120  0.0660 -3.6854 59.1553
1760 9120  0.1054 -1.8565 73.6294
2080 9120  0.0198 -0.0947 86.8909
2400 9120  0.0316  0.0821 103.5633
2720 9120  0.0334  2.3046 62.6812
3040 9120 -0.0039  0.0699 66.9446
3360 9120  0.0156  0.1337 67.8557
3680 9120  0.0629  0.1460 66.1326
4000 9120 -2.5085  0.0122 56.0166
4320 9120 -3.6681 -2.9915 39.6443
4640 9120  2.6876 -0.0162 43.8880
4960 9120  0.0163  0.0714 60.1439
5280 9120  0.0713  3.7652 54.8637
5600 9120  0.0602  0.1027 47.1848
5920 9120  1.6029  6.8158 84.0112
6240 9120 -8.7202 -0.1356 99.5362
6560 9120  2.9713  2.8066 79.7711
6880 9120  4.0534 -0.6162 62.4481
7200 9120  0.4387  8.5746 170.4166
7520 9120 -1.2056  2.7992 79.5717
7840 9120 -3.9890 -1.4980 52.4736
8160 9120  2.4604  0.0925 76.7729
8480 9120  0.7601  0.1075 69.8673
8800 9120  3.9864  8.0152 113.6399
9120 9120  1.3019 -4.4813 72.4283
9440 9120 -8.5851  0.2968 115.6612
9760 9120  2.7545  6.3063 89.9360
10080 9120  0.0649  0.0870 63.6086
10400 9120  0.0409  0.1019 109.8917
10720 9120 -0.0672  0.0195 55.9421
11040 9120 -2.2609  3.5297 61.4252
11360 9120  0.0154  6.7775 111.6298
11680 9120 -1.1747 -3.5651 39.9822
12000 9120  3.4032  3.2160 75.2168
12320 9120  0.0263  0.0270 153.0306
12640 9120  2.9233  4.2480 107.5721
12960 9120  0.1044 -0.5642 78.8203
13280 9120 -0.0225 -1.6301 95.2291
13600 9120  0.0052  0.8901 69.0546
13920 9120 -0.0558  4.8434 63.4607
14240 9120  0.0194  4.5546 75.8085
14560 9120  0.0934 -0.6493 57.1251
160 9440 -0.0004 -0.0024 77.0396
800 9440  0.0242 -0.0240 44.2655
1120 9440 -0.0391  7.8333 62.2601
1440 9440  0.0136 -0.0023 94.5885
1760 9440  0.0211  0.0644 66.0879
2080 9440  0.0808 -0.1604 75.8409
2400 9440 -0.0534 -0.1526 91.8419
2720 9440  0.0999 -0.0404 102.7438
3040 9440  0.0592 -0.0304 133.8122
3360 9440 -0.0610  0.0270 135.0548
3680 9440 -0.0619  0.0765 109.8871
4000 9440 -0.0665  1.7706 106.7747
4320 9440 -0.1181  4.8649 75.3393
4640 9440  0.1386  4.4568 79.0766
4960 9440  0.0086 -0.0980 100.9935
5280 9440 -0.1162 -0.0416 102.1338
5600 9440  0.0383 -1.0094 96.7777
5920 9440  3.1282  0.1025 102.1820
6240 9440 -5.0145  1.4282 162.8907
6560 9440  3.0533  3.2486 82.3644
6880 9440  0.0343  0.4299 80.2155
7200 9440  8.9667 -5.2476 128.1884
7520 9440  0.0190 -0.0696 96.3826
7840 9440 -1.3458 -5.9411 62.2774
8160 9440  3.8973  3.2503 76.7620
8480 9440 -0.0325  1.2970 81.3236
8800 9440  1.6186 -0.7964 186.4081
9120 9440  0.6633 -0.2402 75.2144
9440 9440 -0.0358 -3.7689 109.2217
9760 9440 -4.6886 -4.0226 100.0742
10080 9440  0.0315  0.0192 63.3357
10400 9440  0.1291  0.0683 93.0319
10720 9440 -5.2449 -2.0421 53.0320
11040 9440 -4.9669  1.7366 73.4408
11360 9440  1.4039 -3.4638 69.6262
11680 9440 -0.0153  0.0550 58.4865
12000 9440  3.7618  0.9771 67.6272
12320 9440  0.0142  0.0946 103.9841
12640 9440 -0.0786  0.1600 109.8241
12960 9440 -4.2498  2.5786 112.8723
13280 9440 -0.0722  5.7087 71.4417
13600 9440 -0.2332  2.5867 46.9768
13920 9440  0.0830 -4.3007 62.6653
14240 9440  0.0205 -4.2345 75.5362
14560 9440  0.0293  0.2109 82.4673
160 9760  0.0003  0.0013 173.6384
480 9760 -0.1081 -0.0567 72.0167
800 9760 -0.0063 -0.9440 54.2529
1120 9760 -0.0570 -1.0680 77.5131
1440 9760 -0.0322  5.3177 49.1663
1760 9760  0.1356  1.8166 74.6991
2080 9760  0.0565  0.0414 113.2670
2400 9760 -4.2287 -8.2824 90.6964
2720 9760 -0.1089 -6.9289 83.5041
3040 9760  2.5196  1.7181 81.4368
3360 9760  0.1449 -3.0271 52.7579
3680 9760 -0.0004 -0.0407 86.6046
4000 9760 -0.0196 -0.0072 131.8290
4320 9760  0.0665  0.0452 113.7155
4640 9760  0.0800  0.0567 130.0895
4960 9760  0.0171 -0.0052 133.8877
5280 9760  0.4454  0.0596 104.4097
5600 9760  0.4613  0.0610 125.1312
5920 9760  0.9899  0.0446 152.3310
6240 9760  4.2037 -4.8134 77.6571
6560 9760 -0.3148 -8.7001 89.7140
6880 9760 -1.6990 -2.5001 68.7435
7200 9760  5.2501 -3.9964 147.6699
7520 9760  2.2515  5.6228 73.1887
7840 9760 -0.0393  7.5091 93.3067
8160 9760  2.5181  0.0914 107.2714
8480 9760 -0.1319  0.1235 104.3624
8800 9760  5.8680 -0.0638 91.9814
9120 9760  3.9704  0.2190 50.5387
9440 9760  0.0770  3.6278 87.4565
9760 9760 -7.9840 -1.7695 67.8400
10080 9760  3.2743 -2.6370 84.8920
10400 9760  1.6871 -2.6464 66.4890
10720 9760  0.0111  4.6020 65.3134
11040 9760 -0.0793  1.7014 52.6241
11360 9760  0.0095  0.0781 68.5322
11680 9760 -0.0204  0.0151 118.7053
12000 9760  5.3046 -6.6515 53.0226
12320 9760 -4.1926 -0.0259 99.4339
12640 9760 -5.1991 -5.1225 58.2657
12960 9760 -0.1217 -0.1027 93.7620
13280 9760  0.5157 -0.0575 85.0741
13600 9760  0.0330 -1.2784 90.1835
13920 9760  0.0454 -0.0140 76.0190
14240 9760 -0.2260  0.0375 73.2671
14560 9760  0.0457  1.6316 73.9188
160 10080 -0.0002 -0.0002 4929.1812
480 10080  0.0050  0.0373 45.2953
800 10080  0.0318  4.1713 63.5890
1120 10080  0.0715  0.3993 83.8432
1440 10080 -0.0835 -5.9212 44.8953
1760 10080 -2.7339 -6.7630 78.2017
2080 10080 -0.1125  2.3972 61.6279
2400 10080  0.1361  7.6243 79.5861
2720 10080  0.1507  5.8036 79.9483
3040 10080  0.0875  3.6197 104.0038
3360 10080 -0.1170 -4.5400 105.8292
3680 10080 -0.0016 -1.3333 86.3500
4000 10080  0.7291 -1.2329 114.4758
4320 10080  1.1005  0.0448 79.5742
4640 10080  0.0219  0.0265 126.7926
4960 10080 -7.0237 -3.8887 100.8687
5280 10080  2.7496  3.2723 74.4133
5600 10080  1.8473 -6.9381 75.9928
5920 10080 -4.4912 -0.0943 97.8870
6240 10080  3.5135  0.0465 72.8285
6560 10080 -2.3312 -0.1367 101.8000
6880 10080 -2.8253 -1.8202 161.4785
7200 10080  2.2780  5.0105 116.5323
7520 10080  4.9807 -3.1259 93.5080
7840 10080  3.4320 -0.0829 91.8584
8160 10080 -0.0122 -0.0549 95.1888
8480 10080 -4.3134 -3.5503 68.7298
8800 10080  2.8601  5.7152 56.5882
9120 10080  0.5665 -3.8868 76.0149
9440 10080 -0.1188  0.1249 106.8893
9760 10080 -0.1294  0.2942 78.6472
10080 10080 -3.6906 -1.2029 51.5022
10400 10080 -0.0608 -4.2913 80.8720
10720 10080 -5.4500 -8.0578 71.3127
11040 10080 -6.0323 -5.3690 76.9050
11360 10080 -0.0375  0.1201 77.5503
11680 10080  1.0929  6.2229 92.2291
12000 10080 -0.0033  0.0365 126.0582
12320 10080 -0.0761 -5.3725 60.5159
12640 10080  1.6372 -5.3721 80.7296
12960 10080 -0.9591  6.3359 97.7750
13280 10080  0.1037  4.9138 95.0533
13600 10080  0.1351 -0.4769 76.5541
13920 10080  0.0324 -0.0159 138.3555
14240 10080  0.0226 -2.0484 73.7213
14560 10080 -0.0024 -0.0132 51.6771
160 10400 -0.0116 -0.2703 4551.1102
480 10400 -0.0099 -0.0063 78.2979
800 10400 -1.1752 -5.3529 49.7722
1120 10400 -1.1121 -6.7061 57.5037
1440 10400  1.6358  5.2626 46.0596
1760 10400  0.0125  0.0346 50.0808
2080 10400  0.0692 -0.2846 56.0180
2400 10400  1.2794  0.0592 101.4841
2720 10400 -0.2636 -0.1297 95.8711
3040 10400 -0.0189 -0.0432 100.5723
3360 10400  0.0493  3.3729 86.1773
3680 10400 -0.0579 -4.1993 106.8211
4000 10400 -0.1454 -7.7967 68.4740
4320 10400 -0.0826 -4.9242 80.9938
4640 10400 -0.2126 -7.5617 82.2165
4960 10400  1.0468 -0.0360 71.6809
5280 10400  1.0567  0.0483 83.1732
5600 10400 -0.0620  2.2055 109.2304
5920 10400 -0.0745 -5.3422 67.4143
6240 10400 -4.9235 -7.3104 93.3804
6560 10400  5.3126  0.0389 68.9898
6880 10400 -0.0166 -7.2689 68.4563
7200 10400 -5.6311 -7.6992 114.0256
7520 10400  0.3799 -4.2570 84.1753
7840 10400 -0.0864 -5.1077 92.1562
8160 10400  3.1196  6.3247 182.6600
8480 10400 -0.1337  4.7439 121.8801
8800 10400 -0.0015  0.0042 81.0865
9120 10400  0.6306  3.0644 79.2941
9440 10400  2.4072  6.1597 106.6443
9760 10400 -0.9391  1.7347 152.4244
10080 10400  0.5348  6.6676 62.3787
10400 10400  2.7601  4.5159 60.2957
10720 10400 -4.4904  0.0182 79.3758
11040 10400 -0.1082  3.7948 81.6893
11360 10400  0.0960  4.3101 80.8806
11680 10400  3.3094  0.0087 64.7203
12000 10400 -0.0042 -0.0239 84.8351
12320 10400 -0.1253  0.7351 140.5887
12640 10400  0.0245  0.5241 69.5754
12960 10400  5.3158  0.0051 62.2571
13280 10400  5.8141 -6.3373 101.0198
13600 10400 -0.1550  7.0743 67.1826
13920 10400 -0.0895  6.8715 71.3389
14240 10400 -0.0157 -1.1039 60.6481
14560 10400  0.0007 -0.0033 96.6098
480 10720 -0.0010 -0.0077 397.7186
800 10720  0.5830  4.6189 44.5398
1120 10720  0.1530  5.1641 52.9202
1440 10720  0.1012  0.1124 63.3381
1760 10720  0.1599  6.0067 67.1911
2080 10720  0.1228  0.6676 89.1161
2400 10720 -0.0611 -0.0523 82.5303
2720 10720 -6.0172 -8.2712 124.1022
3040 10720  1.1820 -7.0208 106.8555
3360 10720 -1.8074 -5.8607 75.7899
3680 10720 -6.4586 -0.0919 72.1382
4000 10720  0.0327  0.0446 111.2139
4320 10720 -0.5838  0.0793 81.1623
4640 10720  0.1484 -0.0089 118.6869
4960 10720 -0.1461 -0.0054 143.3909
5280 10720 -6.0272 -4.8724 72.1338
5600 10720 -3.6074 -7.9365 55.7797
5920 10720  0.1157 -0.0308 167.6345
6240 10720  0.0006  0.0316 112.2304
6560 10720  2.5381  0.1100 86.0579
6880 10720  0.0595 -0.0216 149.1641
7200 10720  0.0160 -0.0434 118.7645
7520 10720  0.1200  2.0864 80.1399
7840 10720 -0.0013 -0.0322 81.1668
8160 10720 -8.3584 -1.5643 67.1828
8480 10720  1.4350  0.1135 82.8169
8800 10720 -0.1056  0.0288 110.6266
9120 10720 -2.5413 -3.1886 79.4197
9440 10720 -0.2667 -4.5498 57.7577
9760 10720 -0.0570  0.0806 128.4646
10080 10720  1.0642 -7.9259 78.3939
10400 10720 -0.5823 -0.0217 85.3942
10720 10720 -1.6858  0.6865 60.4450
11040 10720  0.1161 -2.0009 120.4213
11360 10720  0.0501  0.0797 77.2485
11680 10720  0.1135 -7.0103 55.1513
12000 10720  0.0232 -0.6491 87.8877
12320 10720  0.0765  5.8312 91.8141
12640 10720 -5.3654  5.8832 80.1368
12960 10720 -0.0103  4.3601 62.5844
13280 10720 -0.0615  0.1367 81.2674
13600 10720 -0.0094  0.0436 66.3558
13920 10720  2.2557 -6.6618 74.5142
14240 10720 -0.0189  0.0284 41.1737
14560 10720  0.0007  0.0038 816.8284
480 11040 -0.0061 -0.5276 5851.4276
800 11040  0.0083  0.0174 69.8309
1120 11040  2.7972  5.4657 58.8456
1440 11040  0.1453  2.1600 64.8764
1760 11040  0.0736  0.0320 103.7038
2080 11040 -6.5402 -6.7347 119.7658
2400 11040 -4.2385 -2.2577 49.2812
2720 11040  6.4937  3.1134 85.8330
3040 11040 -6.0754 -5.6343 70.8510
3360 11040 -7.1696 -4.3081 61.2275
3680 11040 -0.0645  5.8541 74.7444
4000 11040  0.3489  5.5132 131.9334
4320 11040 -0.1585 -0.0381 109.0978
4640 11040 -0.0070  2.6462 95.2830
4960 11040  0.5435  4.9326 94.0325
5280 11040  0.0880  3.1040 82.0420
5600 11040 -1.9726 -0.0188 56.0954
5920 11040  2.3218  6.9061 111.1631
6240 11040  0.4316  0.1240 75.3337
6560 11040  0.1523  0.1210 72.0644
6880 11040  0.1116  1.7499 79.4012
7200 11040 -0.1480 -0.0837 91.5528
7520 11040 -0.0582 -3.6702 73.2109
7840 11040 -0.0301 -3.2302 99.4959
8160 11040 -7.6271 -2.4480 86.6904
8480 11040  0.0356 -0.0780 102.7892
8800 11040  0.0589  0.9464 107.6908
9120 11040  5.4881  4.0592 82.7838
9440 11040 -3.4808  2.1166 92.2764
9760 11040  0.9099  3.9786 95.3964
10080 11040  3.6384  4.9733 80.4385
10400 11040 -0.5568 -5.7791 83.6222
10720 11040  0.1662 -1.7945 55.1844
11040 11040  0.0460 -0.1291 91.8395
11360 11040 -4.5770 -6.3154 77.0153
11680 11040 -0.0985  0.0393 50.9332
12000 11040  0.0646  5.9128 91.8681
12320 11040  0.0879 -3.1952 76.8258
12640 11040 -0.0271 -6.3445 76.9370
12960 11040 -0.0461  0.0168 70.4839
13280 11040 -0.0903  2.2747 63.2967
13600 11040 -5.3929  0.1060 96.9679
13920 11040  0.1572 -2.6723 61.0481
14240 11040  0.0013 -0.0033 83.6347
800 11360  0.0009  0.0002 480.5491
1120 11360 -0.0267 -0.0200 54.3897
1440 11360 -1.1516 -2.7941 62.6180
1760 11360 -5.8692 -7.4554 105.7164
2080 11360  4.1307  1.0519 60.3175
2400 11360  5.2205  6.2802 98.6724
2720 11360 -0.0960  1.5067 96.5539
3040 11360  0.0104 -0.0022 91.9850
3360 11360  0.0725  2.8895 78.0567
3680 11360  5.0130  0.4116 102.3175
4000 11360 -7.9205 -5.7190 77.0820
4320 11360  0.0502  0.4044 100.3794
4640 11360  4.0524  6.1068 137.0168
4960 11360 -5.3021  0.5723 80.5981
5280 11360 -8.3171 -5.3264 104.2455
5600 11360  5.8757  4.1804 75.7040
5920 11360  2.1012  0.0404 72.2366
6240 11360  0.6082  3.8589 48.5156
6560 11360  0.0759  1.4779 110.9226
6880 11360 -5.3875 -4.0284 97.7588
7200 11360 -2.1679  0.5996 73.2820
7520 11360  7.6212 -3.0313 85.4514
7840 11360 -2.0516 -6.8533 78.8966
8160 11360  0.0648  1.5935 73.1418
8480 11360  0.7321  0.0215 87.9603
8800 11360  0.1176  0.8033 94.1911
9120 11360  2.4583  0.7825 109.7240
9440 11360 -0.5854 -0.0127 115.5838
9760 11360  1.9846 -0.0564 103.1145
10080 11360 -0.1088 -5.9589 80.7771
10400 11360  1.9618  6.9685 58.7398
10720 11360  1.5781  4.0424 44.8826
11040 11360 -3.9340 -2.6081 51.4640
11360 11360  0.0291  0.1542 73.3181
11680 11360  0.0832  4.2409 43.8584
12000 11360  0.0683  4.8654 117.2917
12320 11360  0.0426 -1.3916 71.8597
12640 11360  0.0497 -0.0896 137.7866
12960 11360  0.0513 -0.1032 111.3208
13280 11360  5.2826 -7.2295 74.2745
13600 11360 -0.1020  0.1356 95.2616
13920 11360 -0.0240  0.0161 46.4466
14240 11360  0.0016  0.0009 956.1929
800 11680 -1.5047  0.8125 10239.9976
1120 11680 -0.0063 -0.0127 101.4091
1440 11680 -6.7601 -7.4424 87.2836
1760 11680  1.1420  5.3878 72.7227
2080 11680  4.2972  6.5743 87.9269
2400 11680  0.0362  0.0352 130.4106
2720 11680  0.1556  3.4526 44.7315
3040 11680  3.6323  3.2293 51.8405
3360 11680  4.8782  2.6551 56.5798
3680 11680 -4.8492 -7.8944 71.0442
4000 11680  6.9727  0.1364 116.5686
4320 11680  0.2596  0.0411 95.5216
4640 11680  0.0651 -0.0372 80.5721
4960 11680 -4.7466  0.0645 100.6300
5280 11680  0.4130  0.1442 80.7843
5600 11680  2.9964  2.5135 88.9427
5920 11680 -7.4976 -0.0340 76.9559
6240 11680  0.1469  0.0126 54.6719
6560 11680 -5.6326 -0.2306 53.4332
6880 11680  0.0503  0.6099 134.0259
7200 11680  3.7755  1.1430 93.2257
7520 11680  0.0619  2.4802 73.6464
7840 11680  2.3404  5.7306 52.9207
8160 11680 -0.0477  0.0961 111.4923
8480 11680  0.3421  0.1021 108.2813
8800 11680  0.1174  0.6130 67.8886
9120 11680  3.0173 -7.3127 58.5552
9440 11680 -6.4210 -6.2681 64.4870
9760 11680  0.0433 -0.0190 89.5410
10080 11680  2.4328  4.6400 70.5084
10400 11680  6.7500 -2.6753 75.8000
10720 11680 -2.2269  0.0420 63.7799
11040 11680 -0.0632  0.1155 78.4965
11360 11680 -0.0181  3.8183 96.2483
11680 11680  0.0132 -1.5911 103.2881
12000 11680  0.0679 -2.5768 77.5254
12320 11680 -1.7336  2.6422 88.5446
12640 11680 -0.0760  0.6437 110.9154
12960 11680  0.1268 -0.1502 85.3245
13280 11680 -0.0265  0.0057 85.4810
13600 11680 -0.0025  0.0054 77.4760
13920 11680  0.0013  0.0002 133.0798
1120 12000  0.0027 -0.0043 6534.1559
1440 12000  0.0298  0.0424 54.6497
1760 12000 -0.0148 -0.0593 89.5126
2080 12000  0.0217  0.0314 198.1722
2400 12000  0.1104  0.9339 77.1142
2720 12000 -2.6065 -0.0025 55.1230
3040 12000  3.8178  2.8030 56.9689
3360 12000 -5.2126  0.0226 79.0957
3680 12000  4.4247  2.1610 71.9837
4000 12000 -1.1057 -0.0577 52.2252
4320 12000  2.0502  0.1373 61.7031
4640 12000  0.0018  1.0823 85.9916
4960 12000 -0.0632 -0.0478 98.1168
5280 12000 -0.4591 -1.7490 89.8637
5600 12000 -6.4534 -1.3304 97.3855
5920 12000  4.4009 -7.4639 61.3455
6240 12000  0.0065 -2.6834 74.6799
6560 12000 -9.0340 -0.4383 70.0009
6880 12000  2.2358 -0.0365 83.0702
7200 12000  1.0203  0.3558 80.9286
7520 12000 -6.3079 -1.0143 116.1786
7840 12000  2.8182  6.4668 97.7317
8160 12000  4.0049  5.3233 82.7367
8480 12000  0.0548  0.0065 77.5622
8800 12000  0.6738  0.0185 104.2701
9120 12000 -3.9696  5.2404 76.2390
9440 12000 -6.9727  5.3287 87.8510
9760 12000  3.7002  6.6329 114.3656
10080 12000 -0.5562 -0.0434 77.4714
10400 12000  4.3087  1.3306 68.7406
10720 12000 -0.1062 -0.0314 102.3376
11040 12000 -0.0003 -0.4943 65.3635
11360 12000  0.0040 -0.5297 77.9466
11680 12000 -0.0097 -0.0210 86.2349
12000 12000  3.1505  0.0504 110.9306
12320 12000  1.3187 -0.0556 47.7725
12640 12000 -3.6993  1.0879 46.2118
12960 12000 -1.7062  0.0853 86.8076
13280 12000  0.1274 -0.0812 67.3509
13600 12000  0.0020 -0.0007 66.3861
13920 12000  0.8307  5.7209 13653.3276
1440 12320  0.0018  0.0017 582.9357
1760 12320 -0.0106  0.0084 52.9045
2080 12320  0.7543  0.1402 78.5830
2400 12320 -5.4655 -6.5655 55.7431
2720 12320  3.6690  2.3438 47.7885
3040 12320 -2.1375 -2.0872 73.3311
3360 12320  0.0409  0.0822 56.0361
3680 12320  1.3916 -0.0832 99.9809
4000 12320  6.1245  5.4815 65.3618
4320 12320 -0.3228  0.0005 117.8366
4640 12320 -1.9666 -3.3979 93.9076
4960 12320  0.0964  0.0448 84.1620
5280 12320  0.6776  4.7019 81.9135
5600 12320 -5.0386  6.7150 81.2450
5920 12320  3.6628  5.6706 111.4105
6240 12320 -2.2829  0.0081 89.7826
6560 12320  0.0227  5.9147 89.9952
6880 12320  4.4253  1.1702 64.2342
7200 12320  0.9215 -0.1411 87.3574
7520 12320  2.7296  7.3366 177.2544
7840 12320  3.9331  0.0741 121.8521
8160 12320 -4.3596 -0.8560 60.2402
8480 12320 -0.0263  0.0467 124.5197
8800 12320  0.0754  0.1250 77.6719
9120 12320 -0.0178  0.1329 104.2101
9440 12320 -6.3426 -1.1548 98.1896
9760 12320  2.8646 -0.0558 74.4557
10080 12320 -2.5288 -0.1246 67.6216
10400 12320  0.0573  0.0690 67.9010
10720 12320 -5.9380  3.8710 111.3764
11040 12320 -0.0387 -0.0611 121.5838
11360 12320 -0.0043  0.0319 60.8980
11680 12320  0.6321  0.0821 97.2965
12000 12320 -1.8930  0.5396 70.3860
12320 12320  1.3250 -1.3452 57.0403
12640 12320  0.1976 -4.6477 58.3228
12960 12320 -0.0643  4.8190 51.1517
13280 12320 -0.0085  0.0171 51.2928
13600 12320 -0.0006 -0.0010 1097.3372
1760 12640 -0.0043 -0.0038 273.6417
2080 12640 -0.0173 -0.0227 43.2368
2400 12640  2.2191  1.1740 47.5019
2720 12640 -1.4762 -2.7589 63.0893
3040 12640  0.7759  1.0718 60.0713
3360 12640  1.0179  0.0708 121.1050
3680 12640  3.5137  7.5603 116.1178
4000 12640  0.1074  0.0225 127.5426
4320 12640 -1.1973  0.1202 69.2132
4640 12640  0.1429  0.1494 134.8737
4960 12640  5.8679  3.8778 81.3148
5280 12640  0.4737  0.1549 88.9840
5600 12640 -0.3589 -5.1415 78.7041
5920 12640  1.7571 -7.5562 86.8228
6240 12640  6.8872 -1.4091 77.7462
6560 12640  4.0495  2.2477 114.7369
6880 12640 -0.7497 -0.1556 76.0193
7200 12640 -4.8243 -0.0158 74.4272
7520 12640  4.4492 -3.8003 116.6927
7840 12640  4.8217 -7.2925 85.9530
8160 12640 -2.7417  0.0391 61.5376
8480 12640  0.0280 -0.0429 98.7282
8800 12640 -0.0048  0.0490 146.3580
9120 12640 -5.0000 -0.0378 71.5889
9440 12640  0.0095  0.0222 77.9419
9760 12640  3.1905  0.0923 73.3878
10080 12640 -3.3375  0.0745 59.9764
10400 12640  2.3094  2.9922 85.3237
10720 12640  0.0574  0.0090 75.8154
11040 12640 -5.1309  7.1330 89.1347
11360 12640  0.0631 -0.1121 106.0680
11680 12640 -0.0271  0.1182 114.2277
12000 12640 -0.1228  0.1430 105.3428
12320 12640 -1.4478  1.1145 71.6809
12640 12640  0.0578 -2.9923 64.7292
12960 12640  0.0238 -0.0273 46.1193
13280 12640 -0.0016  0.0001 414.6975
2080 12960  0.0051  0.0000 222.0245
2400 12960  0.0018  0.0025 45.6522
2720 12960 -4.8649 -6.3458 58.1970
3040 12960  0.1214  0.1373 159.2225
3360 12960  6.3284  4.8045 134.4791
3680 12960 -2.2429 -0.0807 89.5922
4000 12960 -4.3809 -5.0094 59.7215
4320 12960 -3.4281 -6.4757 97.2658
4640 12960  3.1863  0.0059 69.5272
4960 12960  0.0683  4.0382 74.2988
5280 12960 -6.0096 -2.9401 47.9380
5600 12960 -0.3293 -0.0596 72.0979
5920 12960  0.3630 -3.0364 71.0261
6240 12960 -0.0093  3.5123 71.8029
6560 12960 -7.7327 -2.0202 100.7304
6880 12960  1.2622 -0.0580 61.1614
7200 12960 -3.0378 -4.5488 79.4557
7520 12960  4.4186  2.1926 85.5543
7840 12960 -0.0223  4.8118 107.3507
8160 12960  3.2470  3.6936 73.0559
8480 12960  0.1220  0.1133 79.0409
8800 12960 -0.0206 -0.0650 108.9080
9120 12960  0.2006 -0.0935 69.1576
9440 12960  8.1888 -2.7386 86.2167
9760 12960  0.0222  0.0531 149.3035
10080 12960  0.9495  0.0332 98.9352
10400 12960 -0.0145  0.0836 67.8152
10720 12960 -0.1077  1.4216 82.9706
11040 12960  1.0245 -5.2866 57.2534
11360 12960 -0.0786  0.1614 110.2106
11680 12960  0.1138 -0.4900 62.0690
12000 12960 -0.2070  0.0439 112.0521
12320 12960 -0.0870  0.0178 117.6182
12640 12960  0.0095 -0.0088 46.6900
12960 12960  0.0001 -0.0004 306.2457
2400 13280 -0.0002 -0.0015 287.0674
2720 13280 -0.0142 -0.0224 48.9764
3040 13280  5.2493  5.2967 65.5877
3360 13280 -3.5078 -0.0035 77.9750
3680 13280  5.2973  4.1812 61.2269
4000 13280 -3.9877 -5.6110 64.8541
4320 13280  0.1488  0.1436 102.5660
4640 13280  5.4417  0.9849 69.4835
4960 13280 -2.6656 -4.9515 68.1723
5280 13280 -4.9454 -6.0507 65.6903
5600 13280 -5.4995 -0.0260 69.3835
5920 13280 -0.2283  0.1429 65.9146
6240 13280 -9.2834 -0.1215 116.4346
6560 13280  0.0824  0.1075 129.3573
6880 13280 -4.3309  0.1296 56.7441
7200 13280  5.9801  0.0959 89.4343
7520 13280 -0.0840 -5.4043 66.5643
7840 13280  0.0703 -6.6956 88.6353
8160 13280 -1.0944  0.0016 95.1725
8480 13280  1.7179 -0.0538 92.0971
8800 13280 -0.6831 -0.0704 63.3632
9120 13280 -0.0983  0.0208 50.0979
9440 13280  2.1839  0.1001 75.2204
9760 13280  0.1192  0.0253 79.7910
10080 13280  2.3622 -0.0250 102.1319
10400 13280 -0.0449  0.0435 151.3407
10720 13280 -3.9812 -0.0431 65.7422
11040 13280 -0.0973  4.6855 124.0836
11360 13280 -0.1018  0.0952 82.6150
11680 13280  0.0594 -0.0662 124.0820
12000 13280  3.0487 -0.0534 56.4764
12320 13280 -0.0032  0.0015 51.4118
12640 13280  0.0011 -0.0012 414.8285
2720 13600  0.0045  0.0041 656.7368
3040 13600  0.0046  0.0036 59.5581
3360 13600 -0.0852 -0.0781 90.6911
3680 13600 -6.8692 -4.2635 127.4955
4000 13600 -8.0789 -5.0827 76.1073
4320 13600  5.3653  0.1520 76.0981
4640 13600 -6.4215 -2.1240 68.5735
4960 13600 -0.1441 -1.0192 92.2996
5280 13600  5.6208  0.1008 88.9910
5600 13600 -5.7302  0.0042 98.9412
5920 13600  6.3153  3.8947 51.0708
6240 13600 -8.1027 -3.3907 89.8957
6560 13600  0.1020  0.0342 109.7036
6880 13600  6.7556 -0.0670 57.3634
7200 13600  4.9656  0.1093 65.8003
7520 13600 -3.3239  0.1251 86.0147
7840 13600  0.0358  0.1548 95.0414
8160 13600 -0.9431 -0.0782 96.4741
8480 13600  1.3499 -0.0284 103.1897
8800 13600  3.8180  0.0428 103.3170
9120 13600 -0.0925  0.0486 108.0891
9440 13600  0.1180 -0.0421 113.6436
9760 13600 -0.5569  0.0841 139.6627
10080 13600  2.6743 -0.0198 120.2024
10400 13600  0.2446  0.0091 43.5670
10720 13600 -0.1375  0.1044 48.1126
11040 13600 -0.0020 -0.0275 97.2957
11360 13600 -3.6534  0.0514 102.3337
11680 13600 -2.2903  5.9876 69.5024
12000 13600 -0.0066  0.0035 68.0715
12320 13600  0.0051 -0.0019 1099.0299
3040 13920  0.0094  0.0065 7704.0283
3360 13920 -0.0030  0.0019 110.6789
3680 13920  0.0398  0.0173 45.6595
4000 13920  0.1388  0.1212 85.0075
4320 13920  6.1316  1.4388 77.2800
4640 13920 -4.8515 -0.1159 65.6404
4960 13920 -5.4285 -0.3234 96.4769
5280 13920  4.2311  0.2566 86.7604
5600 13920  4.6484  0.1211 88.3243
5920 13920  2.2013 -0.0140 55.3868
6240 13920 -4.0404 -0.1161 47.5943
6560 13920  0.7264  0.0253 66.1727
6880 13920  6.9115  0.0830 86.2532
7200 13920  1.0391  1.0092 84.1711
7520 13920 -0.6248  0.0087 73.4578
7840 13920  0.0821  0.0794 105.8172
8160 13920 -0.4031 -0.0746 103.6839
8480 13920  2.3813  1.3047 84.1784
8800 13920  2.9745  2.5533 51.4136
9120 13920 -0.1440  0.0689 104.8442
9440 13920  0.1526 -0.1118 67.8993
9760 13920 -0.8964 -0.0488 137.1200
10080 13920  0.0925 -0.1405 68.5169
10400 13920 -2.7631  0.1290 65.6398
10720 13920 -0.0335 -0.0033 86.9343
11040 13920 -0.0577  1.6820 69.9274
11360 13920 -0.0105  0.0121 48.2932
11680 13920  0.0034  0.0056 133.0673
12000 13920  3.5470 -0.0027 2089.7960
3360 14240  3.2249  0.0665 20479.9939
3680 14240 -0.0070 -0.0036 635.3481
4000 14240  0.0332  0.0166 75.6371
4320 14240 -6.2931 -1.6155 41.7705
4640 14240 -1.2996 -0.1212 81.0668
4960 14240  4.9158  0.1591 85.4930
5280 14240  4.1037  0.0373 74.9938
5600 14240  4.8355  0.0092 83.6620
5920 14240  0.2423  0.0674 88.4799
6240 14240  3.5082  0.1042 93.9466
6560 14240  2.3835  0.0258 60.5274
6880 14240  4.9150 -0.0284 86.7223
7200 14240  3.0724 -0.7441 83.3411
7520 14240  0.2437 -1.2319 72.4075
7840 14240  0.0373 -0.0072 112.1752
8160 14240  0.0181 -0.0468 97.7052
8480 14240 -0.0213  0.0376 58.9938
8800 14240 -7.6867  0.0211 85.2985
9120 14240  0.1310 -0.0542 65.6517
9440 14240  0.7497 -0.0042 89.5886
9760 14240 -0.9551 -0.0008 158.9384
10080 14240  0.1007 -0.0638 81.8770
10400 14240  2.5350 -1.1729 88.9856
10720 14240  0.0028  0.0074 44.8774
11040 14240  0.0027 -0.0012 83.6917
11360 14240 -0.0004 -0.0032 944.3861
4320 14560 -0.0101 -0.0027 574.4949
4640 14560 -0.0172  0.0020 88.6307
4960 14560  4.9800  1.6028 68.2347
5280 14560  9.5101  0.7446 95.2862
5600 14560  7.9857  0.0654 63.9649
5920 14560  0.1571  0.1211 113.9330
6240 14560  5.0064  0.0997 94.7829
6560 14560  2.2314  0.0102 59.2856
6880 14560  4.8815  0.0123 84.6826
7200 14560  6.5293  0.9349 97.4790
7520 14560  5.0630 -0.6125 82.2983
7840 14560  0.0365 -0.0027 106.3231
8160 14560  0.0007  0.0236 110.2029
8480 14560 -0.1240  0.0933 82.1566
8800 14560 -5.6521  0.0198 62.6672
9120 14560  2.4394 -0.0857 81.5427
9440 14560  1.9621 -0.0210 63.0408
9760 14560 -0.0218 -0.0207 124.7176
10080 14560  0.0019 -0.0018 52.1058
10400 14560  0.0021 -0.0016 96.7070
10720 14560  0.0086  0.0004 807.9638
  0   0 -0.8966 -0.1844  0.0000
  0   0 -1.7616 -0.4681  0.0000
  0   0 -4.3667 -1.2273  0.0000
  0   0 -1.1587 -0.5446  0.0000
  0   0  3.5044 -0.1941  0.0000
  0   0  4.9329 -0.1600  0.0000
  0   0  5.3684 -0.1676  0.0000
  0   0  3.4372 -0.1750  0.0000
  0   0  4.5719 -0.2321  0.0000
  0   0  4.8006 -0.4270  0.0000
  0   0  5.9822 -0.7679  0.0000
  0   0  4.7963 -1.4642  0.0000
  0   0  2.7639 -1.9798  0.0000
  0   0  1.5309 -1.6763  0.0000
  0   0  0.3628 -1.1252  0.0000
  0   0 -1.2246 -0.7365  0.0000
  0   0 -4.9128 -0.5657  0.0000
  0   0 -1.4615 -0.5308  0.0000
  0   0 -0.2589 -0.5220  0.0000
  0   0 -0.6092 -0.6153  0.0000
  0   0  0.2518 -0.8506  0.0000
  0   0  2.2831 -1.2108  0.0000
  0   0  1.1708 -0.5312  0.0000
  0   0 -0.4513 -0.1942  0.0000
  0   0 -2.8233  0.0608  0.0000
  0   0  0.2710  0.2909  0.0000
  0   0  3.1206  0.5809  0.0000
  0   0  7.4179  1.3606  0.0000
  0   0 10.6196  0.8921  0.0000
  0   0 10.0606  0.2567  0.0000
  0   0  6.2613  0.0869  0.0000
  0   0  7.4797 -0.0527  0.0000
  0   0  6.5396 -0.2290  0.0000
  0   0  7.5641 -0.3629  0.0000
  0   0  8.1302 -0.1382  0.0000
  0   0  6.5312 -0.6485  0.0000
  0   0  2.8260 -0.3555  0.0000
  0   0  1.2840 -0.2194  0.0000
  0   0 -0.0286 -0.1582  0.0000
  0   0 -2.3243 -0.2408  0.0000
  0   0  1.1897 -0.3665  0.0000
  0   0  1.4327 -0.4345  0.0000
  0   0  0.1257 -0.3231  0.0000
  0   0 -0.5742 -0.2355  0.0000
  0   0 -1.1912 -0.2075  0.0000
  0   0 -1.4816 -0.2482  0.0000
  0   0 -1.8848 -0.4277  0.0000
  0   0 -2.3462 -0.6998  0.0000
  0   0 -2.7627 -1.0242  0.0000
  0   0 -0.5321 -0.7856  0.0000
  0   0  2.7063 -0.5646  0.0000
  0   0  4.6592 -0.5011  0.0000
  0   0  5.4894 -0.5218  0.0000
  0   0  5.2233 -0.6004  0.0000
  0   0  5.7835 -0.7622  0.0000
  0   0  6.2055 -1.0559  0.0000
  0   0  6.5910 -1.4952  0.0000
  0   0  5.7629 -2.0767  0.0000
  0   0  4.2151 -2.4942  0.0000
  0   0  2.6800 -2.4319  0.0000
  0   0  1.0875 -2.0288  0.0000
  0   0 -0.6660 -1.6359  0.0000
  0   0 -2.4496 -1.3859  0.0000
  0   0 -1.3720 -1.2703  0.0000
  0   0 -0.4936 -1.2418  0.0000
  0   0 -0.1410 -1.3043  0.0000
  0   0  0.6536 -1.4246  0.0000
  0   0  1.7444 -1.4567  0.0000
  0   0  1.3811 -1.0370  0.0000
  0   0  0.3185 -0.5903  0.0000
  0   0 -3.1452  0.3854  0.0000
  0   0  1.7061  0.6585  0.0000
  0   0  5.7213  0.9059  0.0000
  0   0  9.5414  1.1739  0.0000
  0   0 12.0971  0.8808  0.0000
  0   0 12.3188  0.3990  0.0000
  0   0 10.8716  0.0785  0.0000
  0   0 10.7602 -0.1824  0.0000
  0   0 10.2360 -0.4265  0.0000
  0   0 10.2040 -0.6111  0.0000
  0   0  9.7436 -0.6471  0.0000
  0   0  7.9891 -0.8106  0.0000
  0   0  5.1724 -0.6886  0.0000
  0   0  3.0336 -0.5739  0.0000
  0   0  1.3033 -0.5234  0.0000
  0   0 -0.0422 -0.5663  0.0000
  0   0  0.7956 -0.6438  0.0000
  0   0  0.7211 -0.6784  0.0000
  0   0 -0.2056 -0.6007  0.0000
  0   0 -1.0816 -0.5182  0.0000
  0   0 -1.8045 -0.4865  0.0000
  0   0 -2.2040 -0.5302  0.0000
  0   0 -2.3979 -0.6699  0.0000
  0   0 -2.3688 -0.8661  0.0000
  0   0 -1.8493 -1.0358  0.0000
  0   0 -0.0324 -0.9872  0.0000
  0   0  2.4012 -0.9053  0.0000
  0   0  4.3459 -0.8968  0.0000
  0   0  5.5415 -0.9679  0.0000
  0   0  6.0941 -1.1171  0.0000
  0   0  6.6638 -1.3575  0.0000
  0   0  7.0584 -1.7062  0.0000
  0   0  7.1329 -2.1521  0.0000
  0   0  6.4652 -2.6343  0.0000
  0   0  5.2130 -2.9739  0.0000
  0   0  3.7238 -3.0099  0.0000
  0   0  2.1345 -2.7858  0.0000
  0   0  0.5815 -2.4939  0.0000
  0   0 -0.5804 -2.2572  0.0000
  0   0 -0.4743 -2.1094  0.0000
  0   0 -0.0429 -2.0388  0.0000
  0   0  0.3771 -2.0268  0.0000
  0   0  0.9790 -2.0207  0.0000
  0   0  1.5901 -1.9132  0.0000
  0   0  1.5827 -1.5819  0.0000
  0   0  1.2286 -1.1475  0.0000
  0   0 -1.2005  0.9091  0.0000
  0   0  4.2103  1.0664  0.0000
  0   0  8.5401  1.1539  0.0000
  0   0 12.0553  1.1467  0.0000
  0   0 14.3475  0.8661  0.0000
  0   0 15.0626  0.4456  0.0000
  0   0 14.6502  0.0574  0.0000
  0   0 14.2461 -0.2857  0.0000
  0   0 13.6054 -0.5856  0.0000
  0   0 12.8879 -0.8165  0.0000
  0   0 11.7261 -0.9492  0.0000
  0   0  9.7761 -1.0444  0.0000
  0   0  7.2446 -1.0089  0.0000
  0   0  4.8877 -0.9428  0.0000
  0   0  2.8947 -0.9028  0.0000
  0   0  1.4386 -0.9088  0.0000
  0   0  0.9132 -0.9319  0.0000
  0   0  0.2746 -0.9272  0.0000
  0   0 -0.6609 -0.8669  0.0000
  0   0 -1.5713 -0.8000  0.0000
  0   0 -2.2794 -0.7704  0.0000
  0   0 -2.6501 -0.8026  0.0000
  0   0 -2.6702 -0.9024  0.0000
  0   0 -2.2987 -1.0410  0.0000
  0   0 -1.3858 -1.1632  0.0000
  0   0  0.2696 -1.2064  0.0000
  0   0  2.3172 -1.2330  0.0000
  0   0  4.1870 -1.3044  0.0000
  0   0  5.6051 -1.4443  0.0000
  0   0  6.5685 -1.6607  0.0000
  0   0  7.2767 -1.9592  0.0000
  0   0  7.6875 -2.3372  0.0000
  0   0  7.6932 -2.7684  0.0000
  0   0  7.1414 -3.1889  0.0000
  0   0  6.1028 -3.4903  0.0000
  0   0  4.7748 -3.5871  0.0000
  0   0  3.3351 -3.4943  0.0000
  0   0  1.9817 -3.3109  0.0000
  0   0  0.9938 -3.1239  0.0000
  0   0  0.6740 -2.9750  0.0000
  0   0  0.7349 -2.8690  0.0000
  0   0  0.9676 -2.7886  0.0000
  0   0  1.3324 -2.6918  0.0000
  0   0  1.6935 -2.5150  0.0000
  0   0  1.8357 -2.2101  0.0000
  0   0  1.9037 -1.8117  0.0000
  0   0  2.5435  1.5557  0.0000
  0   0  7.7941  1.5239  0.0000
  0   0 11.9964  1.4236  0.0000
  0   0 15.2433  1.2279  0.0000
  0   0 17.3811  0.8849  0.0000
  0   0 18.3154  0.4508  0.0000
  0   0 18.3027  0.0134  0.0000
  0   0 17.8221 -0.3902  0.0000
  0   0 16.9505 -0.7410  0.0000
  0   0 15.7393 -1.0179  0.0000
  0   0 14.0675 -1.2056  0.0000
  0   0 11.8491 -1.3158  0.0000
  0   0  9.2573 -1.3362  0.0000
  0   0  6.6856 -1.3110  0.0000
  0   0  4.3794 -1.2790  0.0000
  0   0  2.5082 -1.2574  0.0000
  0   0  1.1611 -1.2368  0.0000
  0   0 -0.0157 -1.1980  0.0000
  0   0 -1.1472 -1.1340  0.0000
  0   0 -2.1196 -1.0703  0.0000
  0   0 -2.8046 -1.0368  0.0000
  0   0 -3.0997 -1.0529  0.0000
  0   0 -2.9606 -1.1224  0.0000
  0   0 -2.3543 -1.2287  0.0000
  0   0 -1.2346 -1.3428  0.0000
  0   0  0.3957 -1.4429  0.0000
  0   0  2.3073 -1.5525  0.0000
  0   0  4.1636 -1.7041  0.0000
  0   0  5.7357 -1.9170  0.0000
  0   0  6.9448 -2.1983  0.0000
  0   0  7.8105 -2.5467  0.0000
  0   0  8.2997 -2.9493  0.0000
  0   0  8.3509 -3.3749  0.0000
  0   0  7.9145 -3.7696  0.0000
  0   0  7.0457 -4.0649  0.0000
  0   0  5.8839 -4.2110  0.0000
  0   0  4.5962 -4.2119  0.0000
  0   0  3.3700 -4.1184  0.0000
  0   0  2.4058 -3.9860  0.0000
  0   0  1.8468 -3.8503  0.0000
  0   0  1.6147 -3.7221  0.0000
  0   0  1.5987 -3.5925  0.0000
  0   0  1.7243 -3.4358  0.0000
  0   0  1.9003 -3.2181  0.0000
  0   0  2.0511 -2.9185  0.0000
  0   0  2.2636 -2.5486  0.0000
  0   0  7.6208  2.2692  0.0000
  0   0 12.3656  2.0282  0.0000
  0   0 16.2268  1.7372  0.0000
  0   0 19.1905  1.3774  0.0000
  0   0 21.1708  0.9354  0.0000
  0   0 22.1355  0.4414  0.0000
  0   0 22.2138 -0.0551  0.0000
  0   0 21.6283 -0.5177  0.0000
  0   0 20.4899 -0.9215  0.0000
  0   0 18.8581 -1.2466  0.0000
  0   0 16.7361 -1.4810  0.0000
  0   0 14.1608 -1.6262  0.0000
  0   0 11.2933 -1.6873  0.0000
  0   0  8.3922 -1.6896  0.0000
  0   0  5.6771 -1.6601  0.0000
  0   0  3.3025 -1.6150  0.0000
  0   0  1.3294 -1.5574  0.0000
  0   0 -0.3390 -1.4849  0.0000
  0   0 -1.7454 -1.4017  0.0000
  0   0 -2.8341 -1.3257  0.0000
  0   0 -3.5219 -1.2784  0.0000
  0   0 -3.7388 -1.2757  0.0000
  0   0 -3.4500 -1.3228  0.0000
  0   0 -2.6483 -1.4131  0.0000
  0   0 -1.3524 -1.5342  0.0000
  0   0  0.3603 -1.6785  0.0000
  0   0  2.3056 -1.8560  0.0000
  0   0  4.2447 -2.0826  0.0000
  0   0  5.9804 -2.3686  0.0000
  0   0  7.3949 -2.7157  0.0000
  0   0  8.4317 -3.1166  0.0000
  0   0  9.0434 -3.5525  0.0000
  0   0  9.1912 -3.9922  0.0000
  0   0  8.8667 -4.3919  0.0000
  0   0  8.1262 -4.7046  0.0000
  0   0  7.0855 -4.8979  0.0000
  0   0  5.8938 -4.9699  0.0000
  0   0  4.7148 -4.9464  0.0000
  0   0  3.7029 -4.8617  0.0000
  0   0  2.9588 -4.7425  0.0000
  0   0  2.4796 -4.6017  0.0000
  0   0  2.2158 -4.4384  0.0000
  0   0  2.1113 -4.2411  0.0000
  0   0  2.1071 -3.9946  0.0000
  0   0  2.1692 -3.6911  0.0000
  0   0  2.3398 -3.3372  0.0000
  0   0 13.6264  3.0154  0.0000
  0   0 17.7602  2.5670  0.0000
  0   0 21.2169  2.0880  0.0000
  0   0 23.8996  1.5677  0.0000
  0   0 25.7096  1.0051  0.0000
  0   0 26.5987  0.4206  0.0000
  0   0 26.6098 -0.1531  0.0000
  0   0 25.8457 -0.6850  0.0000
  0   0 24.3961 -1.1497  0.0000
  0   0 22.3367 -1.5279  0.0000
  0   0 19.7367 -1.8084  0.0000
  0   0 16.6972 -1.9901  0.0000
  0   0 13.3838 -2.0802  0.0000
  0   0 10.0089 -2.0967  0.0000
  0   0  6.7733 -2.0606  0.0000
  0   0  3.8329 -1.9889  0.0000
  0   0  1.2780 -1.8929  0.0000
  0   0 -0.8728 -1.7812  0.0000
  0   0 -2.5995 -1.6653  0.0000
  0   0 -3.8524 -1.5621  0.0000
  0   0 -4.5730 -1.4900  0.0000
  0   0 -4.7174 -1.4638  0.0000
  0   0 -4.2729 -1.4914  0.0000
  0   0 -3.2620 -1.5736  0.0000
  0   0 -1.7461 -1.7073  0.0000
  0   0  0.1610 -1.8909  0.0000
  0   0  2.2856 -2.1289  0.0000
  0   0  4.4232 -2.4274  0.0000
  0   0  6.3868 -2.7886  0.0000
  0   0  8.0354 -3.2077  0.0000
  0   0  9.2744 -3.6713  0.0000
  0   0 10.0412 -4.1573  0.0000
  0   0 10.3041 -4.6345  0.0000
  0   0 10.0724 -5.0658  0.0000
  0   0  9.4072 -5.4151  0.0000
  0   0  8.4166 -5.6579  0.0000
  0   0  7.2393 -5.7887  0.0000
  0   0  6.0235 -5.8198  0.0000
  0   0  4.9040 -5.7724  0.0000
  0   0  3.9740 -5.6667  0.0000
  0   0  3.2651 -5.5163  0.0000
  0   0  2.7657 -5.3268  0.0000
  0   0  2.4423 -5.0976  0.0000
  0   0  2.2540 -4.8257  0.0000
  0   0  2.1718 -4.5117  0.0000
  0   0  2.1998 -4.1627  0.0000
  0   0 20.2151  3.7757  0.0000
  0   0 23.7892  3.1269  0.0000
  0   0 26.8923  2.4628  0.0000
  0   0 29.3500  1.7788  0.0000
  0   0 31.0150  1.0791  0.0000
  0   0 31.7927  0.3806  0.0000
  0   0 31.6588 -0.2911  0.0000
  0   0 30.6474 -0.9084  0.0000
  0   0 28.8238 -1.4462  0.0000
  0   0 26.2748 -1.8849  0.0000
  0   0 23.1101 -2.2128  0.0000
  0   0 19.4728 -2.4274  0.0000
  0   0 15.5458 -2.5355  0.0000
  0   0 11.5371 -2.5522  0.0000
  0   0  7.6491 -2.4967  0.0000
  0   0  4.0547 -2.3883  0.0000
  0   0  0.8822 -2.2447  0.0000
  0   0 -1.7834 -2.0824  0.0000
  0   0 -3.8762 -1.9189  0.0000
  0   0 -5.3356 -1.7731  0.0000
  0   0 -6.1125 -1.6638  0.0000
  0   0 -6.1818 -1.6066  0.0000
  0   0 -5.5532 -1.6128  0.0000
  0   0 -4.2779 -1.6883  0.0000
  0   0 -2.4518 -1.8358  0.0000
  0   0 -0.2178 -2.0569  0.0000
  0   0  2.2395 -2.3533  0.0000
  0   0  4.7150 -2.7252  0.0000
  0   0  7.0127 -3.1680  0.0000
  0   0  8.9688 -3.6707  0.0000
  0   0 10.4613 -4.2143  0.0000
  0   0 11.4124 -4.7726  0.0000
  0   0 11.7906 -5.3131  0.0000
  0   0 11.6145 -5.8012  0.0000
  0   0 10.9538 -6.2052  0.0000
  0   0  9.9212 -6.5031  0.0000
  0   0  8.6571 -6.6865  0.0000
  0   0  7.3096 -6.7607  0.0000
  0   0  6.0128 -6.7394  0.0000
  0   0  4.8665 -6.6395  0.0000
  0   0  3.9245 -6.4757  0.0000
  0   0  3.1989 -6.2595  0.0000
  0   0  2.6717 -5.9985  0.0000
  0   0  2.3072 -5.6987  0.0000
  0   0  2.0663 -5.3669  0.0000
  0   0  1.9179 -5.0122  0.0000
  0   0 27.0848  4.5409  0.0000
  0   0 30.2679  3.6979  0.0000
  0   0 33.1701  2.8499  0.0000
  0   0 35.5318  1.9964  0.0000
  0   0 37.1363  1.1443  0.0000
  0   0 37.8285  0.3100  0.0000
  0   0 37.5243 -0.4828  0.0000
  0   0 36.2099 -1.2062  0.0000
  0   0 33.9321 -1.8335  0.0000
  0   0 30.7896 -2.3427  0.0000
  0   0 26.9257 -2.7203  0.0000
  0   0 22.5229 -2.9628  0.0000
  0   0 17.7939 -3.0767  0.0000
  0   0 12.9665 -3.0773  0.0000
  0   0  8.2645 -2.9851  0.0000
  0   0  3.8894 -2.8232  0.0000
  0   0  0.0099 -2.6155  0.0000
  0   0 -3.2404 -2.3855  0.0000
  0   0 -5.7582 -2.1563  0.0000
  0   0 -7.4667 -1.9505  0.0000
  0   0 -8.3169 -1.7891  0.0000
  0   0 -8.2946 -1.6903  0.0000
  0   0 -7.4286 -1.6684  0.0000
  0   0 -5.7970 -1.7341  0.0000
  0   0 -3.5294 -1.8940  0.0000
  0   0 -0.8030 -2.1518  0.0000
  0   0  2.1691 -2.5082  0.0000
  0   0  5.1567 -2.9593  0.0000
  0   0  7.9357 -3.4954  0.0000
  0   0 10.3100 -4.0997  0.0000
  0   0 12.1281 -4.7471  0.0000
  0   0 13.2943 -5.4059  0.0000
  0   0 13.7741 -6.0396  0.0000
  0   0 13.5958 -6.6114  0.0000
  0   0 12.8444 -7.0894  0.0000
  0   0 11.6508 -7.4505  0.0000
  0   0 10.1737 -7.6841  0.0000
  0   0  8.5783 -7.7915  0.0000
  0   0  7.0149 -7.7836  0.0000
  0   0  5.6001 -7.6770  0.0000
  0   0  4.4070 -7.4897  0.0000
  0   0  3.4630 -7.2389  0.0000
  0   0  2.7561 -6.9393  0.0000
  0   0  2.2450 -6.6039  0.0000
  0   0  1.8707 -6.2447  0.0000
  0   0  1.5662 -5.8736  0.0000
