VARIABLES= "X m", "Y m", "U m/s", "V m/s", "CHC", ZONE I=46, J=46
4960 160  0.0003  0.0010 2471.5759
5280 160 -0.0011  0.0005 154.5207
5600 160  0.0032  0.0040 76.1109
5920 160  0.0037  0.0068 52.6520
6240 160 -2.3137  0.0291 73.7069
6560 160  2.2365 -0.0311 78.5908
6880 160 -0.0300 -0.0088 112.1579
7200 160 -0.0048  0.0060 130.2312
7520 160 -2.6505 -0.0642 97.0476
7840 160 -0.5118 -0.0064 86.3646
8160 160  2.4330  0.0688 68.5518
8480 160 -1.8419  0.0086 100.3625
8800 160  0.0159  0.0090 47.7077
9120 160  0.0010  0.0048 53.4971
9440 160  0.0070  0.0000 77.3947
9760 160 -0.0003  0.0003 174.2654
10080 160 -0.0061  0.0001 3640.5035
10400 160  0.1667     NaN 4266.6660
4000 480 -0.8333     NaN 5851.4276
4320 480  0.0027 -0.0014 305.9098
4640 480  0.0049 -0.0063 73.3181
4960 480 -0.0099 -0.0114 55.2615
5280 480 -0.1632  0.1520 82.3793
5600 480 -0.0136  0.0351 109.4850
5920 480 -0.0438  0.0395 119.0072
6240 480 -1.5639 -0.0173 100.2937
6560 480  1.8375  0.0069 81.8041
6880 480  0.0325 -0.0090 98.9344
7200 480  0.0400 -0.0121 154.8672
7520 480 -2.5862  0.0528 85.4389
7840 480 -0.6518  0.0059 83.5258
8160 480  4.0056  0.6795 51.4660
8480 480  7.8920  0.0242 55.0426
8800 480  0.0293  0.0304 44.5916
9120 480  1.7593  0.0404 65.3732
9440 480  5.0697  2.6947 50.5363
9760 480  5.6898  0.0493 91.2640
10080 480  0.0063 -0.0030 47.4969
10400 480 -0.0028  0.0021 78.8198
10720 480  0.0095  0.0013 396.4337
11040 480 -2.1667     NaN 4095.9991
3680 800  0.0047 -0.0015 350.7722
4000 800 -0.0071  0.0031 63.8734
4320 800  0.0245  0.0420 48.3235
4640 800  6.3343 -3.3627 91.0381
4960 800  0.9031 -0.0128 79.0113
5280 800  0.3063  0.0160 63.6970
5600 800 -0.0605  0.0382 89.6654
5920 800 -0.0008  0.0029 133.5714
6240 800 -0.1207  0.1166 110.5725
6560 800  1.2088  0.0179 87.9309
6880 800  0.0554 -0.0028 93.6605
7200 800 -0.0026  0.0001 151.3756
7520 800  0.3812 -0.0201 62.6779
7840 800 -0.7990 -0.0113 89.0810
8160 800 -0.0689  0.0011 64.2982
8480 800  3.0074  0.0807 78.3132
8800 800  0.5659 -0.0634 50.2088
9120 800  0.1024  0.0570 51.3753
9440 800 -6.3273 -0.5931 58.7882
9760 800 -1.9973 -0.0162 79.6400
10080 800  0.9303 -0.0587 62.3245
10400 800 -0.0934 -0.1033 124.9203
10720 800 -2.6606 -0.0760 49.1111
11040 800 -0.0180  0.0018 70.8779
11360 800  0.0028 -0.0032 475.6885
3040 1120  0.0001 -0.0030 2738.3112
3360 1120 -0.0553  0.0396 86.0827
3680 1120 -0.0533  0.0084 65.3837
4000 1120 -2.4072  1.4518 64.4326
4320 1120 -2.0814  0.0711 86.8802
4640 1120  2.7144 -1.0093 61.1772
4960 1120  1.0614 -0.0325 92.6870
5280 1120 -1.0634  2.6442 75.7064
5600 1120 -0.0390  0.0109 93.7916
5920 1120  0.0283 -0.0642 112.4355
6240 1120 -0.0765 -0.0033 91.5722
6560 1120  0.1575 -0.0370 110.6235
6880 1120  0.0101 -0.0018 109.5342
7200 1120 -0.0504 -0.0189 123.4999
7520 1120 -4.6987  0.0045 81.3735
7840 1120 -0.5845  0.0995 64.3168
8160 1120 -1.4896 -0.1020 68.5563
8480 1120  1.5754  0.0329 58.2388
8800 1120  3.3352 -0.0524 61.3093
9120 1120 -0.5875  0.0657 55.1714
9440 1120  3.3697  0.1155 69.0366
9760 1120 -8.1497 -2.6427 46.4646
10080 1120 -5.3163 -1.3449 50.2089
10400 1120 -0.3625 -0.0610 70.5051
10720 1120 -8.6604 -6.0358 74.1612
11040 1120 -5.6301 -1.9279 86.7833
11360 1120  6.5163  2.8558 41.3511
11680 1120 -0.0084 -0.0029 102.1255
12000 1120 -0.0025  0.0018 6714.0454
2720 1440  0.0036 -0.0006 388.1321
3040 1440  0.0083 -0.0067 53.4794
3360 1440 -0.4686  2.7369 41.6637
3680 1440 -4.0244  0.1535 52.0613
4000 1440 -0.1128  0.9069 100.3961
4320 1440 -3.2809 -0.0360 93.3596
4640 1440 -0.0523  2.8417 57.9184
4960 1440 -0.8668  0.0154 57.7903
5280 1440  0.5698 -0.0889 94.2443
5600 1440 -0.3147 -0.0162 75.1926
5920 1440 -0.0006 -0.0431 104.2865
6240 1440 -0.1391  0.0338 108.9222
6560 1440  0.1063  0.0191 123.0675
6880 1440 -0.0234  0.0166 104.5028
7200 1440 -0.0211  0.1300 119.2391
7520 1440  3.7051  0.0725 51.9648
7840 1440  2.1770  0.0441 72.7284
8160 1440 -0.1213 -0.0084 57.6502
8480 1440 -1.3449 -2.6761 51.4928
8800 1440  2.7263 -0.0359 66.2349
9120 1440 -0.1170 -0.0231 94.4417
9440 1440  5.0028 -0.2095 74.2279
9760 1440 -0.1221 -0.0670 69.7064
10080 1440 -0.0819 -0.0929 98.0491
10400 1440 -2.2349  0.0633 65.8540
10720 1440  0.9395 -0.0336 71.0145
11040 1440  6.0296  2.4550 91.5125
11360 1440  1.2574 -0.0191 58.1461
11680 1440 -0.9685 -0.0598 55.0356
12000 1440 -0.0107 -0.0083 58.0799
12320 1440  0.0030  0.0080 571.1731
2080 1760  1.3333     NaN 1023.9999
2400 1760 -0.0148  0.0129 200.4064
2720 1760 -0.0671  0.0443 89.7031
3040 1760  9.5261 -8.6335 130.6492
3360 1760  0.0999 -6.0431 106.8308
3680 1760 -5.6940  0.1481 74.2278
4000 1760 -0.0774  0.5352 65.7813
4320 1760  7.3978 -3.8301 101.1676
4640 1760 -5.7093  1.7722 76.4762
4960 1760  2.6246 -0.0127 93.2096
5280 1760  2.0808  0.6016 76.8135
5600 1760 -5.3587  0.0561 64.5270
5920 1760 -0.1228  0.0598 70.0000
6240 1760  0.0057  0.0163 139.0854
6560 1760  0.0204  0.0165 127.2232
6880 1760  0.2158  0.0986 79.1714
7200 1760  0.0420  0.0039 136.8740
7520 1760 -3.3656 -0.0472 41.1913
7840 1760 -2.3093 -0.0523 65.1247
8160 1760 -0.3561 -0.9946 67.0895
8480 1760 -1.2016 -1.2331 74.6562
8800 1760  0.0557  0.0203 58.7943
9120 1760  0.0678 -1.5207 93.9429
9440 1760  0.6465  0.0529 67.7814
9760 1760  3.0101 -4.5107 69.1463
10080 1760 -0.1281 -0.0932 61.4180
10400 1760 -8.0265 -5.8569 77.8357
10720 1760 -5.6275 -0.6131 91.1062
11040 1760  3.3178  2.3269 50.7793
11360 1760 -7.4391 -5.2631 102.7390
11680 1760  0.3478  0.0624 78.1824
12000 1760  1.2869  4.6252 61.5136
12320 1760 -0.0374 -0.0309 48.0676
12640 1760  0.0035 -0.0004 273.2190
1760 2080  0.0000     NaN 2409.4110
2080 2080  0.0073 -0.0087 167.9607
2400 2080 -0.0466  0.0349 85.7371
2720 2080 -3.3835  2.3843 54.1291
3040 2080 -0.0906  0.0866 118.3805
3360 2080  6.8819 -5.9733 112.6716
3680 2080  4.7374  0.0060 134.0720
4000 2080 -5.0380  1.9902 72.8794
4320 2080 -0.1204  0.1204 81.4463
4640 2080 -3.5779  4.0155 56.5425
4960 2080  2.7163 -0.0909 73.5410
5280 2080 -0.0959  0.1102 80.2905
5600 2080 -8.7865 -0.0764 72.8817
5920 2080  0.0367 -0.0246 82.2165
6240 2080 -0.0929  0.0157 131.4374
6560 2080 -0.0558 -0.0604 200.4004
6880 2080  5.0188  0.0726 76.8439
7200 2080  0.0184  0.1326 103.2973
7520 2080 -0.3724  2.8333 47.1209
7840 2080 -0.9708  0.0141 57.2239
8160 2080  6.0148  2.5573 56.9377
8480 2080 -0.6515 -4.8333 73.1737
8800 2080 -6.0453  0.2970 64.2938
9120 2080  1.1185  0.0593 78.5901
9440 2080 -2.4254 -0.8001 58.8343
9760 2080  5.9379  4.1065 85.3804
10080 2080  7.8165  3.8232 82.7999
10400 2080 -2.3040  0.0070 69.7916
10720 2080  6.1458  3.7911 122.0358
11040 2080 -0.4473 -0.1080 65.8077
11360 2080 -1.2682 -2.5821 64.6488
11680 2080 -2.6266 -1.6418 54.7690
12000 2080 -2.4519 -0.1106 80.7405
12320 2080  3.3968  4.7626 52.6940
12640 2080  2.7089  2.6938 48.4667
12960 2080 -0.0015 -0.0027 223.2757
1760 2400 -0.0024  0.0019 202.8120
2080 2400  0.0132 -0.0170 69.9127
2400 2400 -0.0328  0.0325 142.3638
2720 2400 -1.3535  0.1373 108.5870
3040 2400 -2.2334  3.2085 47.3342
3360 2400 -0.0837  0.0924 155.2042
3680 2400  4.9512 -4.0379 67.8190
4000 2400 -4.7982  0.1630 75.9676
4320 2400  0.0099  0.7433 49.4141
4640 2400 -0.0178  0.0566 56.6765
4960 2400  0.1610 -0.1075 77.9600
5280 2400 -0.0396  0.0832 109.4574
5600 2400  0.0427  6.2475 54.7992
5920 2400  0.0399  5.8223 67.6972
6240 2400 -1.1369  0.1231 96.7870
6560 2400 -0.0201 -0.0596 79.8463
6880 2400  6.0098  0.0164 145.8608
7200 2400 -1.1998 -3.4483 134.0816
7520 2400  0.0020  0.0649 49.9386
7840 2400  2.6733  5.1243 50.2773
8160 2400 -0.1899 -0.0009 63.3125
8480 2400 -1.9043  0.0228 93.0642
8800 2400  0.7534  3.1246 92.5406
9120 2400  5.6096  3.1705 93.4223
9440 2400 -7.9673  2.5335 81.2260
9760 2400 -6.6497 -0.0829 63.9045
10080 2400  0.0635 -3.5164 63.7525
10400 2400  3.0130  3.3474 91.8413
10720 2400 -1.6224 -0.0007 71.0498
11040 2400 -2.4414 -0.1216 49.2309
11360 2400  0.0466 -2.2277 77.6302
11680 2400 -0.0736 -2.0497 67.0602
12000 2400 -3.5940 -2.6922 46.1063
12320 2400  5.2669  4.6495 61.7831
12640 2400 -1.0318 -5.2351 61.4740
12960 2400 -0.0121 -0.0058 46.3980
13280 2400 -0.0011 -0.0014 287.4074
1440 2720 -0.0016 -0.0036 390.3498
1760 2720 -0.0133 -0.0020 57.5151
2080 2720  0.0271 -0.0264 139.8130
2400 2720 -0.0656  0.0620 132.4884
2720 2720 -0.0228  0.0411 123.0633
3040 2720 -0.6614  2.6638 87.7321
3360 2720 -1.3635  0.1575 57.4487
3680 2720 -0.1353  0.1165 230.5617
4000 2720  9.7822 -7.4510 189.2689
4320 2720 -6.2580  0.1173 74.8456
4640 2720  0.0895 -0.0306 86.8744
4960 2720  0.0785 -0.0417 91.7157
5280 2720  1.4793 -0.1569 77.9881
5600 2720 -0.1017  0.1581 76.6130
5920 2720 -3.3748  0.5918 86.5182
6240 2720  2.3814  2.5267 121.6077
6560 2720  0.0130  0.0434 152.5999
6880 2720  4.6764 -0.4201 125.6486
7200 2720  1.6805  7.4644 119.9138
7520 2720  0.5800  0.4021 64.6885
7840 2720 -0.9796 -1.6733 78.1814
8160 2720 -2.6900  2.2075 75.9526
8480 2720 -0.0546  0.0622 77.0610
8800 2720  1.6408  8.1319 55.8339
9120 2720  1.4210 -0.0201 72.9998
9440 2720  5.2098 -2.8333 88.7241
9760 2720 -6.4087 -0.4144 83.4085
10080 2720 -8.6829 -0.0906 59.0006
10400 2720  4.0074  5.0111 73.2129
10720 2720 -6.3072 -2.6263 77.9275
11040 2720 -5.3601 -2.6854 103.7585
11360 2720  0.0085  1.6202 68.8865
11680 2720 -3.7006 -0.2205 66.0507
12000 2720  4.9246  5.2024 72.9895
12320 2720 -1.0921 -0.1228 60.7866
12640 2720 -0.1057 -1.7183 67.1255
12960 2720 -1.6415 -0.0013 46.1014
13280 2720  0.0051 -0.0031 48.6714
13600 2720  0.0022  0.0002 649.1068
1120 3040  0.0027 -0.0009 3168.0417
1440 3040 -0.0074  0.0056 54.3554
1760 3040 -0.0064  0.0056 125.5384
2080 3040 -0.0022  0.0027 98.2543
2400 3040  0.0631 -0.0529 132.1984
2720 3040 -0.0395  0.0443 130.2589
3040 3040  0.0295 -0.0277 187.5479
3360 3040 -0.1131  3.8334 69.6348
3680 3040 -0.0659  1.9807 82.2296
4000 3040  0.0171  0.0765 158.0003
4320 3040  0.1202 -3.1785 99.9642
4640 3040 -0.0067  0.0258 71.3658
4960 3040 -8.4663  6.7874 70.8213
5280 3040  0.2416  0.1127 59.2133
5600 3040 -0.0238  0.0503 151.8308
5920 3040  2.4966 -0.0504 67.4121
6240 3040  2.3382  1.0383 109.0636
6560 3040 -0.0354  0.0375 128.5892
6880 3040 -4.6525 -1.1450 61.3126
7200 3040 -0.1126 -2.2982 164.5737
7520 3040 -0.4761  0.0052 51.8875
7840 3040 -1.1250 -0.0430 77.4832
8160 3040  7.5313 -2.3994 112.1917
8480 3040  5.0715  4.1173 132.0422
8800 3040 -6.9484 -4.9792 84.0334
9120 3040  4.0455 -0.0318 71.6389
9440 3040 -2.3405 -0.9391 55.8426
9760 3040 -0.1033  4.8974 59.4564
10080 3040 -3.3215  0.0838 54.9032
10400 3040 -5.3917 -2.0333 64.0184
10720 3040 -0.3301 -4.7663 67.4354
11040 3040  1.2275 -0.1261 57.3502
11360 3040 -7.0211  3.6059 116.3631
11680 3040  5.3523  6.3625 105.6549
12000 3040 -0.0241 -1.1782 57.9774
12320 3040  0.0720 -1.8437 88.5808
12640 3040 -0.8555 -0.5914 52.3945
12960 3040 -0.6365 -0.9780 63.5141
13280 3040 -0.0851 -2.0583 58.8188
13600 3040  0.0002 -0.0029 60.0892
13920 3040  0.0013 -0.0064 6368.9734
1120 3360 -0.0113  0.0290 87.6348
1440 3360  0.4669 -1.3451 53.5370
1760 3360 -0.1151  2.0525 57.2427
2080 3360  0.0709 -0.0683 100.8728
2400 3360  0.0309  0.0129 99.7477
2720 3360  0.0413 -0.0522 112.4529
3040 3360 -0.0712  0.0687 127.9974
3360 3360 -0.0262 -0.0678 193.7654
3680 3360 -3.1486  0.1440 71.0133
4000 3360 -5.3994  0.6471 86.1879
4320 3360 -0.1125 -0.1296 95.0389
4640 3360  0.0100  0.0680 67.7550
4960 3360 -5.2711  1.0072 74.1643
5280 3360 -0.0364  1.1157 70.5385
5600 3360  0.1063 -0.0332 105.6667
5920 3360 -0.0436  0.0340 76.5558
6240 3360 -0.0007 -4.0301 129.2269
6560 3360 -5.3212 -2.4348 87.0866
6880 3360  0.0255 -0.9716 74.6626
7200 3360  3.8695  1.7163 120.8646
7520 3360 -5.8260  0.2878 70.8691
7840 3360 -1.6880  7.3515 164.5516
8160 3360  2.9565  6.3423 106.6617
8480 3360  2.6768 -0.1051 48.8439
8800 3360 -0.0508  0.3166 51.5302
9120 3360  4.0982 -5.5907 83.9929
9440 3360  1.5605  3.0149 94.7017
9760 3360 -0.0185 -2.9826 65.9722
10080 3360 -2.5900 -4.8349 98.9275
10400 3360  4.3265  0.4813 63.0206
10720 3360 -2.6270  2.3452 65.5764
11040 3360  6.3967  4.7113 48.9604
11360 3360  0.0133 -0.9297 155.6136
11680 3360  0.6808 -3.6892 87.2546
12000 3360 -2.1942 -0.0655 68.3128
12320 3360 -0.0058 -5.2227 61.6077
12640 3360 -1.0104 -1.3469 52.7560
12960 3360 -1.0215 -0.2988 68.8645
13280 3360 -0.3178 -0.6402 71.8777
13600 3360 -0.1220 -1.1441 42.2119
13920 3360 -0.0010 -0.0014 111.0411
800 3680  0.0020 -0.0191 349.7440
1120 3680 -0.1340  0.1614 59.8581
1440 3680 -1.5765  4.2764 89.2495
1760 3680 -0.0189  1.7717 38.8574
2080 3680 -0.0815  0.0437 42.1507
2400 3680 -0.1092  0.1080 88.4878
2720 3680 -0.0199 -0.0459 74.3110
3040 3680 -0.0150 -0.0446 145.8004
3360 3680 -4.3843  0.1441 98.6226
3680 3680  0.0454 -1.3144 99.8951
4000 3680 -1.1767 -2.4171 72.5047
4320 3680  0.0061  6.8464 91.5144
4640 3680 -0.0333  0.0923 142.4255
4960 3680 -1.5978 -0.0115 84.5946
5280 3680  0.0529 -0.0745 58.1208
5600 3680  0.8533 -0.0298 103.1961
5920 3680  0.0143 -0.0422 121.1032
6240 3680  0.0258 -0.0459 71.0452
6560 3680  0.3532 -5.2555 55.7662
6880 3680  0.0876 -3.0047 218.8606
7200 3680  0.0021 -0.0360 51.0977
7520 3680 -1.9996 -8.1530 67.7076
7840 3680  0.2961  0.0021 73.4495
8160 3680  0.3805 -0.1166 95.2153
8480 3680  3.2814  8.0146 93.3079
8800 3680 -0.0338 -0.0971 60.2679
9120 3680  2.6472  5.0473 112.9108
9440 3680 -0.0901  1.6753 63.6574
9760 3680  2.3583  3.4173 74.5741
10080 3680 -2.5253  0.0388 61.2981
10400 3680 -4.4781 -1.0290 66.1718
10720 3680  0.9951  2.7046 71.6815
11040 3680 -7.2145 -6.5543 108.2262
11360 3680  0.0964  0.0578 93.5548
11680 3680  0.4552  4.7783 75.7988
12000 3680 -0.0647 -0.7677 67.3707
12320 3680  1.1024  3.0186 43.1304
12640 3680 -0.1044  2.5262 50.6878
12960 3680  2.2689  4.2497 44.5117
13280 3680 -0.0075 -0.0195 69.4145
13600 3680  0.0707 -4.8448 69.3742
13920 3680 -0.0149 -0.0334 46.3981
14240 3680  0.0014  0.0005 628.6554
480 4000     NaN  0.0000 6826.6650
800 4000 -0.0065  0.0049 64.6052
1120 4000  7.8260 -9.6519 101.5885
1440 4000 -0.1527  0.1549 99.6327
1760 4000 -0.0792  0.1874 57.9558
2080 4000 -3.9563  6.6690 116.5598
2400 4000 -0.0155 -1.3034 43.3889
2720 4000  0.0200 -0.1145 59.0923
3040 4000 -0.1479  0.0469 62.4491
3360 4000  0.0207  0.0046 72.8687
3680 4000 -7.3113  0.9197 70.5066
4000 4000  3.8957  0.0141 78.9224
4320 4000  1.5665  0.0331 93.7822
4640 4000 -0.0239  0.0017 120.7721
4960 4000 -0.0635 -0.0018 139.9758
5280 4000  1.5606 -0.0346 64.4284
5600 4000 -0.1113  0.1050 73.1165
5920 4000 -1.9791 -0.0265 77.1603
6240 4000  1.8950  3.1407 87.6383
6560 4000  1.7643  5.3105 56.3602
6880 4000  0.1056  8.0596 150.0896
7200 4000  3.5731  6.2564 180.2529
7520 4000  5.3285  0.0128 113.1204
7840 4000  3.7743  1.2048 79.2840
8160 4000 -0.1379  0.0054 62.2010
8480 4000  0.7036 -1.9180 74.4558
8800 4000 -0.0200  0.7627 90.8838
9120 4000  5.6326  0.0256 122.1857
9440 4000 -9.3245 -2.6229 76.6658
9760 4000  0.1693 -0.0960 57.3858
10080 4000  2.0573  1.3810 61.3567
10400 4000 -4.4108 -0.0750 99.3011
10720 4000  1.2697 -7.4189 60.0138
11040 4000 -0.0546 -0.0240 85.5951
11360 4000  2.3254 -0.1001 75.7464
11680 4000  0.3115  0.0621 70.8409
12000 4000 -0.0378 -0.1140 94.9420
12320 4000 -0.0401 -0.4591 61.6626
12640 4000 -0.0617 -1.1177 46.6056
12960 4000 -0.0634 -1.6765 66.6749
13280 4000 -1.1723  0.0570 98.2718
13600 4000  0.7126  0.7046 104.4027
13920 4000 -3.8585 -2.2490 85.4428
14240 4000 -0.0027 -0.0028 75.8931
14560 4000     NaN  3.8333 4388.5706
480 4320  0.0004 -0.0033 305.9471
800 4320  1.2786 -6.8409 73.5095
1120 4320  3.6937 -5.2263 64.3303
1440 4320  0.1063 -0.3388 67.7119
1760 4320  5.4828 -1.1606 88.5661
2080 4320 -0.1356  0.1347 83.0302
2400 4320 -0.0289  0.5946 58.2965
2720 4320 -3.3626  6.9521 59.6396
3040 4320 -0.0069  3.4354 51.3707
3360 4320  0.3867 -1.0754 51.4070
3680 4320 -0.0973  3.0145 58.4589
4000 4320  0.0924  0.4160 58.9029
4320 4320 -3.9676 -1.0407 60.7379
4640 4320  0.2715  0.0140 105.2276
4960 4320  0.0195 -0.0263 116.5174
5280 4320  0.1067  0.0164 108.8809
5600 4320 -0.0112 -0.0301 134.0829
5920 4320 -1.6573  0.0438 65.4176
6240 4320 -2.7668 -3.6126 83.3736
6560 4320 -0.1539 -0.0930 61.1660
6880 4320 -8.3935 -8.9406 160.1262
7200 4320 -0.1869 -5.7485 175.1386
7520 4320  2.3001  0.0521 80.6950
7840 4320  0.0011 -0.0074 80.2781
8160 4320 -3.6131 -6.9457 81.7426
8480 4320 -0.3405  1.6244 59.6919
8800 4320  0.1290 -0.0814 54.5937
9120 4320 -3.2555  2.0783 80.8590
9440 4320 -2.5416 -1.2695 71.1715
9760 4320 -0.9773  4.2982 55.0223
10080 4320 -0.0800  2.0892 46.4265
10400 4320  0.0978  2.3563 49.5015
10720 4320  0.0855  0.0705 63.3962
11040 4320 -0.0302 -3.5931 75.1921
11360 4320  0.3641 -0.0490 87.1277
11680 4320  0.0156 -0.1759 73.3307
12000 4320  1.2332  1.3424 50.3496
12320 4320 -0.0480 -4.6765 61.2818
12640 4320 -0.0027 -0.1034 66.3914
12960 4320 -0.0993 -0.1231 90.1125
13280 4320 -0.0899 -3.7521 91.3805
13600 4320 -1.6368 -3.6589 112.3041
13920 4320  6.0174  8.3313 115.3748
14240 4320  0.2615  0.7842 42.8020
14560 4320 -0.0011 -0.0089 571.3592
160 4640     NaN  0.0000 5119.9994
480 4640  0.0030  0.0062 73.5433
800 4640  0.0285 -0.0251 94.7170
1120 4640 -0.0075  0.0149 136.5894
1440 4640  2.7957 -6.3261 81.2251
1760 4640  0.0665 -5.3277 96.9951
2080 4640 -0.0814  0.0177 56.4144
2400 4640  5.2855 -7.2128 90.2800
2720 4640  0.1341 -0.0539 105.0144
3040 4640 -2.1402  0.1478 65.9339
3360 4640 -0.0856  6.3538 55.7933
3680 4640  0.0134  0.4687 43.5873
4000 4640 -0.0919  1.7461 50.4618
4320 4640  0.3906  3.2384 103.5633
4640 4640  0.3823  3.7725 58.1055
4960 4640 -0.0296  0.0238 153.7912
5280 4640  0.1153 -4.4618 113.0419
5600 4640 -5.4205 -8.1547 143.5485
5920 4640  6.7314 -2.4841 97.2643
6240 4640 -0.0079  4.2271 97.4412
6560 4640  0.5479  2.5214 62.7162
6880 4640 -9.3479  2.6399 161.2225
7200 4640  4.7256  0.0090 99.6818
7520 4640 -1.0420  4.9518 97.2642
7840 4640  0.1219  0.0262 73.3183
8160 4640  4.0086  4.2145 106.3174
8480 4640 -5.0944 -0.1147 95.0798
8800 4640  1.5455  0.1877 42.4908
9120 4640  2.9980 -0.3905 64.9681
9440 4640 -0.1185  1.2507 76.6545
9760 4640 -8.7469 -5.0749 65.3973
10080 4640  0.9629 -4.3088 93.8718
10400 4640  2.9600  0.0737 59.2264
10720 4640  0.0934 -4.0774 77.8162
11040 4640  0.0880 -0.0160 73.3467
11360 4640  2.5510  7.8341 108.6974
11680 4640  0.0413 -2.1538 83.7698
12000 4640 -2.6054 -2.3131 71.0716
12320 4640  0.1006 -2.2153 80.1810
12640 4640 -4.6980 -5.0264 76.4891
12960 4640  2.5728 -3.7370 42.3667
13280 4640  0.0128  7.3282 94.4378
13600 4640  0.0297  2.4263 68.7659
13920 4640 -0.0160 -4.6528 86.7148
14240 4640 -6.1805 -0.7205 67.6025
14560 4640  0.0062  0.0043 88.1708
160 4960 -0.0014  0.0039 2579.2209
480 4960 -0.0099  0.0462 60.9224
800 4960 -0.0718  0.0779 118.1356
1120 4960  0.0867 -0.0745 148.4931
1440 4960 -0.0195 -0.0270 86.3903
1760 4960 -0.0601  0.0387 140.8104
2080 4960  0.0199 -8.0264 98.3582
2400 4960  0.0988 -2.7340 90.4264
2720 4960  7.0308 -8.0683 89.1416
3040 4960 -0.0042  0.0194 136.5318
3360 4960  0.1057 -0.1122 177.6605
3680 4960 -0.1320  0.1628 81.7575
4000 4960 -3.7070  0.1027 66.3266
4320 4960 -0.1627  2.7701 81.8993
4640 4960  0.0755 -0.0308 80.1981
4960 4960 -0.0128 -0.0534 108.9212
5280 4960  0.0723  4.4110 144.4944
5600 4960  1.3235  6.1329 110.5791
5920 4960  2.0908 -6.4477 74.9546
6240 4960 -0.0189  0.0719 89.9787
6560 4960 -1.0152 -1.2624 89.5980
6880 4960 -8.9828 -2.0393 150.8096
7200 4960  5.0180  0.0522 82.1550
7520 4960 -0.9562 -6.8364 66.3066
7840 4960  0.0162 -3.4766 106.5154
8160 4960  6.1179  0.0804 111.4049
8480 4960 -0.1310 -2.6605 86.1075
8800 4960 -2.4545 -3.3044 101.1677
9120 4960  0.1171 -2.9705 47.1902
9440 4960  5.7262 -4.8511 49.8509
9760 4960  0.0109  0.9176 70.9480
10080 4960 -6.3321 -4.6179 107.8827
10400 4960  3.9427  3.6988 86.9226
10720 4960 -6.9041  0.0030 97.3708
11040 4960  0.9338 -3.9796 67.8163
11360 4960  0.1527  0.0474 141.4864
11680 4960 -8.3222 -6.4036 64.4283
12000 4960  6.9776  0.0112 93.1474
12320 4960  0.0581  1.6018 89.3783
12640 4960  5.3136  6.7209 96.2503
12960 4960  0.1218  5.2900 85.9869
13280 4960  0.1208 -3.5645 104.5138
13600 4960 -2.2707 -2.0033 75.9407
13920 4960 -1.2081 -2.6233 56.0303
14240 4960  0.0982 -4.5928 136.1009
14560 4960 -0.0135 -0.0056 49.0865
160 5280 -0.0011  0.0013 154.0856
480 5280  0.0200  0.0476 53.6246
800 5280  0.0712 -0.1384 73.4065
1120 5280  0.0290 -0.0250 79.5390
1440 5280 -0.0773  0.0871 86.6252
1760 5280  0.0844 -0.0769 150.5828
2080 5280 -0.0226  0.0386 123.0468
2400 5280 -0.0646  0.0931 138.1127
2720 5280 -0.0658  0.0443 71.5499
3040 5280 -0.0338  0.0490 117.9250
3360 5280  5.3762 -8.9545 141.8412
3680 5280  0.0501 -7.9246 82.1949
4000 5280 -6.3966  0.0183 68.6663
4320 5280 -1.6675  0.1491 78.2429
4640 5280  0.0589  1.4271 54.6027
4960 5280 -0.3287 -0.0041 101.5554
5280 5280  0.0174  0.0194 152.9733
5600 5280  0.0408 -0.0610 141.2726
5920 5280 -6.0277 -3.2141 73.4436
6240 5280  1.2037  7.0049 48.1853
6560 5280  1.0231  7.5206 80.9990
6880 5280 -5.9781  1.7548 82.4287
7200 5280  1.8584 -1.7610 48.6747
7520 5280  0.1383 -5.8146 72.2171
7840 5280 -0.0988 -0.0331 86.0010
8160 5280  4.7247 -7.4499 100.2225
8480 5280 -0.8132 -3.7975 70.4676
8800 5280  1.4205  5.7384 76.2313
9120 5280 -0.0206  0.6008 78.7984
9440 5280  2.0014  0.0358 80.6804
9760 5280  0.3309  2.9669 89.9796
10080 5280  3.7741  5.4521 104.1127
10400 5280  4.6550  0.5036 64.3239
10720 5280 -5.4479 -4.0297 56.0150
11040 5280  0.7223  5.3155 74.0641
11360 5280 -2.1114 -1.1269 57.4098
11680 5280  0.3971  8.1112 200.9021
12000 5280 -4.2760  0.0739 93.8179
12320 5280  5.2967  3.2689 73.5745
12640 5280  0.2181  1.2908 84.6428
12960 5280 -0.2870 -1.6270 71.5549
13280 5280 -6.1200 -1.9684 69.0887
13600 5280  0.0114 -4.5759 129.2095
13920 5280  0.0389  5.7233 126.6391
14240 5280  0.0328  0.0354 104.8730
14560 5280 -0.0360 -2.9443 100.3141
160 5600 -0.0000 -0.0001 73.6096
1440 5600 -0.0012  0.0031 53.7659
1760 5600 -0.0315 -0.0311 77.6810
2080 5600 -0.1602  0.1324 70.9821
2400 5600 -0.0686  0.0256 91.5863
2720 5600 -0.0033 -0.0473 120.4391
3040 5600 -0.0510 -0.0135 97.3302
3360 5600 -0.0333  0.0768 143.4422
3680 5600 -0.0445  3.5085 65.3744
4000 5600 -0.0180  0.5296 104.9942
4320 5600  2.5363 -4.5471 94.2567
4640 5600 -0.0689 -0.0291 127.5163
4960 5600  0.9042  3.6608 85.9368
5280 5600  0.0173  4.0788 110.4158
5600 5600 -3.3981 -0.0098 103.2454
5920 5600  4.0603 -7.8707 70.6101
6240 5600 -4.7144 -7.2201 82.7102
6560 5600  3.0506  0.0107 95.8374
6880 5600 -4.9288 -6.6039 101.8361
7200 5600  0.2808 -0.1315 62.6828
7520 5600 -1.2380  0.0796 79.1702
7840 5600 -5.1354  5.2893 63.9221
8160 5600 -4.5946  0.0997 125.4268
8480 5600 -5.9782  6.1526 57.1979
8800 5600  0.6311  0.9597 57.8764
9120 5600 -2.0145 -0.3202 73.4366
9440 5600  1.7481  0.7267 70.3776
9760 5600  8.0488 -4.9135 77.8439
10080 5600 -1.0385 -5.9556 72.3341
10400 5600 -8.0271 -5.3264 84.4647
10720 5600  4.0706  5.9207 78.3533
11040 5600  0.1088  2.6702 123.9327
11360 5600 -6.3471  0.2839 49.0344
11680 5600 -0.0437 -5.6705 179.7867
12000 5600  3.6895  6.0494 76.0840
12320 5600  0.0688  0.5308 64.0990
12640 5600 -0.0951 -7.2845 65.6564
12960 5600  1.8765 -0.0137 60.0903
13280 5600  4.6430  5.0783 83.2302
13600 5600 -2.9171 -2.1689 86.1804
13920 5600  0.0045 -3.3750 130.8434
14240 5600 -0.1278 -2.7131 98.1308
14560 5600  1.7533  9.0177 105.1313
160 5920  0.0000  0.0000 51.3929
2400 5920 -0.0887  0.8476 58.2185
2720 5920 -0.0775  0.1024 104.7686
3040 5920 -0.0148  0.0653 132.9825
3360 5920  0.0079  0.1229 105.7780
3680 5920 -0.4802  0.0621 132.4965
4000 5920  0.0155  1.7004 153.0170
4320 5920 -1.5161  3.6769 81.8560
4640 5920 -0.0790  1.2639 116.9386
4960 5920  2.1763 -0.0555 97.7092
5280 5920 -9.2129 -4.3830 87.4632
5600 5920  0.1411  4.2797 73.7483
5920 5920  0.6801  0.0438 135.9788
6240 5920  0.0729  6.8118 79.9270
6560 5920  2.4557  7.5482 85.1059
6880 5920  1.1200  4.0017 70.3060
7200 5920  0.0220  1.6739 68.6078
7520 5920 -0.1518 -1.6650 61.2330
7840 5920 -4.9846 -6.3536 64.8032
8160 5920  4.2174 -0.0587 75.6388
8480 5920 -0.0359  0.1518 54.1793
8800 5920 -0.0335 -2.4518 70.7892
9120 5920  0.0813 -1.3435 77.9841
9440 5920  0.9160 -8.0494 72.4688
9760 5920 -7.9770  0.5618 156.6813
10080 5920 -1.4948  5.5867 81.9386
10400 5920 -2.2485  6.3355 87.7439
10720 5920  5.4357  0.1347 123.9277
11040 5920 -3.0632 -7.1215 87.8108
11360 5920  0.0786 -3.7900 96.1647
11680 5920  7.5584  0.1049 131.9420
12000 5920 -0.8495 -4.6295 57.0467
12320 5920 -6.6661 -0.3024 50.5832
12640 5920  0.1548  5.2767 70.1096
12960 5920 -3.8047  0.5755 65.1751
13280 5920 -0.0508 -0.3602 95.2098
13600 5920  5.2218  8.0936 125.1491
13920 5920  0.0621  4.7688 109.6314
14240 5920  0.0139 -4.1927 75.9476
14560 5920 -1.9666 -8.4154 68.6190
160 6240  0.0000  0.0000 43.1456
2720 6240 -0.0531  0.0760 50.7106
3040 6240 -0.1292  0.0884 79.7904
3360 6240  1.0896 -3.9503 81.5994
3680 6240 -5.1565  6.6281 71.6652
4000 6240 -0.1372  0.1124 116.3565
4320 6240 -0.5053 -5.4163 108.5521
4640 6240 -3.0346 -0.0479 92.3078
4960 6240  6.6685 -6.7318 93.0190
5280 6240 -1.1572  3.2893 138.2215
5600 6240  0.0525 -0.0491 72.3052
5920 6240 -1.3745  1.7792 51.9384
6240 6240 -0.0375  0.0691 103.9535
6560 6240 -2.3259 -7.4195 57.7668
6880 6240  0.0968 -5.0323 114.0325
7200 6240 -0.8793 -0.0644 65.9078
7520 6240 -0.1464 -1.3149 54.2256
7840 6240  1.6993  0.0241 68.7061
8160 6240  3.7490  3.5959 82.6976
8480 6240 -3.5330 -3.9170 67.0245
8800 6240  0.0615  0.0207 93.8403
9120 6240 -0.0493 -0.1308 58.4842
9440 6240 -2.2920 -0.0460 99.9735
9760 6240  4.7705 -3.6685 58.7150
10080 6240  0.9847 -5.2889 95.0279
10400 6240 -4.8756 -1.0459 132.4327
10720 6240 -1.8906 -2.5377 77.7003
11040 6240 -0.1568 -2.1112 125.5985
11360 6240  5.3753  4.1411 108.7596
11680 6240 -3.9813 -2.3135 93.0534
12000 6240  3.8433 -2.2897 45.3195
12320 6240  2.8057  6.0364 60.3319
12640 6240 -0.0938 -6.6380 65.6138
12960 6240 -0.0651 -6.6952 111.9609
13280 6240  0.1530 -2.3205 59.9974
13600 6240 -1.7994 -8.2137 135.3464
13920 6240 -0.0443 -3.8192 60.1728
14240 6240 -0.0508 -3.6781 85.3210
14560 6240 -0.0934 -3.2833 82.8032
3360 6560 -0.1629  0.1571 53.4871
3680 6560 -0.0361  0.1062 156.8467
4000 6560  0.0065 -5.6384 56.7811
4320 6560  5.6120 -8.5015 71.4166
4640 6560  7.0414 -5.2162 89.6715
4960 6560 -0.0988  6.6597 59.8374
5280 6560  4.0142 -4.7623 95.5758
5600 6560  4.7408  0.0462 55.4345
5920 6560 -2.3823  0.1515 76.9385
6240 6560 -1.9239  0.0853 44.2999
6560 6560  5.3919 -4.2473 82.1881
6880 6560  0.1521 -0.0907 120.4810
7200 6560  0.7569  3.6193 78.2676
7520 6560 -2.0518  0.0167 75.8423
7840 6560  0.1402  0.1308 83.1873
8160 6560  4.6473  0.0538 91.9443
8480 6560 -0.3454 -0.7762 59.7878
8800 6560 -0.0188 -0.1136 115.2257
9120 6560  4.3004  6.1697 97.1712
9440 6560  3.7464  1.2361 64.2095
9760 6560 -0.8110  0.9462 62.2256
10080 6560  0.1463  4.9142 78.6765
10400 6560 -6.4974  0.0416 175.6838
10720 6560  6.4477 -6.9400 67.6884
11040 6560  0.0370  7.9940 247.9099
11360 6560  4.1553  2.3957 47.4065
11680 6560  5.4209  0.1518 57.0960
12000 6560  6.1484  1.0231 76.0790
12320 6560 -0.1426 -0.1075 80.3541
12640 6560 -0.8371  7.4459 68.3308
12960 6560 -0.0248  0.7749 80.9869
13280 6560 -0.0042  1.2243 119.1854
13600 6560  2.7549  4.7749 113.1583
13920 6560  0.0645  5.4066 104.2153
14240 6560  0.0053  5.0018 101.0629
14560 6560  0.1543  4.7452 49.8318
3680 6880 -0.1134  0.1271 65.4557
4000 6880 -0.0989  0.1045 127.8906
4320 6880  0.0168  4.1803 82.8099
4640 6880 -0.1024  1.4063 89.5185
4960 6880  0.0493  1.4009 78.1886
5280 6880 -2.2150 -0.8789 125.4447
5600 6880  2.7164  0.6259 77.7476
5920 6880  0.8117 -7.3309 90.0683
6240 6880 -5.1436  0.0171 87.6468
6560 6880 -2.2923  4.7274 60.9011
6880 6880  0.1310  1.5613 118.9059
7200 6880  0.1068  4.8591 44.4393
7520 6880  3.1257  0.0695 76.6001
7840 6880 -8.7210 -0.0380 75.4509
8160 6880 -3.8429 -7.4158 62.0934
8480 6880  4.0171 -3.5426 71.0077
8800 6880  3.1331  5.2741 100.7193
9120 6880 -6.8308 -1.1042 59.8912
9440 6880  2.2100  4.4485 52.4306
9760 6880  0.0010 -1.1183 65.6239
10080 6880  0.0040 -1.9067 87.9657
10400 6880 -0.0071  7.9890 94.2803
10720 6880  0.7986  7.8888 73.9447
11040 6880 -4.3515 -3.4003 101.4786
11360 6880  0.0865  0.0096 67.8549
11680 6880  3.1725  3.5825 54.7055
12000 6880  0.0025 -0.0035 101.0149
12320 6880  0.1047 -7.0112 50.1022
12640 6880 -0.0503 -0.0714 64.5003
12960 6880 -4.3851 -5.5333 67.7988
13280 6880  3.7992 -1.2246 84.7484
13600 6880  0.0905  2.0197 119.6699
13920 6880 -0.0309 -0.0318 79.4332
14240 6880 -0.0236 -0.0616 79.4279
14560 6880 -0.0184 -0.0448 108.5026
4000 7200 -0.0280  0.0942 58.8202
4320 7200  0.1092 -0.0712 34.7947
4640 7200 -0.0032 -2.4703 63.1421
4960 7200 -0.0144  0.0528 73.2894
5280 7200  0.1545  0.0342 66.6873
5600 7200  0.6507 -1.0929 85.1425
5920 7200  0.0340 -0.1548 126.2021
6240 7200  8.3274 -2.1740 107.1835
6560 7200 -2.0691 -6.4523 50.3062
6880 7200  1.9026 -0.0162 55.9747
7200 7200 -5.7589  0.0743 112.5249
7520 7200  2.3073  3.4299 53.5625
7840 7200 -7.1809  0.1653 56.6910
8160 7200  2.8493  6.5802 55.2655
8480 7200 -0.1159  3.3707 84.0329
8800 7200  3.4832 -0.0114 81.7827
9120 7200 -6.4900 -0.1945 67.8997
9440 7200  2.1087  7.6827 52.6009
9760 7200 -0.5897 -7.0380 43.0428
10080 7200  0.6303 -3.2638 76.9611
10400 7200  6.6187 -0.0923 59.5595
10720 7200  1.5311 -7.7616 65.2402
11040 7200 -0.0483  3.9349 94.1625
11360 7200  0.0590  4.3736 57.9393
11680 7200  1.9414  0.1135 75.2312
12000 7200 -3.5957 -6.3776 68.7891
12320 7200  5.9027  4.6461 63.8689
12640 7200 -0.6628 -7.4495 91.0578
12960 7200  2.5994  4.0812 48.7998
13280 7200 -2.7373  2.1750 74.9815
13600 7200 -0.0423 -0.7185 75.2321
13920 7200  0.0264 -0.1028 93.6951
14240 7200 -0.0208 -0.0558 90.2195
14560 7200 -0.0012 -0.0245 100.5174
4960 7520  0.0757  2.4310 61.6806
5280 7520 -0.0060  0.0962 105.7993
5600 7520 -0.0360  3.0587 88.0659
5920 7520 -0.0128  0.0748 104.0485
6240 7520  0.0096 -0.0513 110.1818
6560 7520  0.0666  0.0123 89.1472
6880 7520  3.1628  1.8003 62.3812
7200 7520 -3.0538 -3.5204 170.2642
7520 7520  0.9467 -2.6571 94.9980
7840 7520  3.5263  6.8408 120.2701
8160 7520 -0.1289 -0.0263 89.5528
8480 7520  3.1378  0.0775 98.4380
8800 7520 -5.3746 -3.0174 71.8797
9120 7520  4.0138 -3.4014 125.6841
9440 7520 -0.1260 -5.0813 70.5345
9760 7520  3.8177  6.3977 69.8208
10080 7520 -0.0474  4.7950 90.5340
10400 7520 -0.0091 -0.0731 66.4744
10720 7520  1.6723 -1.8705 133.9515
11040 7520  3.8523  4.5050 95.5525
11360 7520 -3.7626 -3.4917 69.8826
11680 7520 -0.5885 -7.2293 59.4532
12000 7520  3.1353  7.0955 73.0689
12320 7520  4.5397 -2.8088 63.9112
12640 7520 -0.0450 -1.4344 64.0239
12960 7520  1.6335  4.5819 95.8271
13280 7520  0.1532  0.9089 74.1602
13600 7520  2.1951 -0.8475 96.9697
13920 7520 -0.0337 -1.0392 91.8943
14240 7520  0.0529 -1.0744 97.8494
14560 7520 -0.0235 -0.8029 73.7429
4320 7840  0.0196  0.0436 64.3488
4640 7840  0.0706  0.0560 74.9596
4960 7840 -0.0410  0.0020 101.8793
5280 7840 -0.0158 -0.0745 154.8855
5600 7840  0.0220 -6.6132 82.0372
5920 7840 -0.1653  0.0353 91.1669
6240 7840  0.0550 -0.0156 98.9564
6560 7840  3.9194  6.3815 185.0747
6880 7840  3.7598 -1.5867 71.7826
7200 7840 -0.0200  0.0914 121.0029
7520 7840 -0.0105  1.0229 75.7766
7840 7840  0.2419 -0.0404 191.8837
8160 7840 -5.3825  2.9513 64.0901
8480 7840 -3.6518 -8.5660 292.2175
8800 7840  9.1094 -7.0326 91.8607
9120 7840 -1.4060  1.5883 87.5575
9440 7840 -0.0654  0.3330 65.1819
9760 7840 -0.1071  0.2524 78.8886
10080 7840  0.0695 -5.3372 67.1941
10400 7840  0.0538 -5.9716 97.9332
10720 7840 -5.6889 -3.7893 69.7408
11040 7840  4.2169 -6.7987 88.8866
11360 7840  0.1448  8.4073 87.2231
11680 7840  3.9534  4.2892 72.6809
12000 7840 -5.0194 -7.9562 78.7628
12320 7840 -0.3827 -4.7075 140.2973
12640 7840 -0.0038  8.1591 70.7159
12960 7840  3.3834  7.8986 138.0787
13280 7840 -0.0017  0.0828 90.7627
13600 7840 -0.0695 -0.1459 60.7635
13920 7840  0.0047 -2.8086 77.0337
14240 7840  0.0555 -2.3826 52.7708
14560 7840 -0.0154 -1.0553 53.5515
4000 8160 -0.0897 -0.2911 59.7621
4320 8160 -0.0941 -0.7947 84.2634
4640 8160  6.1266 -7.1461 77.1862
4960 8160  0.0677  0.0185 113.6992
5280 8160 -3.3613 -0.1236 67.9181
5600 8160 -0.0341  1.4197 76.3417
5920 8160 -8.9048 -5.0593 124.6589
6240 8160  0.0572 -3.2334 109.3894
6560 8160 -0.9513 -0.0010 218.5078
6880 8160  3.7742 -1.2613 215.2768
7200 8160 -0.0119  2.4742 119.8431
7520 8160 -0.0220 -0.7156 77.8423
7840 8160 -0.0507  0.0317 53.4543
8160 8160 -1.0335 -0.1352 43.0955
8480 8160  0.1239 -0.0430 106.2076
8800 8160  1.4478 -0.9535 172.8872
9120 8160  3.6271 -7.2240 78.0506
9440 8160 -2.7714 -0.1305 56.0358
9760 8160 -3.5705 -5.2055 63.2771
10080 8160  0.0149 -0.0023 61.3952
10400 8160  0.0882  0.0273 112.2100
10720 8160 -3.5991  3.5642 70.8549
11040 8160  0.1065  4.5113 77.0882
11360 8160 -0.0639  0.2843 75.2149
11680 8160 -3.2050 -2.5620 67.6013
12000 8160 -4.6699  4.7517 97.5642
12320 8160  2.0841  3.1164 87.2381
12640 8160  0.1231  6.2564 149.9907
12960 8160 -0.0118 -1.6591 63.4958
13280 8160 -3.0834  0.0734 47.4405
13600 8160  0.0906  4.8379 65.9058
13920 8160  2.6439 -1.4611 55.0023
14240 8160 -0.0081  6.6577 67.1744
14560 8160 -0.0286  4.7373 77.6259
4000 8480 -0.0086 -0.0903 46.9287
4320 8480 -0.0637  3.5379 41.6773
4640 8480 -0.0842  3.8675 62.6719
4960 8480 -0.0530  0.0138 90.1027
5280 8480 -0.1593 -3.4568 80.9656
5600 8480  0.0145  0.9520 57.6182
5920 8480 -0.1474  4.4186 110.3523
6240 8480  0.4670 -2.9357 233.1520
6560 8480 -6.1610  0.0412 89.1650
6880 8480  0.5352  1.7098 189.5711
7200 8480 -8.3358 -5.2571 124.2127
7520 8480  0.0557 -2.7630 60.4327
7840 8480 -4.1005  0.1371 82.8231
8160 8480  0.3699 -0.7053 68.7540
8480 8480  2.8416  7.7780 265.8928
8800 8480 -8.3914 -0.0704 86.4869
9120 8480  7.0568 -1.5285 66.0779
9440 8480  0.0587  4.0378 71.6804
9760 8480  0.0324  2.1989 69.1543
10080 8480  0.1474  2.2539 51.3085
10400 8480  0.2471  6.3168 94.0324
10720 8480 -0.0620  0.0473 56.6609
11040 8480 -1.5302 -1.7195 107.2988
11360 8480 -3.5316 -0.0413 109.3978
11680 8480  2.6715 -0.9217 76.4075
12000 8480  7.5487 -6.9653 118.2172
12320 8480  0.0408 -7.6667 84.4841
12640 8480 -5.1678 -8.6055 128.5180
12960 8480  0.1250 -2.2721 72.3164
13280 8480 -0.0061 -6.5855 46.2860
13600 8480 -1.5255 -6.9380 59.5939
13920 8480 -0.0140 -0.1898 67.7531
14240 8480  0.0046 -4.6455 63.3204
14560 8480 -0.1200  1.7024 51.7695
160 8800 -0.0002  0.0006 43.1452
1440 8800  0.1145 -2.5909 59.0940
1760 8800  0.1383 -2.5748 69.1313
2080 8800  0.0229 -0.1091 78.3725
2400 8800 -0.0175  0.1281 75.9733
2720 8800 -0.0379  0.1554 64.4603
3040 8800  0.0864  4.1415 45.4019
3360 8800 -0.0456  0.1183 59.5017
3680 8800  0.0451  1.2572 55.2420
4000 8800 -0.0587  0.7642 49.2582
4320 8800  3.2671 -0.0171 45.2005
4640 8800 -0.0269  0.1213 62.9339
4960 8800 -6.3221  2.0870 41.5431
5280 8800  1.1024  1.0561 53.0295
5600 8800 -4.9620  0.1170 57.8966
5920 8800  0.4456 -6.2448 87.0109
6240 8800  0.1628  0.1460 81.9834
6560 8800 -0.0281  3.2687 106.9156
6880 8800  2.0221 -1.5702 112.1395
7200 8800  0.1605  9.5403 357.6255
7520 8800 -2.7211  3.8343 61.6370
7840 8800 -6.7996 -5.3231 120.0660
8160 8800  7.0098  0.1287 58.4459
8480 8800 -0.5725  1.0743 105.0321
8800 8800 -2.5510  7.8863 112.0342
9120 8800  2.5557  5.0002 124.3087
9440 8800 -4.5877 -2.7293 95.8537
9760 8800 -0.1531  0.0069 58.5617
10080 8800  0.9094 -0.0060 58.4483
10400 8800  0.0195 -0.1442 91.7194
10720 8800  1.7063  0.4238 84.9284
11040 8800  0.0046  0.2090 112.1337
11360 8800  0.0965  6.4333 117.5874
11680 8800 -5.2762  4.3503 45.0415
12000 8800  0.0908  0.0533 90.0899
12320 8800 -8.7448  4.5110 102.2799
12640 8800  4.1494  6.8700 101.5197
12960 8800 -1.6287 -1.0143 74.3376
13280 8800 -0.0699  7.4062 69.6201
13600 8800  0.0531  6.9599 59.0970
13920 8800 -0.0178  1.4584 48.5470
14240 8800  0.0276  1.8621 66.8536
14560 8800 -0.0162  2.6271 66.1273
160 9120 -0.0003 -0.0013 52.8086
800 9120  0.0000 -0.0216 52.8816
1120 9120  2.6667 -0.0328 57.3669
1440 9120  2.1667  5.0693 51.7831
1760 9120  0.0196  0.9285 60.3138
2080 9120  0.1051  0.0672 80.8702
2400 9120  0.0445 -0.0453 70.2502
2720 9120  0.6181 -0.0506 103.0439
3040 9120  0.0396  0.0378 97.2910
3360 9120  0.0218  0.0140 101.5784
3680 9120 -0.0516  0.0338 100.5741
4000 9120 -2.4250  1.7225 92.6194
4320 9120  1.3055  5.9630 62.0570
4640 9120  0.0321  0.0501 94.6833
4960 9120 -4.1121 -0.0292 106.5890
5280 9120 -0.1578  0.0581 48.0543
5600 9120  0.0191  0.2050 64.8841
5920 9120 -2.2063  1.4364 63.3088
6240 9120  0.1216  7.2768 78.5461
6560 9120  0.6953  4.0090 68.6150
6880 9120 -0.0822 -3.8549 115.0405
7200 9120  4.6612 -2.6805 94.7040
7520 9120 -0.1558 -8.5128 260.6861
7840 9120  0.0551  0.0444 50.1565
8160 9120  0.9537  3.8139 89.3019
8480 9120  0.1200 -0.1037 144.6607
8800 9120 -7.5377 -2.3126 147.1034
9120 9120  1.6476 -0.2905 93.1733
9440 9120  0.1391 -0.7893 95.0291
9760 9120 -6.8885 -0.0980 64.2963
10080 9120  2.3795  0.5058 60.4991
10400 9120 -0.0157 -0.0417 85.4211
10720 9120 -1.4996  0.0652 79.1006
11040 9120  3.4702 -0.3186 56.9765
11360 9120 -0.0347 -2.2549 88.4951
11680 9120  1.0028  6.2671 59.5189
12000 9120  1.7832  0.1525 84.0856
12320 9120  0.0086 -0.0039 148.2797
12640 9120 -2.1077 -1.0138 90.6911
12960 9120 -0.1050  3.5130 67.1889
13280 9120 -0.1390  0.7632 53.9820
13600 9120 -0.0567 -5.2343 62.6975
13920 9120  0.0197 -7.0154 67.5219
14240 9120 -0.0633  3.0951 62.8498
14560 9120 -0.0154  3.2840 83.9115
160 9440  0.0001  0.0017 77.0413
800 9440  0.0221  0.0338 68.1223
1120 9440  0.0131 -0.0690 44.4661
1440 9440  0.0051  0.5841 56.1150
1760 9440  0.0526  0.0867 72.3751
2080 9440  0.0430  0.1157 86.7811
2400 9440 -6.8976 -6.6703 95.8350
2720 9440 -0.0421 -8.4572 104.3434
3040 9440  0.0837 -8.6022 135.1840
3360 9440  0.6110 -5.5155 117.1327
3680 9440 -0.0350 -0.0632 102.9633
4000 9440  0.0322 -0.0200 143.8270
4320 9440  0.5828  0.0766 96.3961
4640 9440  0.0149  0.1016 164.3493
4960 9440 -0.0811 -0.0579 87.1818
5280 9440  0.1593  0.0639 93.6396
5600 9440  0.2210  0.9617 77.1431
5920 9440 -0.0542  0.0246 100.2433
6240 9440  8.2348 -8.1408 84.4672
6560 9440  0.0522  0.0037 91.4387
6880 9440  0.1959  2.6995 73.4043
7200 9440 -5.3791  2.2407 60.6633
7520 9440 -0.0722 -4.1876 42.4950
7840 9440  1.0474  5.2990 76.0042
8160 9440  0.0644  0.6360 78.9981
8480 9440  0.0770  2.5071 120.0650
8800 9440  3.3541  0.1325 109.9389
9120 9440  0.2675  5.4417 68.7819
9440 9440  0.0550  6.4628 79.6707
9760 9440  0.1569 -3.1309 137.4215
10080 9440  6.2468 -7.5973 71.0261
10400 9440 -0.1002  0.0605 80.2219
10720 9440  0.0748  6.0399 77.8239
11040 9440 -0.1656  0.3512 80.9107
11360 9440  0.8043  0.0193 81.6731
11680 9440  7.2576 -8.5637 63.9423
12000 9440  0.0437  0.1018 77.0439
12320 9440 -5.4030 -5.1418 70.9467
12640 9440 -0.1308 -0.1169 76.8315
12960 9440  3.9644 -7.2741 76.0391
13280 9440  0.1030 -1.4794 93.3991
13600 9440 -0.1086  0.0904 53.9248
13920 9440 -0.0277  0.0555 84.9975
14240 9440 -0.0120  4.3191 51.1019
14560 9440  0.0339 -5.5724 70.5660
160 9760 -0.0000  0.0011 173.6459
480 9760  0.0823  2.7516 66.3973
800 9760  0.1430  1.6902 68.2819
1120 9760  0.0867  0.6540 60.4059
1440 9760 -0.0179 -6.5339 54.8070
1760 9760 -5.0392 -7.8312 69.3093
2080 9760 -6.4094 -4.7403 54.5753
2400 9760  3.6973  0.0354 87.2613
2720 9760  0.1301  5.9841 78.2556
3040 9760  0.1151  6.4313 116.0940
3360 9760  0.0356  3.3261 94.3155
3680 9760 -0.0352 -1.9682 63.8280
4000 9760  2.2349 -5.9628 103.3603
4320 9760  4.4513 -5.2800 57.5825
4640 9760  0.0700  0.0053 114.8142
4960 9760 -8.6771 -4.5713 80.5311
5280 9760  6.9174 -2.3770 73.8894
5600 9760  0.0154 -0.0333 93.6112
5920 9760 -8.3796 -0.6843 112.5264
6240 9760 -4.8119  0.8362 81.0574
6560 9760  2.7151  2.8603 78.7221
6880 9760  1.4562  2.6488 101.3031
7200 9760 -8.1139 -0.1333 155.5747
7520 9760 -0.1649  3.3504 104.2025
7840 9760  4.9436 -0.1172 108.0647
8160 9760 -0.1521  0.0107 134.3560
8480 9760 -5.5115 -1.1599 109.1592
8800 9760  4.7313 -0.0815 46.6031
9120 9760 -0.8455 -0.0896 76.5842
9440 9760 -7.7503 -0.0522 99.0040
9760 9760  0.1567  2.9908 107.5632
10080 9760 -4.2853 -3.1644 79.8819
10400 9760  1.3925 -6.1069 78.6611
10720 9760 -5.1381 -0.6950 100.3789
11040 9760  0.0637 -0.0086 64.6843
11360 9760  0.0255  4.3636 77.8341
11680 9760  0.0065  2.1544 88.6931
12000 9760 -0.0341  0.1060 72.1022
12320 9760  3.4373 -7.6615 94.3819
12640 9760 -0.0957  6.7682 116.8135
12960 9760  0.1381  6.2722 96.0850
13280 9760 -0.8543  1.2553 66.9033
13600 9760  0.0063  1.3489 104.3716
13920 9760 -0.0202  0.6372 114.1204
14240 9760 -1.2854  0.9506 106.8990
14560 9760  0.0039 -0.0173 78.3894
160 10080  0.0011 -0.0006 4924.7128
480 10080 -0.0338 -0.0181 44.6954
800 10080 -0.1596 -3.3549 45.1915
1120 10080 -1.7917 -6.6440 59.1593
1440 10080  0.0446  3.2187 49.7357
1760 10080  0.1072  5.6971 82.1672
2080 10080  0.0254  4.0997 85.8007
2400 10080  3.4594  0.1137 91.3353
2720 10080  0.0239  0.1316 106.6680
3040 10080 -0.0355 -3.3122 102.9399
3360 10080  0.0774  1.9235 121.8631
3680 10080  0.0089 -1.6118 87.8219
4000 10080 -0.7173 -6.6583 126.3774
4320 10080  0.6616 -7.4851 69.7003
4640 10080  0.0219 -7.7195 103.8638
4960 10080  0.0438  0.3000 76.0437
5280 10080  1.0112  1.5227 76.6411
5600 10080 -0.0635  6.0969 110.2277
5920 10080 -0.1167 -0.0192 77.3753
6240 10080 -2.6697 -0.0024 82.6780
6560 10080  2.2723  0.2654 113.5142
6880 10080  0.5262 -4.7764 87.6809
7200 10080 -7.7446 -0.0594 147.7936
7520 10080 -1.8686 -1.5235 107.1082
7840 10080  0.1193 -0.0050 56.4416
8160 10080 -0.4085 -3.8638 65.7621
8480 10080 -1.0676  4.0412 113.1265
8800 10080 -0.1441 -0.0846 68.5785
9120 10080 -6.1850  5.7654 63.5123
9440 10080  0.0852  6.3803 217.8742
9760 10080 -1.3912  1.3418 80.3071
10080 10080  0.0372  2.1226 56.5394
10400 10080  0.0656  3.1087 104.0089
10720 10080 -0.0543  6.0334 86.2624
11040 10080  0.0941  4.2842 69.3835
11360 10080  0.4195  0.0308 60.7324
11680 10080  0.1482 -0.0338 99.2567
12000 10080  0.0707  2.2926 90.6481
12320 10080  0.0469  3.8158 89.3761
12640 10080  0.0419  0.9791 92.5462
12960 10080  3.9421 -7.0388 87.7109
13280 10080 -0.8570  2.2341 85.7340
13600 10080  0.0039  5.7173 96.8757
13920 10080 -0.1515  2.3991 69.9754
14240 10080  0.0552  2.9009 75.6059
14560 10080 -0.0079  0.0231 52.0845
160 10400     NaN  0.0000 4551.1096
480 10400  0.0021 -0.0090 78.3983
800 10400  1.3289  5.3483 45.9660
1120 10400  1.8372  6.6037 47.6273
1440 10400  0.0005 -0.0253 58.8932
1760 10400 -0.0731 -0.0380 59.5155
2080 10400  0.0949  5.6857 102.7921
2400 10400  0.0473  0.0975 57.8188
2720 10400 -1.3792 -8.5703 104.7049
3040 10400  0.5844 -7.2556 79.0902
3360 10400 -0.1127 -5.7136 82.0832
3680 10400 -1.5078 -0.0716 74.3639
4000 10400 -0.0227 -0.0273 49.8932
4320 10400  3.8138 -0.0779 96.1715
4640 10400 -0.0330 -0.0373 91.6107
4960 10400 -0.0399 -0.0448 83.9873
5280 10400 -0.1373 -7.7821 74.0872
5600 10400 -2.7277 -7.9715 94.4017
5920 10400 -0.0736 -0.0098 123.2830
6240 10400  1.1415  0.0108 124.2311
6560 10400  0.0259  0.0360 73.2737
6880 10400  4.0262  6.4192 86.1874
7200 10400 -0.0984  0.0101 96.8479
7520 10400  1.2523  1.1727 71.4025
7840 10400  0.0153 -0.1122 130.1619
8160 10400 -2.9504 -5.8278 113.2927
8480 10400  4.2858 -3.8722 112.8867
8800 10400  0.5196  0.0159 130.4942
9120 10400 -8.3718 -6.6048 113.7571
9440 10400  0.0095 -7.6204 156.8684
9760 10400 -0.0364  0.7730 208.7400
10080 10400  0.1188  0.7731 92.2111
10400 10400 -3.0881 -1.8950 89.0324
10720 10400  4.0131 -0.0629 96.9477
11040 10400 -0.0654  0.1177 104.9224
11360 10400  3.3962  0.0140 75.7481
11680 10400  1.6370 -0.9528 54.6963
12000 10400  0.0171 -3.0064 80.3395
12320 10400  0.0791  5.7480 116.1801
12640 10400 -0.0616  4.4841 77.4705
12960 10400  0.0017  0.0853 87.0261
13280 10400 -0.0256  0.0220 79.2398
13600 10400  5.1033 -7.4244 83.8423
13920 10400 -0.1083  0.4195 68.0531
14240 10400 -2.1100  5.4031 76.9418
14560 10400 -0.0036  0.0038 96.1697
480 10720  0.0024  0.0060 397.6092
800 10720  0.0231  0.0448 53.3408
1120 10720  0.1492  0.1034 72.4238
1440 10720  0.0539  0.0675 73.6514
1760 10720  0.0639 -0.1048 86.5550
2080 10720 -7.1317 -9.0087 130.5764
2400 10720 -1.3810 -7.5528 59.1402
2720 10720  6.3194  2.1481 85.3249
3040 10720 -1.5735  3.3686 73.9792
3360 10720 -5.0437  5.8704 66.5189
3680 10720  3.1075  7.6619 101.6501
4000 10720 -0.1232  0.2532 115.2660
4320 10720 -0.0561 -0.0433 114.7313
4640 10720  3.6045  0.0701 88.1635
4960 10720 -0.0319  1.3403 69.4016
5280 10720  6.7628  0.5836 92.3748
5600 10720  0.6286  3.2600 67.3312
5920 10720  0.0118  4.8317 103.8740
6240 10720  3.5817  0.0538 106.2793
6560 10720 -0.0868  0.1288 70.2785
6880 10720 -0.0774  0.0348 128.4169
7200 10720  1.3911  1.6226 82.9035
7520 10720 -0.1133 -1.0132 65.6116
7840 10720  0.0434  5.5119 91.4823
8160 10720  0.9399  0.1397 73.0018
8480 10720  2.5473 -7.0318 57.8657
8800 10720  0.0658 -5.2068 67.8624
9120 10720  0.0544  6.6979 110.4981
9440 10720 -4.2894  1.0257 75.5040
9760 10720  0.0270  1.1307 117.5885
10080 10720  0.0553  6.9547 70.1188
10400 10720 -0.0773 -4.1600 72.6221
10720 10720  2.8325  4.8422 84.0209
11040 10720 -0.1277 -5.0420 159.5724
11360 10720 -0.0371 -0.1318 71.2764
11680 10720 -2.4470  5.1165 66.0487
12000 10720  0.0798 -0.0218 94.3987
12320 10720 -0.0370 -6.5260 83.2281
12640 10720 -1.0954  0.0416 55.4875
12960 10720 -1.0418  0.0444 65.3701
13280 10720 -5.3939  2.2662 46.7521
13600 10720 -0.1003  0.6890 73.8833
13920 10720  0.0023  0.0239 56.8940
14240 10720  0.0140 -0.0225 42.3780
14560 10720 -0.0002  0.0001 818.1487
480 11040     NaN  5.5000 5851.4276
800 11040 -0.0118 -0.0107 69.9178
1120 11040 -1.8920  0.0249 85.5206
1440 11040 -6.6905 -8.5677 100.9973
1760 11040 -5.9073 -6.9547 57.3703
2080 11040  3.6475  1.3172 72.2347
2400 11040  4.1688  6.0493 75.8964
2720 11040 -0.0530  0.0070 98.9077
3040 11040 -5.7706 -4.3696 65.1258
3360 11040  5.8549  4.2766 65.5114
3680 11040  4.0741  0.0326 96.0781
4000 11040 -7.6401 -5.3261 76.2307
4320 11040 -0.0044  4.6859 99.2447
4640 11040  6.2139  4.3713 131.5176
4960 11040 -6.4811  1.5675 76.6169
5280 11040 -5.6985 -0.5767 80.1392
5600 11040  7.4926 -0.0286 56.0839
5920 11040 -6.0141 -8.0885 93.9195
6240 11040  0.7658  3.8888 71.7682
6560 11040 -2.8280 -1.1281 81.7871
6880 11040 -6.7802 -2.3210 86.6684
7200 11040 -1.6676  0.1125 105.0228
7520 11040  2.0562  0.7412 62.5350
7840 11040 -7.4727 -0.9582 113.9896
8160 11040  0.0812 -0.0708 83.0202
8480 11040  0.6754  0.0583 108.1638
8800 11040  2.5011  7.3285 60.7932
9120 11040  3.4032  0.0070 91.4821
9440 11040 -0.0075  0.3161 100.3931
9760 11040 -0.0599  1.8261 112.2298
10080 11040 -7.0475  0.0161 67.1672
10400 11040  2.4550  5.5015 102.6960
10720 11040 -1.8934 -3.0298 67.1993
11040 11040 -4.9618  0.6404 48.7153
11360 11040  3.3881 -1.3908 61.2210
11680 11040  0.0415  5.0175 55.1419
12000 11040 -1.9879  0.0488 85.5753
12320 11040  0.0112 -0.0312 97.8998
12640 11040 -0.0343  0.0278 85.4784
12960 11040  2.7064 -8.5606 44.4274
13280 11040 -2.6074  0.0561 65.8293
13600 11040  0.0573  3.8066 74.5609
13920 11040  0.0354  5.2250 74.5170
14240 11040 -0.0006  0.0075 83.5789
800 11360 -0.0019 -0.0017 480.1758
1120 11360 -1.9815 -5.9304 40.8544
1440 11360  0.0471 -0.0923 58.1372
1760 11360  3.1184  5.3831 65.1292
2080 11360 -0.1058 -0.0688 61.3458
2400 11360  0.0704  0.1266 137.4815
2720 11360 -6.7953 -4.0621 57.6686
3040 11360  0.0979 -0.0387 40.0613
3360 11360  4.9938  1.3395 58.5532
3680 11360 -5.2555 -6.5792 86.9284
4000 11360  7.2855  0.9886 66.0257
4320 11360  1.6544  6.6830 65.2355
4640 11360  0.6869 -1.2364 69.5330
4960 11360  0.2917 -7.7133 68.1555
5280 11360  0.1223  4.9900 104.9799
5600 11360  1.4586  0.1268 133.5890
5920 11360 -5.2802 -0.0577 77.3945
6240 11360 -0.0939  0.0325 54.4857
6560 11360 -8.5018 -4.3658 81.2209
6880 11360  1.1457  0.1477 95.4715
7200 11360  0.0081  4.6636 90.3719
7520 11360 -7.4383  2.0129 90.1586
7840 11360 -4.5103  0.0933 88.3721
8160 11360  0.0022 -0.0761 69.6811
8480 11360  2.7579  3.2060 69.4424
8800 11360 -0.0806  7.1295 87.4861
9120 11360  2.0794 -0.0461 88.4680
9440 11360 -1.5291 -6.7830 90.6562
9760 11360 -4.3636 -3.5114 58.9471
10080 11360  0.0473  3.6937 131.2487
10400 11360  0.0367  0.0634 102.6354
10720 11360 -7.5999 -1.9903 49.3381
11040 11360  0.1332 -0.6701 55.2171
11360 11360 -0.2466  4.1936 86.2193
11680 11360  0.8978 -4.9414 59.4041
12000 11360 -0.0668 -2.5971 82.7846
12320 11360 -0.1289  2.1479 53.5541
12640 11360 -3.2551  0.9929 82.2800
12960 11360 -0.0945  0.0253 70.1309
13280 11360  0.1449 -0.1505 143.2173
13600 11360  3.6578 -1.5724 61.3670
13920 11360  0.0040 -0.0016 47.6610
14240 11360  0.0000  0.0000 957.3764
800 11680     NaN  0.0000 10239.9976
1120 11680  0.0001  0.0046 101.1755
1440 11680  4.5767  5.9999 75.2205
1760 11680  0.0024 -0.2653 83.6650
2080 11680  0.1078  0.1024 180.9983
2400 11680  0.0727  0.6705 123.0582
2720 11680  3.1519  7.4235 48.0174
3040 11680  5.4244  5.5000 60.3201
3360 11680 -4.2807 -7.0892 64.6088
3680 11680  4.8226  2.7094 69.1455
4000 11680 -5.2929  0.7211 71.6207
4320 11680  3.0796  6.4005 74.5243
4640 11680 -1.0270  1.3565 80.0331
4960 11680 -0.1239 -0.5660 62.7783
5280 11680  4.0465  4.4086 62.1841
5600 11680 -5.2843 -6.0878 64.0575
5920 11680  5.6052 -6.5090 90.5724
6240 11680 -0.1233 -1.8260 53.0551
6560 11680 -2.2355  0.0800 58.9303
6880 11680  4.6824 -0.1505 110.6421
7200 11680  0.0014 -0.0971 133.2344
7520 11680 -3.5768 -7.7724 74.5634
7840 11680  0.0687 -0.0679 64.0478
8160 11680  4.7416  0.1274 64.5825
8480 11680  4.9439 -6.1131 103.4278
8800 11680 -8.1216  0.0266 70.8311
9120 11680 -1.6937  4.2630 83.2734
9440 11680  2.3332  4.3795 85.5926
9760 11680 -0.0065  4.7216 77.0229
10080 11680  1.5695 -4.5940 67.0806
10400 11680 -6.4406  0.1326 72.5255
10720 11680 -0.0285  0.0672 112.7895
11040 11680  0.0326 -0.0173 74.5590
11360 11680 -0.0712 -4.5055 73.7348
11680 11680  6.9599 -6.2024 64.2371
12000 11680 -0.0891 -1.2571 106.0548
12320 11680 -1.0915  3.7609 91.9060
12640 11680 -0.8642  4.2285 76.5499
12960 11680 -1.0129  4.6345 56.3863
13280 11680 -0.9526  4.9659 59.4994
13600 11680  0.0244 -0.0359 108.8229
13920 11680  0.0001 -0.0024 133.0267
14240 11680     NaN  0.0000 20479.9927
1120 12000 -0.0013  0.0046 6591.7462
1440 12000  0.0074  0.0038 64.5207
1760 12000  0.1038  0.6984 89.8128
2080 12000  0.1634  0.1367 147.5245
2400 12000 -0.1120 -2.6754 73.6582
2720 12000  6.4813  6.6415 50.4562
3040 12000 -4.9280 -4.2455 89.1126
3360 12000  0.5644  4.6166 59.2645
3680 12000  2.0398 -1.9685 90.4229
4000 12000  4.2934  1.1882 56.6323
4320 12000  2.6398  2.5836 50.8910
4640 12000 -5.3399 -7.2176 86.9372
4960 12000  0.0753  0.0526 63.3505
5280 12000  0.5083  3.3359 86.5028
5600 12000  2.9046  6.3880 65.1258
5920 12000  3.0438  5.4677 71.9574
6240 12000 -0.0108  0.1266 79.9336
6560 12000  0.0632  0.0082 82.6275
6880 12000  3.0563  5.3132 70.7028
7200 12000  0.8462 -2.3338 89.5751
7520 12000  2.9434  6.5900 132.5472
7840 12000  0.8755  1.4153 79.8615
8160 12000  0.8617  1.6485 122.1760
8480 12000 -0.0689  3.4312 77.8519
8800 12000 -3.8823 -0.0709 85.4193
9120 12000 -0.0871  0.0750 86.3075
9440 12000 -0.7357  0.1059 84.1697
9760 12000  1.0151 -0.0449 80.7565
10080 12000  0.0146  0.5634 70.1461
10400 12000  0.0760 -1.2145 39.6450
10720 12000  0.0006 -3.9499 81.6690
11040 12000  0.0090  0.0059 70.1140
11360 12000  2.1176  1.2152 91.3456
11680 12000 -7.2473  5.2286 96.3034
12000 12000 -1.9451 -0.6830 87.0756
12320 12000 -0.0799 -0.0282 78.2013
12640 12000 -4.4348  0.1111 60.3113
12960 12000 -2.0759  4.0169 84.2023
13280 12000  2.8547 -0.0624 56.1757
13600 12000 -0.0014  0.0051 66.1987
13920 12000  0.0022 -0.3333 4551.1096
1440 12320  0.0015  0.0042 581.8747
1760 12320 -0.0172 -0.0460 47.3723
2080 12320 -3.3323 -0.0163 72.7686
2400 12320  0.7932  0.1298 52.9812
2720 12320 -4.0376 -4.3739 96.7142
3040 12320 -2.5665 -0.0307 100.6575
3360 12320  0.1320  1.1494 74.6882
3680 12320  2.4453  7.3927 132.2491
4000 12320  0.0741  0.1292 116.2084
4320 12320 -2.6691 -6.5737 80.6782
4640 12320  0.1095  1.1764 147.2592
4960 12320  5.6031  3.8595 85.4733
5280 12320  0.0601  0.1267 103.8923
5600 12320  5.6357  0.0171 92.5111
5920 12320  1.9997 -7.0558 137.8967
6240 12320  2.4477  0.0432 80.6567
6560 12320  0.2814  0.1455 137.0683
6880 12320  0.7024 -3.6515 79.2771
7200 12320 -0.8413 -0.1102 89.2144
7520 12320  6.0152 -0.1177 95.1032
7840 12320 -1.1026 -0.0037 108.9825
8160 12320  4.0850 -0.0890 88.7838
8480 12320 -0.0249 -2.7218 96.2329
8800 12320 -0.0399 -0.0470 79.0458
9120 12320 -4.0908  0.0421 70.6995
9440 12320  0.1101  0.9180 127.0601
9760 12320 -4.0186  0.0321 68.1424
10080 12320  3.3692 -0.0010 59.8876
10400 12320  5.4716 -0.0999 57.8007
10720 12320 -1.9609  1.3906 75.9870
11040 12320  0.0850  0.0060 100.8213
11360 12320  4.6320 -3.6041 60.8779
11680 12320 -0.1524  1.1199 88.8530
12000 12320 -0.8028  0.0897 61.7894
12320 12320 -1.0592  1.4503 67.5440
12640 12320 -0.1051  0.1215 88.2521
12960 12320 -0.1211  0.7710 57.4222
13280 12320 -0.0132  0.0189 50.4889
13600 12320 -0.0002 -0.0007 1096.2503
1760 12640  0.0047 -0.0047 273.1867
2080 12640  0.0229  0.0181 45.0130
2400 12640 -4.6504 -4.6322 82.4267
2720 12640  5.3896  5.0815 66.0451
3040 12640  3.6133  0.1484 73.5623
3360 12640  5.3715  3.7935 91.9278
3680 12640 -1.7791 -0.1491 136.4745
4000 12640 -6.9850 -3.7544 146.1518
4320 12640  0.0252 -0.0437 55.0050
4640 12640  6.5947  0.0848 61.5232
4960 12640  0.0743 -2.6244 62.0015
5280 12640 -3.7534 -5.9951 101.7980
5600 12640 -6.5674 -0.0540 63.1623
5920 12640 -0.9527  0.0162 67.4868
6240 12640  0.0934  1.2175 103.9269
6560 12640  3.0853 -3.5270 132.7844
6880 12640  5.6332  2.1452 52.3771
7200 12640  4.0061 -0.0186 60.5231
7520 12640  2.6407  0.1237 87.1117
7840 12640 -0.0345  1.1667 82.1678
8160 12640  0.4611  0.0343 65.6462
8480 12640 -5.8457 -0.1577 77.0089
8800 12640  0.0342 -0.0400 114.2573
9120 12640  0.3189  0.0410 66.1389
9440 12640  0.0304 -0.0775 76.7938
9760 12640  1.3593  0.0524 93.1502
10080 12640  0.2383  0.0422 95.5251
10400 12640  0.0086  0.1056 85.0635
10720 12640 -4.4891 -2.2855 64.9734
11040 12640  0.0972 -0.0566 71.0333
11360 12640 -0.0652  0.1441 98.5288
11680 12640  6.4314 -2.1422 67.4245
12000 12640 -4.3183  3.5839 59.8220
12320 12640 -0.9787  0.0669 88.0261
12640 12640 -0.0371  2.6204 71.6596
12960 12640  0.0503 -0.0331 49.7394
13280 12640  0.0028 -0.0005 413.7431
2080 12960 -0.0009  0.0008 221.9954
2400 12960 -0.0032  0.0011 45.6401
2720 12960  0.9458  1.9540 80.3841
3040 12960  5.9040  3.6583 75.9622
3360 12960  0.1362  2.8797 66.7310
3680 12960  2.5945  0.0102 74.3092
4000 12960  7.4478  0.1654 57.4998
4320 12960  2.5417  1.9269 46.9610
4640 12960 -1.8518  0.1307 43.2215
4960 12960 -0.0968 -0.2022 65.2067
5280 12960  3.8220  0.1528 74.6264
5600 12960 -5.9119  0.0201 97.2195
5920 12960 -0.0064  0.1246 64.8949
6240 12960 -7.6744 -4.7441 115.2763
6560 12960  0.4424  0.0450 135.3828
6880 12960  5.8351 -0.0559 39.8515
7200 12960  3.3818  3.4633 71.3569
7520 12960 -0.0644 -4.9233 75.7193
7840 12960  0.0395 -5.8321 104.5403
8160 12960  0.8901 -0.0710 122.2776
8480 12960 -6.7296 -0.1349 104.2333
8800 12960  0.0475  0.0733 112.9507
9120 12960  0.1421 -0.0685 72.9742
9440 12960 -0.0194  0.1445 114.0050
9760 12960  1.3080 -0.0222 88.4315
10080 12960 -1.0656 -0.0539 63.7310
10400 12960 -0.0829 -1.7935 49.6298
10720 12960  0.0734 -0.6667 78.6742
11040 12960  0.0310  2.5000 57.9569
11360 12960  2.7243 -0.1306 66.2512
11680 12960 -0.6318  3.1786 78.6663
12000 12960  4.3938 -3.4912 84.3171
12320 12960 -4.1053  4.1404 56.8896
12640 12960 -0.0612 -0.0013 46.1058
12960 12960 -0.0044  0.0010 306.1973
2400 13280 -0.0044 -0.0079 286.7508
2720 13280  0.0861  0.0720 42.5134
3040 13280  3.3812  0.6773 66.6706
3360 13280  2.6646  2.2889 71.1123
3680 13280 -6.4221 -5.0896 69.2094
4000 13280 -1.9984 -0.0813 81.3671
4320 13280  5.6377  2.5760 70.5658
4640 13280 -4.9599  0.0330 62.9588
4960 13280 -5.6027 -0.0710 66.1484
5280 13280  4.7773  2.1457 81.3308
5600 13280  3.1278  1.3465 56.4611
5920 13280 -0.0153  0.0264 57.7663
6240 13280  3.0347  0.1105 113.9155
6560 13280  0.1604  0.0443 65.9054
6880 13280  4.0287  0.0322 74.2009
7200 13280 -6.6467 -0.0570 100.4340
7520 13280  5.3369  0.1629 68.1867
7840 13280  0.0004  0.0680 132.4084
8160 13280  1.0000 -4.4334 82.5392
8480 13280 -6.0076  0.0697 76.5238
8800 13280  1.5076  0.0740 77.8141
9120 13280  1.7171 -0.0925 57.9667
9440 13280 -1.2884 -0.0708 73.7807
9760 13280 -0.0704  0.0282 79.0669
10080 13280 -5.5115 -0.0246 109.4082
10400 13280 -1.9656 -0.0681 79.1771
10720 13280 -0.0717  5.2397 60.3639
11040 13280 -0.0837  0.1293 200.5225
11360 13280  0.9134 -0.1300 67.5278
11680 13280  3.4890 -4.8301 62.3722
12000 13280 -3.6557  0.1092 68.0889
12320 13280  0.0090 -0.0113 49.9683
12640 13280 -0.0007  0.0013 414.8156
2720 13600 -0.0056 -0.0064 655.3658
3040 13600  0.0027  0.0017 59.7767
3360 13600 -7.7697 -6.3901 145.7009
3680 13600  6.2327  3.5373 80.7073
4000 13600  4.8099  0.1581 55.4229
4320 13600 -2.8827 -0.0450 46.6528
4640 13600  6.1114  4.7159 59.2884
4960 13600 -6.3985 -0.4601 80.7878
5280 13600  2.6522  1.9490 63.6447
5600 13600  5.0919  0.7255 99.0861
5920 13600  0.0366 -0.0231 73.2489
6240 13600  6.9326  0.0240 81.1446
6560 13600  0.2271 -0.0047 57.7382
6880 13600  1.2648  0.1540 50.4587
7200 13600 -6.0246 -0.0754 69.5657
7520 13600  3.4119  0.1169 79.6437
7840 13600 -0.0302 -0.1032 91.3434
8160 13600  0.9053  0.0212 120.3344
8480 13600 -1.2532 -7.9395 68.3328
8800 13600 -4.4414 -3.7425 99.0982
9120 13600 -0.0049 -0.0393 99.6220
9440 13600 -0.0595  0.1194 93.7163
9760 13600 -0.1125  0.1310 122.1536
10080 13600 -3.3220  0.0314 127.7718
10400 13600 -0.9619 -0.0347 64.8771
10720 13600 -0.0810  0.0800 91.0503
11040 13600 -3.6024  0.0345 69.1256
11360 13600 -0.9105  0.0370 96.2900
11680 13600 -2.0401  0.0448 68.5143
12000 13600  0.0057 -0.0233 66.0781
12320 13600 -0.0061 -0.0004 1101.1829
3040 13920 -0.0056 -0.0001 8069.6454
3360 13920 -0.0080 -0.0051 110.2634
3680 13920 -1.7065 -0.6157 52.5821
4000 13920  6.2847  1.6496 67.0331
4320 13920 -3.3686 -2.7481 57.8599
4640 13920  6.7099  0.3649 58.6437
4960 13920  5.3969  0.1088 91.0798
5280 13920 -3.2985 -0.0613 71.3852
5600 13920 -1.4146 -0.0765 97.6259
5920 13920 -6.6209  0.0100 77.2150
6240 13920 -1.1154 -0.0682 81.4065
6560 13920  1.3679  0.0362 64.8762
6880 13920 -0.0304  0.0374 75.0302
7200 13920 -6.1811 -0.0862 73.8828
7520 13920  0.9258  0.0842 86.6984
7840 13920 -0.0584  0.0031 73.6439
8160 13920  0.1197  0.0356 107.5177
8480 13920 -6.3609  0.0274 120.3298
8800 13920 -2.6454 -0.0004 96.9015
9120 13920  0.0150 -0.0104 101.7178
9440 13920  0.0262 -0.0416 78.9188
9760 13920 -0.1119  0.0362 88.6805
10080 13920  8.8473 -6.9018 55.2165
10400 13920 -0.3775  0.0614 67.1428
10720 13920  3.3313  0.0702 81.9307
11040 13920  7.2935 -0.1337 62.3823
11360 13920 -0.0122  0.0170 48.9588
11680 13920 -0.0191 -0.0017 133.2451
12000 13920  1.5000     NaN 2925.7135
3680 14240  0.0120  0.0054 634.5115
4000 14240 -0.0116 -0.0066 75.0117
4320 14240  7.2647  1.9384 37.0591
4640 14240 -6.6349 -1.1644 83.0408
4960 14240  5.0917  0.1399 87.7266
5280 14240  1.0879  0.0653 57.5322
5600 14240 -1.0548 -0.0665 93.0171
5920 14240 -3.9808 -0.0289 82.7348
6240 14240 -2.4536 -0.0229 83.1517
6560 14240 -0.6106  0.0144 59.6258
6880 14240  0.7221  0.0544 87.9774
7200 14240  1.4572  0.0383 41.4302
7520 14240  0.6880  0.0150 78.3820
7840 14240  0.0082  0.0026 73.6178
8160 14240 -0.0007  0.0394 90.1168
8480 14240 -7.0442  0.0582 98.9467
8800 14240  8.5788 -2.7206 100.3154
9120 14240 -1.7599  0.0647 59.1464
9440 14240 -0.0428  0.0620 116.3986
9760 14240  0.0557 -0.0299 126.2752
10080 14240 -0.0524  0.0023 113.0514
10400 14240 -2.0394  4.2250 89.8371
10720 14240 -0.0065  0.0033 45.0619
11040 14240  0.0010  0.0011 83.7899
11360 14240  0.0009 -0.0013 945.7905
4320 14560  0.0046  0.0011 575.3377
4640 14560  0.0219 -0.0009 85.8180
4960 14560 -3.6815 -1.2223 45.7144
5280 14560  5.8366 -0.1324 85.2424
5600 14560 -0.0244 -0.0086 106.1411
5920 14560 -2.7406 -0.1373 80.6391
6240 14560 -4.4334 -0.0840 75.0159
6560 14560 -1.1199 -0.0105 68.9037
6880 14560  0.0920  0.0249 106.8387
7200 14560  1.5717  0.0012 53.2375
7520 14560  0.4060  0.0052 88.9945
7840 14560  0.0487 -0.0061 79.7552
8160 14560  0.0501 -0.0439 88.9497
8480 14560 -9.0230  0.1195 124.4991
8800 14560  8.6400 -0.0211 75.7117
9120 14560 -4.3572  0.0630 98.1128
9440 14560  3.0943 -0.0218 65.2068
9760 14560  0.0121  0.0076 129.6871
10080 14560 -0.0040 -0.0029 53.7446
10400 14560  0.0069  0.0018 96.4439
10720 14560 -0.0063 -0.0001 808.6554
  0   0  0.0000  0.0000  0.0000
  0   0  0.0000  0.0000  0.0000
  0   0  0.0000  0.0000  0.0000
  0   0  0.0000  0.0000  0.0000
  0   0  0.0000  0.0000  0.0000
  0   0  0.0000  0.0000  0.0000
  0   0  0.0000  0.0000  0.0000
  0   0  0.0000  0.0000  0.0000
  0   0  0.0000  0.0000  0.0000
  0   0  0.0000  0.0000  0.0000
  0   0  0.0000  0.0000  0.0000
  0   0  0.0000  0.0000  0.0000
  0   0  0.0000  0.0000  0.0000
  0   0  0.0000  0.0000  0.0000
  0   0  0.0000  0.0000  0.0000
  0   0  0.0000  0.0000  0.0000
  0   0  0.0000  0.0000  0.0000
  0   0  0.0000  0.0000  0.0000
  0   0  0.0000  0.0000  0.0000
  0   0  0.0000  0.0000  0.0000
  0   0  0.0000  0.0000  0.0000
  0   0  0.0000  0.0000  0.0000
  0   0  0.0000  0.0000  0.0000
  0   0  0.0000  0.0000  0.0000
  0   0  0.0000  0.0000  0.0000
  0   0  0.0000  0.0000  0.0000
  0   0  0.0000  0.0000  0.0000
  0   0  0.0000  0.0000  0.0000
  0   0  0.0000  0.0000  0.0000
  0   0  0.0000  0.0000  0.0000
  0   0  0.0000  0.0000  0.0000
  0   0  0.0000  0.0000  0.0000
  0   0  0.0000  0.0000  0.0000
  0   0  0.0000  0.0000  0.0000
  0   0  0.0000  0.0000  0.0000
  0   0  0.0000  0.0000  0.0000
  0   0  0.0000  0.0000  0.0000
  0   0  0.0000  0.0000  0.0000
  0   0  0.0000  0.0000  0.0000
  0   0  0.0000  0.0000  0.0000
  0   0  0.0000  0.0000  0.0000
  0   0  0.0000  0.0000  0.0000
  0   0  0.0000  0.0000  0.0000
  0   0  0.0000  0.0000  0.0000
  0   0  0.0000  0.0000  0.0000
  0   0  0.0000  0.0000  0.0000
  0   0  0.0000  0.0000  0.0000
  0   0  0.0000  0.0000  0.0000
  0   0  0.0000  0.0000  0.0000
  0   0  0.0000  0.0000  0.0000
  0   0  0.0000  0.0000  0.0000
  0   0  0.0000  0.0000  0.0000
  0   0  0.0000  0.0000  0.0000
  0   0  0.0000  0.0000  0.0000
  0   0  0.0000  0.0000  0.0000
  0   0  0.0000  0.0000  0.0000
  0   0  0.0000  0.0000  0.0000
  0   0  0.0000  0.0000  0.0000
  0   0  0.0000  0.0000  0.0000
  0   0  0.0000  0.0000  0.0000
  0   0  0.0000  0.0000  0.0000
  0   0  0.0000  0.0000  0.0000
  0   0  0.0000  0.0000  0.0000
  0   0  0.0000  0.0000  0.0000
  0   0  0.0000  0.0000  0.0000
  0   0  0.0000  0.0000  0.0000
  0   0  0.0000  0.0000  0.0000
  0   0  0.0000  0.0000  0.0000
  0   0  0.0000  0.0000  0.0000
  0   0  0.0000  0.0000  0.0000
  0   0  0.0000  0.0000  0.0000
  0   0  0.0000  0.0000  0.0000
  0   0  0.0000  0.0000  0.0000
  0   0  0.0000  0.0000  0.0000
  0   0  0.0000  0.0000  0.0000
  0   0  0.0000  0.0000  0.0000
  0   0  0.0000  0.0000  0.0000
  0   0  0.0000  0.0000  0.0000
  0   0  0.0000  0.0000  0.0000
  0   0  0.0000  0.0000  0.0000
  0   0  0.0000  0.0000  0.0000
  0   0  0.0000  0.0000  0.0000
  0   0  0.0000  0.0000  0.0000
  0   0  0.0000  0.0000  0.0000
  0   0  0.0000  0.0000  0.0000
  0   0  0.0000  0.0000  0.0000
  0   0  0.0000  0.0000  0.0000
  0   0  0.0000  0.0000  0.0000
  0   0  0.0000  0.0000  0.0000
  0   0  0.0000  0.0000  0.0000
  0   0  0.0000  0.0000  0.0000
  0   0  0.0000  0.0000  0.0000
  0   0  0.0000  0.0000  0.0000
  0   0  0.0000  0.0000  0.0000
  0   0  0.0000  0.0000  0.0000
  0   0  0.0000  0.0000  0.0000
  0   0  0.0000  0.0000  0.0000
  0   0  0.0000  0.0000  0.0000
  0   0  0.0000  0.0000  0.0000
  0   0  0.0000  0.0000  0.0000
  0   0  0.0000  0.0000  0.0000
  0   0  0.0000  0.0000  0.0000
  0   0  0.0000  0.0000  0.0000
  0   0  0.0000  0.0000  0.0000
  0   0  0.0000  0.0000  0.0000
  0   0  0.0000  0.0000  0.0000
  0   0  0.0000  0.0000  0.0000
  0   0  0.0000  0.0000  0.0000
  0   0  0.0000  0.0000  0.0000
  0   0  0.0000  0.0000  0.0000
  0   0  0.0000  0.0000  0.0000
  0   0  0.0000  0.0000  0.0000
  0   0  0.0000  0.0000  0.0000
  0   0  0.0000  0.0000  0.0000
  0   0  0.0000  0.0000  0.0000
  0   0  0.0000  0.0000  0.0000
  0   0  0.0000  0.0000  0.0000
  0   0  0.0000  0.0000  0.0000
  0   0  0.0000  0.0000  0.0000
  0   0  0.0000  0.0000  0.0000
  0   0  0.0000  0.0000  0.0000
  0   0  0.0000  0.0000  0.0000
  0   0  0.0000  0.0000  0.0000
  0   0  0.0000  0.0000  0.0000
  0   0  0.0000  0.0000  0.0000
  0   0  0.0000  0.0000  0.0000
  0   0  0.0000  0.0000  0.0000
  0   0  0.0000  0.0000  0.0000
  0   0  0.0000  0.0000  0.0000
  0   0  0.0000  0.0000  0.0000
  0   0  0.0000  0.0000  0.0000
  0   0  0.0000  0.0000  0.0000
  0   0  0.0000  0.0000  0.0000
  0   0  0.0000  0.0000  0.0000
  0   0  0.0000  0.0000  0.0000
  0   0  0.0000  0.0000  0.0000
  0   0  0.0000  0.0000  0.0000
  0   0  0.0000  0.0000  0.0000
  0   0  0.0000  0.0000  0.0000
  0   0  0.0000  0.0000  0.0000
  0   0  0.0000  0.0000  0.0000
  0   0  0.0000  0.0000  0.0000
  0   0  0.0000  0.0000  0.0000
  0   0  0.0000  0.0000  0.0000
  0   0  0.0000  0.0000  0.0000
  0   0  0.0000  0.0000  0.0000
  0   0  0.0000  0.0000  0.0000
  0   0  0.0000  0.0000  0.0000
  0   0  0.0000  0.0000  0.0000
  0   0  0.0000  0.0000  0.0000
  0   0  0.0000  0.0000  0.0000
  0   0  0.0000  0.0000  0.0000
  0   0  0.0000  0.0000  0.0000
  0   0  0.0000  0.0000  0.0000
  0   0  0.0000  0.0000  0.0000
  0   0  0.0000  0.0000  0.0000
  0   0  0.0000  0.0000  0.0000
  0   0  0.0000  0.0000  0.0000
  0   0  0.0000  0.0000  0.0000
  0   0  0.0000  0.0000  0.0000
  0   0  0.0000  0.0000  0.0000
  0   0  0.0000  0.0000  0.0000
  0   0  0.0000  0.0000  0.0000
  0   0  0.0000  0.0000  0.0000
  0   0  0.0000  0.0000  0.0000
  0   0  0.0000  0.0000  0.0000
  0   0  0.0000  0.0000  0.0000
  0   0  0.0000  0.0000  0.0000
  0   0  0.0000  0.0000  0.0000
  0   0  0.0000  0.0000  0.0000
  0   0  0.0000  0.0000  0.0000
  0   0  0.0000  0.0000  0.0000
  0   0  0.0000  0.0000  0.0000
  0   0  0.0000  0.0000  0.0000
  0   0  0.0000  0.0000  0.0000
  0   0  0.0000  0.0000  0.0000
  0   0  0.0000  0.0000  0.0000
  0   0  0.0000  0.0000  0.0000
  0   0  0.0000  0.0000  0.0000
  0   0  0.0000  0.0000  0.0000
  0   0  0.0000  0.0000  0.0000
  0   0  0.0000  0.0000  0.0000
  0   0  0.0000  0.0000  0.0000
  0   0  0.0000  0.0000  0.0000
  0   0  0.0000  0.0000  0.0000
  0   0  0.0000  0.0000  0.0000
  0   0  0.0000  0.0000  0.0000
  0   0  0.0000  0.0000  0.0000
  0   0  0.0000  0.0000  0.0000
  0   0  0.0000  0.0000  0.0000
  0   0  0.0000  0.0000  0.0000
  0   0  0.0000  0.0000  0.0000
  0   0  0.0000  0.0000  0.0000
  0   0  0.0000  0.0000  0.0000
  0   0  0.0000  0.0000  0.0000
  0   0  0.0000  0.0000  0.0000
  0   0  0.0000  0.0000  0.0000
  0   0  0.0000  0.0000  0.0000
  0   0  0.0000  0.0000  0.0000
  0   0  0.0000  0.0000  0.0000
  0   0  0.0000  0.0000  0.0000
  0   0  0.0000  0.0000  0.0000
  0   0  0.0000  0.0000  0.0000
  0   0  0.0000  0.0000  0.0000
  0   0  0.0000  0.0000  0.0000
  0   0  0.0000  0.0000  0.0000
  0   0  0.0000  0.0000  0.0000
  0   0  0.0000  0.0000  0.0000
  0   0  0.0000  0.0000  0.0000
  0   0  0.0000  0.0000  0.0000
  0   0  0.0000  0.0000  0.0000
  0   0  0.0000  0.0000  0.0000
  0   0  0.0000  0.0000  0.0000
  0   0  0.0000  0.0000  0.0000
  0   0  0.0000  0.0000  0.0000
  0   0  0.0000  0.0000  0.0000
  0   0  0.0000  0.0000  0.0000
  0   0  0.0000  0.0000  0.0000
  0   0  0.0000  0.0000  0.0000
  0   0  0.0000  0.0000  0.0000
  0   0  0.0000  0.0000  0.0000
  0   0  0.0000  0.0000  0.0000
  0   0  0.0000  0.0000  0.0000
  0   0  0.0000  0.0000  0.0000
  0   0  0.0000  0.0000  0.0000
  0   0  0.0000  0.0000  0.0000
  0   0  0.0000  0.0000  0.0000
  0   0  0.0000  0.0000  0.0000
  0   0  0.0000  0.0000  0.0000
  0   0  0.0000  0.0000  0.0000
  0   0  0.0000  0.0000  0.0000
  0   0  0.0000  0.0000  0.0000
  0   0  0.0000  0.0000  0.0000
  0   0  0.0000  0.0000  0.0000
  0   0  0.0000  0.0000  0.0000
  0   0  0.0000  0.0000  0.0000
  0   0  0.0000  0.0000  0.0000
  0   0  0.0000  0.0000  0.0000
  0   0  0.0000  0.0000  0.0000
  0   0  0.0000  0.0000  0.0000
  0   0  0.0000  0.0000  0.0000
  0   0  0.0000  0.0000  0.0000
  0   0  0.0000  0.0000  0.0000
  0   0  0.0000  0.0000  0.0000
  0   0  0.0000  0.0000  0.0000
  0   0  0.0000  0.0000  0.0000
  0   0  0.0000  0.0000  0.0000
  0   0  0.0000  0.0000  0.0000
  0   0  0.0000  0.0000  0.0000
  0   0  0.0000  0.0000  0.0000
  0   0  0.0000  0.0000  0.0000
  0   0  0.0000  0.0000  0.0000
  0   0  0.0000  0.0000  0.0000
  0   0  0.0000  0.0000  0.0000
  0   0  0.0000  0.0000  0.0000
  0   0  0.0000  0.0000  0.0000
  0   0  0.0000  0.0000  0.0000
  0   0  0.0000  0.0000  0.0000
  0   0  0.0000  0.0000  0.0000
  0   0  0.0000  0.0000  0.0000
  0   0  0.0000  0.0000  0.0000
  0   0  0.0000  0.0000  0.0000
  0   0  0.0000  0.0000  0.0000
  0   0  0.0000  0.0000  0.0000
  0   0  0.0000  0.0000  0.0000
  0   0  0.0000  0.0000  0.0000
  0   0  0.0000  0.0000  0.0000
  0   0  0.0000  0.0000  0.0000
  0   0  0.0000  0.0000  0.0000
  0   0  0.0000  0.0000  0.0000
  0   0  0.0000  0.0000  0.0000
  0   0  0.0000  0.0000  0.0000
  0   0  0.0000  0.0000  0.0000
  0   0  0.0000  0.0000  0.0000
  0   0  0.0000  0.0000  0.0000
  0   0  0.0000  0.0000  0.0000
  0   0  0.0000  0.0000  0.0000
  0   0  0.0000  0.0000  0.0000
  0   0  0.0000  0.0000  0.0000
  0   0  0.0000  0.0000  0.0000
  0   0  0.0000  0.0000  0.0000
  0   0  0.0000  0.0000  0.0000
  0   0  0.0000  0.0000  0.0000
  0   0  0.0000  0.0000  0.0000
  0   0  0.0000  0.0000  0.0000
  0   0  0.0000  0.0000  0.0000
  0   0  0.0000  0.0000  0.0000
  0   0  0.0000  0.0000  0.0000
  0   0  0.0000  0.0000  0.0000
  0   0  0.0000  0.0000  0.0000
  0   0  0.0000  0.0000  0.0000
  0   0  0.0000  0.0000  0.0000
  0   0  0.0000  0.0000  0.0000
  0   0  0.0000  0.0000  0.0000
  0   0  0.0000  0.0000  0.0000
  0   0  0.0000  0.0000  0.0000
  0   0  0.0000  0.0000  0.0000
  0   0  0.0000  0.0000  0.0000
  0   0  0.0000  0.0000  0.0000
  0   0  0.0000  0.0000  0.0000
  0   0  0.0000  0.0000  0.0000
  0   0  0.0000  0.0000  0.0000
  0   0  0.0000  0.0000  0.0000
  0   0  0.0000  0.0000  0.0000
  0   0  0.0000  0.0000  0.0000
  0   0  0.0000  0.0000  0.0000
  0   0  0.0000  0.0000  0.0000
  0   0  0.0000  0.0000  0.0000
  0   0  0.0000  0.0000  0.0000
  0   0  0.0000  0.0000  0.0000
  0   0  0.0000  0.0000  0.0000
  0   0  0.0000  0.0000  0.0000
  0   0  0.0000  0.0000  0.0000
  0   0  0.0000  0.0000  0.0000
  0   0  0.0000  0.0000  0.0000
  0   0  0.0000  0.0000  0.0000
  0   0  0.0000  0.0000  0.0000
  0   0  0.0000  0.0000  0.0000
  0   0  0.0000  0.0000  0.0000
  0   0  0.0000  0.0000  0.0000
  0   0  0.0000  0.0000  0.0000
  0   0  0.0000  0.0000  0.0000
  0   0  0.0000  0.0000  0.0000
  0   0  0.0000  0.0000  0.0000
  0   0  0.0000  0.0000  0.0000
  0   0  0.0000  0.0000  0.0000
  0   0  0.0000  0.0000  0.0000
  0   0  0.0000  0.0000  0.0000
  0   0  0.0000  0.0000  0.0000
  0   0  0.0000  0.0000  0.0000
  0   0  0.0000  0.0000  0.0000
  0   0  0.0000  0.0000  0.0000
  0   0  0.0000  0.0000  0.0000
  0   0  0.0000  0.0000  0.0000
  0   0  0.0000  0.0000  0.0000
  0   0  0.0000  0.0000  0.0000
  0   0  0.0000  0.0000  0.0000
  0   0  0.0000  0.0000  0.0000
  0   0  0.0000  0.0000  0.0000
  0   0  0.0000  0.0000  0.0000
  0   0  0.0000  0.0000  0.0000
  0   0  0.0000  0.0000  0.0000
  0   0  0.0000  0.0000  0.0000
  0   0  0.0000  0.0000  0.0000
  0   0  0.0000  0.0000  0.0000
  0   0  0.0000  0.0000  0.0000
  0   0  0.0000  0.0000  0.0000
  0   0  0.0000  0.0000  0.0000
  0   0  0.0000  0.0000  0.0000
  0   0  0.0000  0.0000  0.0000
  0   0  0.0000  0.0000  0.0000
  0   0  0.0000  0.0000  0.0000
  0   0  0.0000  0.0000  0.0000
  0   0  0.0000  0.0000  0.0000
  0   0  0.0000  0.0000  0.0000
  0   0  0.0000  0.0000  0.0000
  0   0  0.0000  0.0000  0.0000
  0   0  0.0000  0.0000  0.0000
  0   0  0.0000  0.0000  0.0000
  0   0  0.0000  0.0000  0.0000
  0   0  0.0000  0.0000  0.0000
  0   0  0.0000  0.0000  0.0000
  0   0  0.0000  0.0000  0.0000
  0   0  0.0000  0.0000  0.0000
  0   0  0.0000  0.0000  0.0000
  0   0  0.0000  0.0000  0.0000
  0   0  0.0000  0.0000  0.0000
  0   0  0.0000  0.0000  0.0000
  0   0  0.0000  0.0000  0.0000
  0   0  0.0000  0.0000  0.0000
  0   0  0.0000  0.0000  0.0000
  0   0  0.0000  0.0000  0.0000
  0   0  0.0000  0.0000  0.0000
  0   0  0.0000  0.0000  0.0000
  0   0  0.0000  0.0000  0.0000
  0   0  0.0000  0.0000  0.0000
  0   0  0.0000  0.0000  0.0000
  0   0  0.0000  0.0000  0.0000
  0   0  0.0000  0.0000  0.0000
  0   0  0.0000  0.0000  0.0000
  0   0  0.0000  0.0000  0.0000
  0   0  0.0000  0.0000  0.0000
  0   0  0.0000  0.0000  0.0000
  0   0  0.0000  0.0000  0.0000
  0   0  0.0000  0.0000  0.0000
  0   0  0.0000  0.0000  0.0000
  0   0  0.0000  0.0000  0.0000
  0   0  0.0000  0.0000  0.0000
  0   0  0.0000  0.0000  0.0000
  0   0  0.0000  0.0000  0.0000
  0   0  0.0000  0.0000  0.0000
  0   0  0.0000  0.0000  0.0000
  0   0  0.0000  0.0000  0.0000
  0   0  0.0000  0.0000  0.0000
  0   0  0.0000  0.0000  0.0000
