VARIABLES= "X m", "Y m", "U m/s", "V m/s", "CHC", ZONE I=46, J=46
4640 160     NaN     NaN 10239.9969
4960 160 -0.0019  0.0002 2477.5410
5280 160 -0.0051 -0.0011 154.1954
5600 160  0.0157 -0.0059 77.0338
5920 160 -0.0167  0.0013 54.8745
6240 160  0.1084 -0.0762 62.7083
6560 160  2.9037 -0.0855 104.1999
6880 160  1.5468  0.0369 146.1319
7200 160  0.0989 -0.1306 150.0036
7520 160 -1.0770  0.0185 65.8652
7840 160 -1.7477 -0.0417 75.4433
8160 160 -0.0187  0.0450 67.7760
8480 160 -1.4248 -0.0183 83.5818
8800 160  0.0081 -0.0031 50.7516
9120 160 -0.0196  0.0028 53.5370
9440 160  0.0166  0.0044 77.2068
9760 160 -0.0019 -0.0014 174.1812
10080 160  0.0023  0.0008 3899.3594
10400 160 -0.5000     NaN 4095.9991
4000 480 -0.5000     NaN 3723.6362
4320 480 -0.0026 -0.0001 307.3597
4640 480  0.0092 -0.0026 73.1957
4960 480 -0.0459  0.0241 44.0274
5280 480 -0.7147 -0.1002 75.8138
5600 480 -4.1227  0.0529 88.4852
5920 480  0.0556 -0.0542 132.3323
6240 480  0.2346 -0.0388 108.5466
6560 480  3.8795  0.0014 106.1493
6880 480  1.2830 -0.0662 139.2861
7200 480 -0.2592  0.0100 120.0408
7520 480  3.7670  0.0198 58.1484
7840 480 -1.5916  0.0000 89.2582
8160 480 -5.8335  0.0718 89.0790
8480 480 -1.1420 -0.0105 96.1109
8800 480 -0.8011 -0.0802 91.3247
9120 480 -0.0087 -0.0300 119.9755
9440 480  6.4367  0.1295 97.0628
9760 480 -1.6296 -0.0348 65.8894
10080 480 -0.0216 -0.0149 45.4634
10400 480  0.0032  0.0018 79.1366
10720 480 -0.0008 -0.0014 396.3916
11040 480  5.0000     NaN 20479.9963
3680 800  0.0012  0.0004 350.0850
4000 800  0.0100  0.0045 65.3732
4320 800  1.0034 -0.1035 64.6960
4640 800 -0.0221  0.0100 122.0317
4960 800 -2.8011  0.1203 85.6746
5280 800 -0.1425  0.0350 85.1451
5600 800 -3.8743 -0.0071 76.9312
5920 800  0.0109 -0.0004 131.1331
6240 800 -0.0387  0.0625 149.8502
6560 800  5.3259 -0.0320 78.6718
6880 800  1.3505  0.0009 115.1957
7200 800 -0.0383  0.0017 109.6948
7520 800  3.3270  0.0400 58.8529
7840 800 -1.5986  0.0515 58.6778
8160 800 -5.5462  0.0041 85.3606
8480 800  4.7402  0.5054 97.4029
8800 800 -0.5533 -0.0158 71.6033
9120 800 -0.0722 -0.0009 98.8689
9440 800  2.7702  0.1329 127.7694
9760 800 -0.0402 -0.6427 105.4622
10080 800  0.0118 -0.0040 84.0041
10400 800  0.1380  0.1137 151.4437
10720 800  7.0343  2.0798 68.2805
11040 800 -0.0254 -0.0141 69.3154
11360 800  0.0031 -0.0015 477.0463
11680 800  3.6667     NaN 6826.6656
3040 1120  0.0008 -0.0035 2813.5440
3360 1120  0.0007 -0.0051 88.3423
3680 1120  1.6288 -0.2696 62.2326
4000 1120 -2.9840  3.6734 62.9392
4320 1120  2.4381 -0.0682 53.9484
4640 1120  0.0034  0.0008 102.7507
4960 1120  5.9698 -3.9468 68.8167
5280 1120  0.0310 -0.0137 141.8582
5600 1120 -8.5180  3.5700 70.5013
5920 1120  0.0883  0.0079 105.9715
6240 1120  1.4816 -0.0692 114.7017
6560 1120  6.3467 -0.0712 83.1811
6880 1120  1.3437  0.0323 116.5406
7200 1120  0.2501  0.0558 104.7487
7520 1120  4.5176 -0.0648 61.2757
7840 1120  3.5379  0.1095 62.4204
8160 1120 -7.6621 -0.1646 88.4584
8480 1120  4.6817  0.0139 138.3906
8800 1120 -6.5875 -1.0364 68.0846
9120 1120  0.0129  0.0063 75.0340
9440 1120 -7.5472  0.0249 111.0829
9760 1120 -1.8925  0.0747 89.0599
10080 1120  0.2361 -0.0320 127.5913
10400 1120 -1.4674 -0.1597 63.5132
10720 1120  3.3048  0.0166 59.5491
11040 1120 -9.3759 -0.7589 74.3843
11360 1120 -0.0051 -0.0026 46.2947
11680 1120  0.0069  0.0013 101.7743
12000 1120 -0.0026 -0.0051 6373.5706
2720 1440 -0.0032  0.0007 391.0677
3040 1440  0.0256 -0.0138 57.0850
3360 1440 -0.0975  0.0806 258.1766
3680 1440  0.1203 -0.1225 124.7001
4000 1440  1.6465 -0.1145 66.1564
4320 1440  0.6376 -0.1729 94.6052
4640 1440  1.0033 -0.0013 75.8313
4960 1440 -0.0680  0.0656 116.2443
5280 1440 -2.3349  0.2071 64.5578
5600 1440 -0.0401  3.5794 66.2287
5920 1440  1.0432  0.8604 67.6412
6240 1440 -9.2122  2.0049 104.2600
6560 1440  6.1564 -0.1417 86.2578
6880 1440  1.3784  0.0599 87.0030
7200 1440  0.3492  0.0245 96.4001
7520 1440 -1.5434  0.0659 58.6951
7840 1440 -0.9308  0.0163 62.5875
8160 1440 -5.1174  0.1298 59.0891
8480 1440  4.6434  0.0960 110.9919
8800 1440 -6.6659 -0.9942 59.0490
9120 1440  6.7903  0.0202 57.6230
9440 1440 -5.9585 -0.0340 66.1008
9760 1440 -0.0882 -0.0013 59.3642
10080 1440  0.0706  1.0143 146.6216
10400 1440  6.3928  2.1076 105.3181
10720 1440 -5.0188 -3.3839 56.2467
11040 1440 -3.5320  0.0494 50.3965
11360 1440  2.6262  3.4049 91.9530
11680 1440  0.4858  0.1234 69.0175
12000 1440 -0.0115 -0.0130 57.5067
12320 1440  0.0018  0.0002 573.1824
2080 1760 -0.6111     NaN 1023.9998
2400 1760  0.0063 -0.0183 202.0077
2720 1760 -3.5850  2.9306 64.6378
3040 1760 -0.8543  0.0970 77.8870
3360 1760 -0.0919  0.0873 106.6522
3680 1760 -0.7653  0.1614 108.8733
4000 1760  1.5389  0.0046 95.4597
4320 1760 -3.4079  0.0088 60.3601
4640 1760  5.6836 -0.2896 77.1623
4960 1760 -0.0108  0.0350 116.7025
5280 1760  0.3816  2.5969 59.6644
5600 1760 -0.8858  0.1069 96.7796
5920 1760  1.9662  0.1186 105.5599
6240 1760  0.0869 -0.0515 127.6271
6560 1760  5.9276 -0.4812 113.1543
6880 1760 -0.5477  0.1462 57.6280
7200 1760 -0.1117  0.0512 87.1554
7520 1760  0.7753 -3.1365 97.1770
7840 1760  0.0099 -0.1062 68.1133
8160 1760 -2.0206 -0.0286 65.7487
8480 1760  2.5775  0.0185 108.1381
8800 1760 -7.0863  4.4483 58.6126
9120 1760  4.6987  0.0605 74.7726
9440 1760  0.7497  2.8190 56.9661
9760 1760  4.8960 -1.2514 84.3974
10080 1760 -0.5970 -1.8910 56.6606
10400 1760  2.4151  0.0871 67.1301
10720 1760 -3.9675 -8.3273 60.6655
11040 1760 -6.0729 -4.3138 52.8640
11360 1760  8.0038  6.7952 97.8226
11680 1760 -3.3585 -0.0406 76.7469
12000 1760 -0.0156 -0.0081 214.1836
12320 1760 -0.0273  0.0229 47.4485
12640 1760  0.0037  0.0038 274.2860
2080 2080  0.0129 -0.0086 167.6112
2400 2080 -0.0096  0.0059 49.8458
2720 2080  5.7512 -1.3511 72.2969
3040 2080 -3.9849  2.0572 72.9218
3360 2080 -0.0931  0.1002 89.6045
3680 2080  7.2933 -6.1997 81.3484
4000 2080 -0.0318  0.0637 65.6194
4320 2080 -6.0537  0.1020 58.0274
4640 2080  0.1418 -0.1543 97.2951
4960 2080  2.1173 -0.1604 69.6705
5280 2080 -0.0698  0.0468 111.8682
5600 2080  2.4871 -0.1437 84.7800
5920 2080  2.0838  0.0143 117.2923
6240 2080  0.0427 -0.0510 170.0255
6560 2080  5.3083 -0.7872 110.4474
6880 2080  1.2174 -0.0623 82.1689
7200 2080  0.1412 -0.1512 80.6194
7520 2080  0.7450 -0.0911 66.9403
7840 2080 -3.7070 -0.2656 65.6525
8160 2080 -5.3840  2.9422 75.4761
8480 2080  5.7141  6.3572 93.8369
8800 2080 -0.1121  0.0149 71.4201
9120 2080  0.8981 -0.1462 80.6677
9440 2080  0.0314  1.4034 68.5579
9760 2080  0.6011 -0.1146 70.6796
10080 2080  4.3766 -0.5381 69.2267
10400 2080 -7.0297 -4.7816 65.3383
10720 2080 -2.8708 -3.5149 58.6652
11040 2080  4.7932  0.6984 61.1287
11360 2080 -2.5871 -0.5361 78.6433
11680 2080  0.0554  0.0883 126.4890
12000 2080 -0.1518 -0.0725 58.3027
12320 2080  1.9732  0.0844 52.5535
12640 2080  0.0173  0.0065 44.9292
12960 2080 -0.0034 -0.0038 222.9149
1760 2400  0.0090 -0.0098 202.8835
2080 2400 -3.0500  3.2082 62.1043
2400 2400 -0.1851  0.1322 99.1765
2720 2400 -0.0158  0.0377 63.1342
3040 2400  3.9865 -3.0191 66.4629
3360 2400 -3.9384  2.9295 75.1870
3680 2400 -0.1057  0.1366 110.0848
4000 2400 -0.0904  0.1437 99.9531
4320 2400 -0.9826  3.8807 62.5142
4640 2400  0.0665 -0.0081 63.7659
4960 2400 -2.3409  0.1047 51.2688
5280 2400  0.0402 -0.0747 97.8928
5600 2400  3.2786 -3.0491 81.5667
5920 2400  1.3479 -0.1015 96.9576
6240 2400  0.1131  0.0247 116.4633
6560 2400  8.2492 -0.2879 57.2728
6880 2400  0.5375  1.6962 43.6739
7200 2400 -1.3491 -0.0056 52.9009
7520 2400  1.1384  1.6716 57.1992
7840 2400 -0.9438  0.0345 52.7221
8160 2400 -1.6526 -0.2279 57.5467
8480 2400 -4.1117  0.0545 73.4004
8800 2400  2.4371  0.1318 79.9810
9120 2400  3.6863  3.8573 78.1049
9440 2400 -1.3439 -2.3731 73.7390
9760 2400 -3.6976 -5.3191 56.6853
10080 2400 -4.2992 -0.2669 61.7743
10400 2400 -0.9781 -5.1356 45.7487
10720 2400  0.9997  5.3770 53.4803
11040 2400 -2.2173 -0.0493 77.1211
11360 2400 -7.8333 -4.4169 86.5818
11680 2400 -0.0634 -0.4755 67.6204
12000 2400 -2.7467 -0.1087 53.6681
12320 2400  5.2269  2.6658 70.6917
12640 2400 -3.6475 -3.9728 91.8938
12960 2400 -0.0026 -0.0049 46.1422
13280 2400 -0.0008  0.0029 286.7457
1440 2720 -0.0073  0.0119 390.1180
1760 2720 -0.1070  0.0939 46.4463
2080 2720 -0.0837  0.0966 74.5821
2400 2720 -4.3937  3.9518 56.0698
2720 2720 -0.9784  0.1108 92.5309
3040 2720  0.0272  0.0065 95.7441
3360 2720  4.0142 -3.5774 81.6692
3680 2720 -2.3831  5.4159 81.9040
4000 2720 -0.0079  3.0745 146.2754
4320 2720 -0.0194  0.0142 127.3159
4640 2720 -6.7048  1.6989 58.4572
4960 2720  0.7828 -2.1302 63.1435
5280 2720  0.0118  0.0084 100.0314
5600 2720 -0.0136  0.0319 165.7175
5920 2720  0.5778  0.0311 82.9033
6240 2720 -7.3239 -1.0161 79.2847
6560 2720  0.0660  0.1449 102.4237
6880 2720  0.6840  0.0977 52.0021
7200 2720 -6.2510 -0.0232 59.3719
7520 2720  3.7295 -3.6275 84.1892
7840 2720  2.0670  7.1726 221.2462
8160 2720  8.7823  3.6545 71.5510
8480 2720 -6.3719  0.8673 69.0694
8800 2720 -0.0944 -0.1580 136.4049
9120 2720  3.7762 -5.9627 79.7732
9440 2720 -5.3209 -0.3178 94.1128
9760 2720  0.9350  0.9792 66.8726
10080 2720 -0.0108 -2.6866 66.8092
10400 2720 -6.6062 -1.2183 75.9092
10720 2720  0.1338  0.1018 71.1538
11040 2720 -5.0187 -4.5992 81.5685
11360 2720 -0.8532 -0.0366 95.6269
11680 2720  4.7760  1.1562 75.3161
12000 2720  3.9302 -0.0772 63.1448
12320 2720 -3.5374 -3.5069 88.8462
12640 2720 -0.0961 -0.9933 74.7472
12960 2720  2.7199  0.7345 58.4064
13280 2720 -0.0125 -0.0066 48.6573
13600 2720 -0.0021  0.0016 650.4185
1120 3040 -0.0019 -0.0024 2827.7243
1440 3040 -0.0288  0.0551 56.3710
1760 3040 -1.1169  0.1306 53.2416
2080 3040 -0.0939  1.2871 88.7942
2400 3040 -0.0815  0.0865 65.5583
2720 3040 -1.2645  3.9814 46.4580
3040 3040 -6.0305  0.0770 64.5487
3360 3040  0.0197  2.9364 87.9997
3680 3040  1.6765 -6.4075 62.0530
4000 3040  0.1367 -0.0940 90.5715
4320 3040  0.0119  0.1106 53.6720
4640 3040 -0.0913  0.0534 122.9920
4960 3040  0.0740  0.1267 61.1810
5280 3040  0.3614 -0.0136 60.9417
5600 3040  0.0447 -0.0479 90.7843
5920 3040  0.0351 -2.0067 67.6960
6240 3040 -1.2563 -8.1845 70.3627
6560 3040  2.3173 -0.1095 109.3986
6880 3040 -0.3997 -1.8657 57.3329
7200 3040 -7.9046 -7.8980 83.0406
7520 3040 -0.1355  0.0769 66.9965
7840 3040  6.2081  0.0629 102.8301
8160 3040 -0.0306 -0.0467 123.2740
8480 3040 -0.0210 -0.4920 66.6770
8800 3040 -0.8994 -0.0242 71.2264
9120 3040  1.6895  5.3762 136.1519
9440 3040 -0.1116  0.0988 60.8963
9760 3040  0.0052  0.5307 63.3576
10080 3040  1.6600 -0.0073 55.2204
10400 3040  0.0187 -0.0484 49.0644
10720 3040  0.0355  0.1321 54.2116
11040 3040  0.0468  0.0358 80.4977
11360 3040  3.4855  0.0873 109.6206
11680 3040  0.2400  0.5312 82.0147
12000 3040  3.4295  0.0640 62.5947
12320 3040 -4.0914 -2.4124 48.7964
12640 3040  2.3635  0.6828 55.9236
12960 3040 -0.0778  2.1889 53.1588
13280 3040 -1.5737 -4.6828 44.6589
13600 3040  0.0011  0.0061 59.8951
13920 3040 -0.0007  0.0006 6314.9591
800 3360     NaN -0.0619 3583.9993
1120 3360  0.0053 -0.0114 88.0397
1440 3360  0.0719 -0.0436 103.6982
1760 3360 -0.1383  0.1258 65.7799
2080 3360 -0.0902  0.0776 63.3670
2400 3360 -0.4332  2.6971 51.0191
2720 3360 -0.0430  0.0952 60.6869
3040 3360  0.1164 -0.1082 67.2525
3360 3360  6.2450 -2.6304 47.9753
3680 3360 -0.4719  0.1045 73.0411
4000 3360 -1.8237 -0.8574 60.7739
4320 3360 -0.0154 -1.6017 147.4549
4640 3360  0.0359  0.0379 112.4471
4960 3360 -4.0889  0.1261 100.4086
5280 3360  4.0525  0.0409 49.3466
5600 3360 -0.6716  1.3942 56.0887
5920 3360  0.0661  0.0083 81.0734
6240 3360 -0.5983  0.0837 56.7368
6560 3360  0.0367  2.2419 64.0221
6880 3360 -1.6246 -0.8407 74.7778
7200 3360  1.4857 -4.2674 87.0196
7520 3360  2.2540 -1.6319 94.1460
7840 3360  3.8038 -0.0369 74.4025
8160 3360 -2.9993 -0.5366 54.0247
8480 3360  0.0244 -0.0153 46.5846
8800 3360  4.2379  1.5876 76.6049
9120 3360  1.5172 -4.0770 75.3941
9440 3360 -0.5849 -5.2628 51.4079
9760 3360 -0.0450 -1.4612 59.8929
10080 3360  4.9143 -0.0505 55.1269
10400 3360  0.0404 -2.8459 48.5447
10720 3360 -4.2848 -0.0145 57.3263
11040 3360 -0.0849 -0.5484 102.1986
11360 3360  4.4480  1.4625 59.4847
11680 3360 -0.0015  0.0653 141.7226
12000 3360 -5.7680 -1.0364 103.1157
12320 3360 -1.2954 -2.6263 81.5257
12640 3360  0.0086 -5.0418 53.1996
12960 3360  2.3851  1.6947 76.2544
13280 3360  0.1339  3.4767 54.8358
13600 3360 -1.5229 -2.2552 64.7391
13920 3360  0.0019  0.0058 110.6230
800 3680 -0.0008  0.0011 350.8466
1120 3680  0.0023  0.0119 52.2265
1440 3680  2.7444 -7.0280 64.2681
1760 3680  0.0342 -0.0583 98.5594
2080 3680 -0.1480  0.3273 105.9924
2400 3680 -0.1195  3.2648 58.3100
2720 3680 -1.5471  4.6541 54.5080
3040 3680 -0.0595  4.8396 46.5327
3360 3680  2.3286  0.1199 50.8422
3680 3680  0.0464  3.6604 65.8788
4000 3680 -0.1321  1.8337 106.7278
4320 3680  0.0900 -0.0499 108.2995
4640 3680 -0.0523  0.1431 91.1518
4960 3680  0.0621 -0.0808 132.5610
5280 3680 -4.1271 -0.0699 72.0230
5600 3680 -4.9624 -0.0026 57.9299
5920 3680  0.1595  3.2703 85.8465
6240 3680 -2.2162  4.0156 68.5916
6560 3680  3.2578  1.0942 85.0605
6880 3680  0.9922 -1.9645 72.7481
7200 3680  0.1018  0.0222 85.1684
7520 3680 -0.0149  0.0604 81.8772
7840 3680  0.0401  0.0616 47.0713
8160 3680 -1.0532 -2.0578 46.3686
8480 3680 -0.6200 -0.0893 49.7224
8800 3680  4.0927  6.2004 92.1539
9120 3680  0.0893  0.1653 111.8403
9440 3680 -0.0505 -0.0929 56.6590
9760 3680  0.6813  2.4708 47.8523
10080 3680 -5.2534 -1.2369 64.4290
10400 3680 -4.2337 -1.5778 72.5370
10720 3680  0.9989  2.0588 57.6165
11040 3680  0.0979  1.0320 124.4991
11360 3680  2.7290  0.1220 98.8508
11680 3680 -3.9526 -4.9374 67.2151
12000 3680 -4.7020  0.0355 57.3317
12320 3680  1.4785  2.1323 38.0401
12640 3680  0.7450  5.9671 65.5724
12960 3680 -1.1436 -1.7918 71.1665
13280 3680 -0.0589 -1.0771 65.6410
13600 3680  7.1637  8.5967 114.4860
13920 3680 -0.0171 -0.0108 41.8066
14240 3680 -0.0010 -0.0020 628.7865
480 4000     NaN  0.0000 6826.6650
800 4000  0.0043 -0.0018 64.7904
1120 4000 -0.0162  0.0233 80.9537
1440 4000  0.0100 -0.0231 129.6620
1760 4000  6.5046 -7.6291 54.7494
2080 4000  4.6269 -6.4923 83.4539
2400 4000  0.0275 -0.0594 159.2045
2720 4000 -0.1620  0.1632 74.2035
3040 4000 -2.5612  3.6030 56.6948
3360 4000 -0.0169  4.2473 53.5802
3680 4000  0.1103  3.6583 58.7330
4000 4000 -1.0819  2.4162 74.8874
4320 4000 -0.0007  1.4887 128.4308
4640 4000  0.0053 -0.0073 105.2493
4960 4000 -0.0322 -0.7869 190.9954
5280 4000  0.7208 -1.4142 101.3023
5600 4000  0.0279  3.6251 103.4219
5920 4000  0.6377  0.1386 73.3847
6240 4000  2.3493  6.1981 66.0958
6560 4000  0.5559 -3.7647 95.1886
6880 4000  0.0756 -0.0182 102.2482
7200 4000 -0.0255  7.3010 56.2551
7520 4000  0.1165  2.1510 81.5226
7840 4000 -4.9252 -0.0032 79.2004
8160 4000  1.7445  0.6525 230.8990
8480 4000 -0.1648 -0.0746 44.4468
8800 4000 -0.3419 -7.2611 69.8117
9120 4000 -6.2888 -3.5703 62.8071
9440 4000  0.7427  2.7035 77.3734
9760 4000 -1.6101 -3.9440 76.1513
10080 4000  3.6739 -5.3521 63.7772
10400 4000  5.8850 -4.3699 58.9228
10720 4000  0.0176  0.0037 57.4027
11040 4000  3.4082 -3.0025 49.6991
11360 4000  0.5171 -3.7540 60.0986
11680 4000 -5.3012 -1.5042 47.4273
12000 4000  1.3472 -2.3528 81.4688
12320 4000 -2.1716 -6.2769 44.9519
12640 4000 -0.0311 -2.6451 64.7422
12960 4000  6.3807  5.7337 58.8747
13280 4000 -0.0709 -0.6176 44.3524
13600 4000 -0.2306 -3.2412 64.8433
13920 4000 -2.6951 -8.7197 73.9987
14240 4000 -0.0030 -0.0034 75.9581
14560 4000     NaN  2.5000 5119.9991
480 4320  0.0018 -0.0100 306.6417
800 4320  0.0324 -0.0278 124.7664
1120 4320  0.0285 -0.0260 97.9862
1440 4320  0.1267 -0.1228 144.5786
1760 4320  0.0154 -0.0175 94.1903
2080 4320  0.0291 -0.0524 118.9561
2400 4320  6.2170 -7.2064 95.4637
2720 4320  0.0719 -0.0520 223.9554
3040 4320 -0.0682  0.0246 139.4371
3360 4320  0.0446  0.2606 79.6013
3680 4320 -6.8288 -0.0293 90.5871
4000 4320  4.5316 -6.5386 71.4836
4320 4320 -0.4410  0.0484 89.9931
4640 4320 -0.0269 -0.0182 93.9922
4960 4320  0.0599 -0.1011 115.9333
5280 4320  0.9226  0.0033 103.0267
5600 4320  0.9255 -0.0443 71.6053
5920 4320 -7.7190 -0.0862 113.8760
6240 4320 -0.0771 -0.5724 91.4451
6560 4320  0.0728 -0.0299 125.4658
6880 4320  1.3281  0.0678 85.6401
7200 4320  7.0688 -1.1956 50.1908
7520 4320  0.0866 -4.1080 73.3946
7840 4320  4.2103  5.0020 95.1656
8160 4320 -3.7904 -1.5759 58.3919
8480 4320  0.0780  3.1667 79.8178
8800 4320  0.0193 -3.0713 60.8052
9120 4320 -0.5862 -0.0883 50.0890
9440 4320 -0.0867 -6.4735 77.5657
9760 4320  4.0874  3.0046 118.7740
10080 4320  1.8385 -0.0907 100.4766
10400 4320  1.8012  5.7929 62.0032
10720 4320 -1.1023 -0.1003 96.5247
11040 4320  2.5349  0.5105 81.1950
11360 4320 -0.0411  0.0463 113.8298
11680 4320 -6.3864 -5.0245 45.9706
12000 4320  5.9131  7.3168 123.4914
12320 4320 -0.1217 -0.8039 78.5368
12640 4320  6.5542  7.5772 102.6822
12960 4320  0.0098  5.5594 58.5152
13280 4320 -4.6489 -7.6421 99.3887
13600 4320 -3.9812 -1.5979 60.1906
13920 4320 -0.0064  4.2656 108.1156
14240 4320  0.1379  0.7538 43.2245
14560 4320  0.0018  0.0002 570.4369
160 4640     NaN -1.3333 2925.7144
480 4640 -0.0108  0.0246 73.2089
800 4640 -0.0679  0.0938 73.2975
1120 4640 -0.0883  0.1111 99.9835
1440 4640  0.0321 -0.0491 129.5870
1760 4640 -0.0080  0.0104 97.2240
2080 4640  0.0993 -0.1166 132.7475
2400 4640 -0.0320  0.0170 116.4663
2720 4640 -0.0902  0.1137 67.8215
3040 4640  2.7172 -7.7670 94.1645
3360 4640 -0.7920 -0.0517 82.3095
3680 4640 -0.0927  0.0276 125.8069
4000 4640 -1.7924  0.4766 79.6055
4320 4640  0.0882  5.4053 63.7299
4640 4640 -6.7539  0.0315 68.8494
4960 4640 -0.0198 -1.2873 128.7694
5280 4640 -2.0592 -1.5688 167.8230
5600 4640 -3.6418 -4.3606 91.8497
5920 4640  7.8896 -2.2178 79.9324
6240 4640  0.0518 -1.5763 79.1222
6560 4640 -0.0960  3.1492 73.6852
6880 4640  0.0368 -0.0048 62.0734
7200 4640  0.0294 -1.1625 92.5616
7520 4640  1.6483 -0.0232 82.8575
7840 4640  4.7791 -5.0689 94.8873
8160 4640 -0.0771 -2.2039 85.2486
8480 4640 -5.9922 -0.9965 125.0858
8800 4640 -3.4213  0.7575 94.1910
9120 4640 -3.1431  0.0415 82.4724
9440 4640 -0.4561 -2.7461 98.4242
9760 4640 -2.8992 -1.0122 133.4158
10080 4640  4.5915  2.9368 88.4089
10400 4640 -7.1957 -1.6027 99.0491
10720 4640  7.3422  0.2477 66.4442
11040 4640  6.6516  3.5839 114.4027
11360 4640 -8.7661 -3.7294 71.6367
11680 4640  1.2385  7.3531 66.6723
12000 4640 -1.5520 -6.2539 85.7582
12320 4640  5.5657  4.9562 77.9628
12640 4640 -3.9214 -3.3697 43.2863
12960 4640 -2.6678 -7.1044 67.5529
13280 4640 -0.1417 -1.4441 99.0903
13600 4640  0.0381 -1.6064 105.8425
13920 4640 -1.7571 -8.0081 69.4088
14240 4640 -0.4688 -0.0610 129.7465
14560 4640 -0.0087 -0.0104 88.2326
160 4960  0.0000  0.0000 2630.2658
480 4960 -0.0213  0.0283 44.1807
800 4960 -0.0635  0.0854 61.7629
1120 4960 -0.0250  0.0478 87.7067
1440 4960 -0.0617  0.0245 90.1597
1760 4960 -0.1260  0.1373 78.3873
2080 4960  0.0394 -0.0300 131.1452
2400 4960  0.0426 -0.0393 101.2808
2720 4960 -0.0958  0.0672 97.0082
3040 4960 -0.1034  0.0731 131.3629
3360 4960  4.4726 -7.4368 70.3321
3680 4960  0.0018 -0.0769 108.6254
4000 4960  2.6426 -7.2965 150.4593
4320 4960 -5.6887  0.0093 102.0009
4640 4960 -5.2410 -0.0167 83.0826
4960 4960  0.0252  2.7055 95.9680
5280 4960 -0.0083  0.0487 174.0402
5600 4960 -7.3511 -4.1667 61.3619
5920 4960  2.8308  7.2557 71.2798
6240 4960  2.1237  0.0396 111.4802
6560 4960  1.1682 -6.3007 99.5627
6880 4960 -0.0118 -0.1262 93.8321
7200 4960  0.6725 -0.0032 83.7481
7520 4960  0.2217  5.5876 107.6636
7840 4960 -1.4749  0.1441 45.5224
8160 4960 -8.4572  1.3778 84.4801
8480 4960  8.5219  1.1466 77.1110
8800 4960 -0.1556  1.8786 71.6613
9120 4960  2.2592  4.1428 93.4138
9440 4960 -0.0668 -1.7198 85.7766
9760 4960 -5.9157  4.4573 132.1139
10080 4960  1.1505  0.0014 53.6225
10400 4960 -7.5863 -0.1115 96.0206
10720 4960  2.9344  4.5808 81.9233
11040 4960 -0.0673 -0.0066 48.9004
11360 4960 -0.0849 -0.4920 51.0216
11680 4960 -0.9214 -3.6529 150.3403
12000 4960  5.2385  4.9031 89.2909
12320 4960  0.0842  4.2327 57.3525
12640 4960 -0.0502 -7.7094 98.0755
12960 4960 -0.4090 -0.0279 60.4099
13280 4960  0.0288  1.3118 58.6660
13600 4960 -0.0729 -1.6476 79.4758
13920 4960 -0.0065 -1.7264 73.0358
14240 4960 -0.0493  7.6101 60.6145
14560 4960  0.0131  0.0319 49.0609
160 5280 -0.0001 -0.0007 154.0689
1440 5280 -0.0739  5.4356 64.1841
1760 5280  0.0160  0.0709 60.5909
2080 5280 -0.1136  0.1571 83.7074
2400 5280 -0.1039  0.0998 102.3299
2720 5280 -0.0146  0.0045 168.8951
3040 5280  0.0188  0.0095 102.3436
3360 5280 -0.1413  0.0479 134.5666
3680 5280 -0.0052  3.9977 78.9356
4000 5280  1.1064  5.9643 102.6708
4320 5280 -0.0820  6.7989 120.6468
4640 5280  3.3731  0.0544 127.5107
4960 5280 -0.0873  0.1041 96.4012
5280 5280 -5.8557 -2.6746 135.2976
5600 5280  0.6061  0.0202 122.1265
5920 5280  0.1142 -0.0327 123.7470
6240 5280  2.9287  6.2114 127.7599
6560 5280  6.6798  3.7704 73.8148
6880 5280  0.0886  5.1591 97.4599
7200 5280 -0.0309  4.3908 69.1549
7520 5280 -1.5082 -4.6150 67.8735
7840 5280 -2.9596 -2.1016 97.8578
8160 5280  1.6194  0.0012 130.7618
8480 5280  2.4814  2.7363 93.6079
8800 5280  3.6103  8.3466 104.2682
9120 5280  0.1587  4.4372 138.9109
9440 5280  3.1665  7.4437 103.3976
9760 5280 -8.7202 -4.9985 65.3295
10080 5280  6.2941  2.4344 58.9580
10400 5280  4.4038  4.2874 104.7594
10720 5280  1.0056  0.1348 87.2782
11040 5280 -7.8877 -2.6627 59.1554
11360 5280  0.3786 -3.0501 85.6238
11680 5280 -0.0904 -0.7523 187.1915
12000 5280  1.2620 -4.7945 85.3160
12320 5280 -3.2616  1.1461 88.0075
12640 5280 -4.0872  5.5586 121.4664
12960 5280 -0.1508  0.0473 79.1740
13280 5280 -3.1367  1.9394 97.9505
13600 5280  5.3923  8.3174 111.0719
13920 5280 -0.0149 -1.8542 90.5046
14240 5280 -0.1238 -7.6910 62.2117
14560 5280  0.0398 -7.2550 80.1324
160 5600 -0.0002  0.0006 73.6057
2400 5600 -0.1080  0.1523 47.9979
2720 5600 -0.1148  0.1564 67.1276
3040 5600 -0.0665  0.0810 191.3537
3360 5600  0.0784 -0.0669 87.5580
3680 5600 -0.0172  0.0643 148.4131
4000 5600  7.4383 -7.6901 103.3809
4320 5600 -6.0118 -0.0294 115.5330
4640 5600 -0.0921  7.3918 96.1406
4960 5600  3.2592 -0.0188 77.5979
5280 5600  1.3382  0.1187 148.7926
5600 5600 -1.1716  1.2492 90.8497
5920 5600 -0.0820  0.0555 123.6082
6240 5600  5.7066 -4.5525 108.4258
6560 5600  2.3750 -5.9199 77.2536
6880 5600  5.3302 -0.0121 81.3650
7200 5600 -4.0181 -6.2720 63.1415
7520 5600 -7.2700 -6.1272 59.8005
7840 5600  0.9644  1.5673 90.3605
8160 5600  0.1397  0.0664 93.1928
8480 5600  1.4015 -6.6879 57.8972
8800 5600  4.5550 -8.7567 53.8298
9120 5600  0.1805  0.9678 84.3688
9440 5600 -1.7289 -8.2475 119.1728
9760 5600  5.6557  0.0252 96.3945
10080 5600 -5.3135  0.3403 111.8848
10400 5600  7.8500 -0.7319 85.1731
10720 5600 -5.3645 -9.3828 65.9078
11040 5600 -0.0538  0.0211 67.1520
11360 5600  5.7142  4.7726 122.2106
11680 5600 -5.2043  0.0825 116.8432
12000 5600  1.4049  2.2849 64.4566
12320 5600 -0.9652 -2.0482 101.0820
12640 5600 -0.0769 -4.4192 75.4904
12960 5600  0.1183 -6.5197 101.6691
13280 5600 -0.1596 -6.0173 62.9325
13600 5600 -0.0836 -6.0839 103.0248
13920 5600 -0.1581 -1.8241 93.4307
14240 5600  0.0729  5.9753 77.4354
14560 5600  0.1382  0.1047 70.2201
160 5920  0.0013 -0.0004 51.3961
3040 5920 -0.1618  0.1418 62.7680
3360 5920 -0.1115  0.1351 147.3256
3680 5920  2.2830 -2.3783 83.2605
4000 5920 -0.1432  0.0095 90.2732
4320 5920  5.4022 -8.5000 101.2869
4640 5920  0.0730 -1.5231 75.1151
4960 5920 -7.5491 -6.4849 79.7875
5280 5920  1.6564 -4.4609 81.3691
5600 5920  5.7062 -0.1153 74.6691
5920 5920 -2.1493  2.9987 53.3020
6240 5920 -0.0843  0.1246 87.7791
6560 5920  1.6224  1.9470 83.0178
6880 5920  4.1573 -0.0625 141.0083
7200 5920  0.1210  0.0888 89.3610
7520 5920 -7.9410  0.7471 102.6493
7840 5920  4.3224  1.6505 64.1251
8160 5920 -0.0147  4.0911 85.1346
8480 5920 -0.0808  0.0924 105.0367
8800 5920 -0.0292  1.5428 63.9577
9120 5920 -1.7279  0.6534 57.6461
9440 5920  0.0356  2.1896 60.0689
9760 5920  0.4083  1.6464 56.1856
10080 5920  0.0009 -0.0069 61.0171
10400 5920 -4.5624 -5.0959 167.8720
10720 5920 -0.1453 -1.7866 77.7115
11040 5920  2.9373  6.7406 119.5048
11360 5920 -7.4222 -1.5103 54.4665
11680 5920  5.2833  0.6499 94.3068
12000 5920  1.5654 -1.3702 77.2246
12320 5920 -5.1436 -0.0877 61.2573
12640 5920 -0.0716  5.6342 99.0960
12960 5920  0.1591  7.8977 96.8089
13280 5920  0.0821  4.6660 71.6322
13600 5920  0.1352  2.1145 77.0696
13920 5920 -0.1865  3.3787 93.6198
14240 5920  0.0814  1.4765 116.8863
14560 5920  0.0316  1.5581 73.6256
160 6240 -0.0005 -0.0048 43.1385
3040 6240 -0.0425  3.6148 42.1768
3360 6240 -0.0077  0.0573 61.6839
3680 6240 -0.0248 -0.0032 183.8765
4000 6240 -2.2585  0.8371 74.7836
4320 6240 -1.3586  0.0805 104.8137
4640 6240 -3.4244 -0.1432 88.3918
4960 6240 -2.5532 -5.6628 54.2463
5280 6240  4.0232  1.6569 63.7592
5600 6240  2.2459  2.4339 73.7877
5920 6240 -1.7615  0.3439 97.5231
6240 6240 -0.6653  1.6994 53.0912
6560 6240  0.2286 -7.2748 64.6846
6880 6240  2.0764 -2.0353 61.0463
7200 6240  8.4496 -0.0976 83.6378
7520 6240 -5.1416 -2.0540 90.0050
7840 6240  2.2618 -3.8177 51.1714
8160 6240 -3.4085 -0.1082 69.0876
8480 6240 -1.7782  0.9964 80.8841
8800 6240 -0.0357 -0.0224 87.5430
9120 6240  1.2320  2.0026 78.6909
9440 6240  0.1264  3.7293 75.4085
9760 6240  4.2726  4.9731 68.1452
10080 6240 -6.2677 -0.0792 101.2064
10400 6240  4.5773  0.0688 104.9655
10720 6240  0.1626  8.9218 125.2739
11040 6240 -0.1202 -6.3951 127.1189
11360 6240 -4.9423 -5.7654 51.2995
11680 6240  3.4404  4.1070 65.1641
12000 6240 -0.1076 -0.0187 67.0966
12320 6240  0.0757 -0.0096 79.0130
12640 6240  3.7470  1.6039 60.7444
12960 6240 -1.0217 -5.6356 82.9075
13280 6240  0.0214 -0.1872 83.9691
13600 6240  0.0393  3.3602 79.7508
13920 6240  0.0341  2.7552 86.9837
14240 6240 -0.0537 -3.7846 49.7859
14560 6240 -0.0660 -4.0943 53.9285
3360 6560  0.0474 -0.7351 47.3466
3680 6560 -0.0430  0.0188 98.4869
4000 6560  0.0288  0.0022 108.1091
4320 6560  2.3918 -0.3576 66.1765
4640 6560 -3.8173  2.6706 53.0676
4960 6560  2.3046  1.1515 82.5679
5280 6560  4.4615  5.2701 89.6300
5600 6560  0.0497 -1.8951 107.4015
5920 6560  0.0033 -0.0073 92.9195
6240 6560 -3.7126 -5.2652 96.1768
6560 6560  0.0987 -3.7918 64.4936
6880 6560 -0.7801  2.1419 70.1247
7200 6560  0.0701  5.8945 100.1602
7520 6560 -4.9059  0.1191 51.0000
7840 6560 -2.2666 -1.1867 89.7668
8160 6560  6.8611 -1.7044 68.2172
8480 6560  2.2690 -0.8991 99.7313
8800 6560  0.0352  0.1003 64.2965
9120 6560  0.1539 -2.0534 102.0275
9440 6560 -6.5276 -6.6905 64.4285
9760 6560 -0.1204 -7.3307 71.2229
10080 6560  6.9676  3.4989 65.3249
10400 6560  4.7726  0.6650 76.6173
10720 6560 -7.7377  0.2456 143.6255
11040 6560  1.7961  3.2975 89.2914
11360 6560 -0.0182  6.6239 67.5843
11680 6560 -5.9902 -2.0629 58.4259
12000 6560 -1.8193 -5.3695 79.2605
12320 6560  2.5612  2.2557 66.7291
12640 6560 -3.2959 -3.6003 67.7417
12960 6560  2.1351  2.0256 62.5151
13280 6560  0.0311  3.4206 91.2938
13600 6560 -0.0350 -0.6023 78.2020
13920 6560  0.0736  0.8446 65.6949
14240 6560 -0.0906 -1.3568 78.4712
14560 6560  0.0321  0.0225 75.4206
3680 6880  0.0038  0.0234 46.3222
4000 6880  0.0149  4.3946 58.6324
4320 6880 -3.4205  0.0076 48.1154
4640 6880  0.6854  0.1645 32.3471
4960 6880  0.0318 -1.1010 127.0435
5280 6880  6.2285 -8.4188 92.3771
5600 6880 -0.0416  0.0337 108.0845
5920 6880  0.0037 -0.0226 122.3509
6240 6880 -8.8982  0.1125 86.5935
6560 6880  2.5300  0.0441 59.5634
6880 6880  3.3164  5.0762 137.2073
7200 6880 -1.8837 -6.6904 67.2011
7520 6880 -2.8236 -0.6344 61.5031
7840 6880  3.9369  2.2561 65.9489
8160 6880 -0.9721 -1.1672 96.0875
8480 6880 -0.0024  0.1432 58.1158
8800 6880 -8.8024 -7.3312 138.0548
9120 6880  0.0894 -1.1029 64.3990
9440 6880  0.4114 -4.9935 63.1901
9760 6880  2.8320  7.2910 82.4451
10080 6880  0.0562  4.2899 108.7778
10400 6880  0.0104 -0.1252 72.4641
10720 6880  2.2100 -2.7649 56.8532
11040 6880  7.2925 -0.8372 54.6500
11360 6880 -0.0549 -7.6362 115.7443
11680 6880 -2.8193 -2.3000 56.3292
12000 6880  2.9191  8.4111 62.5461
12320 6880 -7.7433  1.3763 73.9802
12640 6880  3.9575  5.5856 89.8126
12960 6880 -4.2431 -3.6060 91.4368
13280 6880 -0.0176 -1.1426 102.3859
13600 6880 -0.0078  0.8527 71.3309
13920 6880 -0.0380  1.4131 72.4173
14240 6880 -0.0938  1.2673 57.0976
14560 6880  0.0000 -3.6947 71.3804
4320 7200  1.0389 -1.8551 43.1158
4640 7200  0.0739  5.3133 57.7182
4960 7200  0.0241  0.9307 100.3647
5280 7200 -0.0210 -0.0201 135.4907
5600 7200  0.0658 -0.1431 65.1368
5920 7200 -0.0697  1.4711 89.0639
6240 7200 -5.3101  4.3438 76.2435
6560 7200  2.6835  0.0049 62.3003
6880 7200  0.0748 -0.1204 120.7090
7200 7200  0.6518  2.2487 148.6809
7520 7200 -0.0662  0.1130 208.0864
7840 7200  1.8596  1.3097 124.5366
8160 7200  2.7756  0.1113 114.4371
8480 7200 -8.6083 -0.8681 111.0976
8800 7200  0.0999  4.5538 84.2242
9120 7200  0.0593  4.5243 64.5283
9440 7200 -0.0071  0.1032 59.6686
9760 7200  1.3144 -7.2964 61.9262
10080 7200  0.0565 -3.7542 107.0430
10400 7200  6.6637 -8.2123 67.0499
10720 7200  3.3125  7.7541 116.9815
11040 7200 -8.6211  1.2383 137.8258
11360 7200  0.6335  5.8794 90.7703
11680 7200  7.0473  1.2753 71.1285
12000 7200 -7.5881 -9.3485 70.6372
12320 7200 -7.2261 -1.9955 43.7837
12640 7200  2.5437  2.5846 63.2748
12960 7200  0.0943  0.4867 137.2263
13280 7200 -2.2807  5.7518 86.7444
13600 7200 -1.4225  3.0733 127.7398
13920 7200  0.0353  6.9469 105.6082
14240 7200  0.0285  7.7831 123.8434
14560 7200  0.0512  7.5522 92.5905
4640 7520  0.1097 -1.7350 55.9022
4960 7520  0.0653 -0.0835 92.2518
5280 7520 -0.1008 -2.7635 75.3848
5600 7520  0.1970 -5.5546 91.5435
5920 7520  0.0220 -2.0434 88.4868
6240 7520  0.1509 -0.9638 254.5194
6560 7520  2.4754  0.0791 77.7460
6880 7520 -0.0873  2.0830 118.8055
7200 7520 -0.0475  0.2696 102.1171
7520 7520  0.0384 -0.0335 103.6080
7840 7520 -3.1659 -2.9354 86.0938
8160 7520  0.0502 -5.1883 85.3586
8480 7520  1.8508 -4.3128 58.4402
8800 7520 -0.1156 -8.3102 153.5051
9120 7520 -0.0477 -3.0409 114.9413
9440 7520 -0.0862 -0.0782 71.2258
9760 7520 -0.6887 -2.9424 68.3010
10080 7520 -0.0229 -0.0436 61.5699
10400 7520  5.7597 -5.6462 73.7261
10720 7520  1.8419 -7.6532 115.6398
11040 7520 -0.0966 -7.1460 95.7109
11360 7520 -0.1404 -7.0127 96.4783
11680 7520 -7.1829 -6.9242 221.2940
12000 7520  0.5156  1.6435 58.9149
12320 7520  3.5589  8.6458 82.9971
12640 7520  3.2544  0.9660 99.3815
12960 7520 -0.3261  0.6685 77.3200
13280 7520 -0.0402 -6.1281 62.1499
13600 7520  4.7586 -5.9073 77.9954
13920 7520 -0.0870 -6.2422 52.3403
14240 7520  0.0218 -6.3501 58.0158
14560 7520  0.0447 -4.2742 60.2518
4640 7840 -0.0493 -3.4967 62.7703
4960 7840  0.0192 -7.4332 129.4569
5280 7840 -0.0212 -2.5049 75.2107
5600 7840 -4.7877 -3.7367 70.8652
5920 7840  4.6617  7.5669 158.4527
6240 7840 -2.4680  0.1399 83.7064
6560 7840  7.7749  0.0499 98.9307
6880 7840 -0.0061 -0.1045 110.9630
7200 7840 -6.7373 -5.6123 105.5538
7520 7840  1.5025 -2.5569 117.1575
7840 7840 -2.6691  0.6590 41.8121
8160 7840  0.0628 -0.7022 98.0899
8480 7840  2.7122  1.8837 76.0857
8800 7840 -9.0836  0.1587 86.7202
9120 7840  6.0485 -2.3949 97.4629
9440 7840 -2.9997 -2.6186 61.3797
9760 7840  4.8651  2.7065 54.6553
10080 7840  0.0598  3.6085 69.9977
10400 7840 -0.1115  3.5735 64.3792
10720 7840  4.9302  7.6167 102.1392
11040 7840 -1.9861  0.6348 170.1794
11360 7840  1.8411 -0.1286 80.6499
11680 7840 -1.5236 -2.8589 133.3055
12000 7840 -0.0433  0.1995 61.3983
12320 7840  0.0742  0.3204 63.8921
12640 7840 -0.5404 -0.6921 99.6602
12960 7840  1.1667  3.5319 67.7563
13280 7840 -0.0397 -0.6676 64.5865
13600 7840  0.0161 -0.6336 63.9945
13920 7840 -0.0895 -3.5774 67.4578
14240 7840 -0.0918 -2.7048 94.9740
14560 7840  0.0188 -0.0698 70.7704
2080 8160 -0.0185 -0.0324 54.4613
4320 8160  0.0674  2.2117 43.4970
4640 8160  0.1481  4.1126 58.7785
4960 8160  3.8542 -0.6624 84.3132
5280 8160 -6.6832 -0.0110 77.3625
5600 8160  6.6081 -0.3137 68.8151
5920 8160  0.0423 -0.7383 60.4379
6240 8160  3.4343  1.7859 47.8204
6560 8160  0.1567  2.6075 129.9217
6880 8160 -0.0251  2.6120 112.1624
7200 8160  4.7655  7.4500 176.8974
7520 8160 -6.0154 -0.5570 119.6888
7840 8160  1.6519  0.0879 124.3303
8160 8160  7.6014  0.9765 215.9963
8480 8160 -5.9202 -2.6529 83.4801
8800 8160  4.7351  3.3572 69.5425
9120 8160 -3.4479 -2.1065 108.8876
9440 8160 -0.0496  0.1534 61.3563
9760 8160 -1.7616 -3.3321 55.6050
10080 8160  0.0062 -2.5118 82.7679
10400 8160 -6.8226  0.0155 77.9260
10720 8160  0.5729  6.8949 146.6779
11040 8160 -2.3417 -1.6096 95.3701
11360 8160  0.0114  0.0621 67.5504
11680 8160  1.4213  0.1154 92.9346
12000 8160 -0.0601 -5.0832 75.1398
12320 8160  3.2742 -6.5783 82.7513
12640 8160 -0.0122 -3.8407 79.0400
12960 8160  0.0262 -0.2559 56.1827
13280 8160 -1.3890  5.7033 50.7978
13600 8160  0.7501 -1.2903 67.2987
13920 8160 -0.0157 -3.9686 86.5893
14240 8160 -0.0346 -4.2711 91.0429
14560 8160 -0.0386  2.3303 84.0177
160 8480 -0.0391 -6.5000 65.5360
1440 8480  2.5000  4.7234 55.0755
1760 8480  0.0810  6.3364 56.7003
2080 8480  2.7198  0.0889 59.3171
2400 8480  0.0158  0.1310 83.2211
2720 8480  0.0012  0.8750 63.1487
3040 8480  0.0664  0.1650 66.1077
3360 8480 -0.0879  0.0905 91.9687
3680 8480  0.0020  0.0761 117.8313
4000 8480  0.9478 -2.5921 44.8353
4320 8480 -0.0063  3.3449 49.8613
4640 8480 -0.4493  2.9249 66.4950
4960 8480  0.0740  5.3894 66.1245
5280 8480 -0.5525  2.6720 48.6403
5600 8480  0.1217  5.7834 53.6077
5920 8480  0.1386  1.6293 58.3892
6240 8480  1.5148  6.7614 73.7820
6560 8480  0.7647 -3.1868 63.3163
6880 8480 -0.1175  5.0308 89.6876
7200 8480  5.4155 -2.6728 92.5453
7520 8480 -0.0742  0.0505 87.8743
7840 8480  1.7551  3.6816 74.2300
8160 8480  0.9282  1.4861 60.2790
8480 8480 -0.8720  6.3307 195.0536
8800 8480  5.1116 -6.2124 70.1236
9120 8480 -7.4109  0.0037 140.6417
9440 8480  2.4730  6.8233 63.2757
9760 8480  2.9586  0.0453 44.3781
10080 8480  0.1139  3.6692 87.4262
10400 8480 -5.9939 -1.9589 79.2753
10720 8480  0.1436 -8.7279 130.1808
11040 8480  1.1494  3.2373 81.3830
11360 8480 -0.0891 -5.0589 64.0607
11680 8480  2.7477  0.0669 59.2854
12000 8480 -0.0343  0.0939 146.4249
12320 8480  3.6857  5.7549 140.0413
12640 8480 -0.1326  1.3610 88.4945
12960 8480  0.0281 -2.7064 84.3121
13280 8480 -2.6369  2.0231 59.0932
13600 8480  0.0080 -1.9662 73.5356
13920 8480  0.1076 -5.4508 60.6451
14240 8480 -0.0967  0.7679 62.9114
14560 8480 -0.0630  0.6815 50.1337
160 8800 -0.0040  0.0027 43.2409
1440 8800 -0.0788 -0.1604 69.1822
1760 8800 -0.0498  3.1343 64.1512
2080 8800 -0.0372 -0.0092 73.6349
2400 8800  0.0250  0.0044 121.8246
2720 8800  1.6792 -0.0230 103.2786
3040 8800 -0.0296 -0.0888 152.8989
3360 8800  0.0299 -0.0061 116.4903
3680 8800  0.0180 -0.0313 141.2726
4000 8800  0.0435  0.0702 106.8466
4320 8800 -0.0500  0.0794 130.9118
4640 8800 -5.3867 -0.0740 89.7781
4960 8800 -0.1246 -0.5746 157.6863
5280 8800  2.1068  0.0934 83.1463
5600 8800  5.0411  0.0974 69.8309
5920 8800  0.1207 -5.8900 83.1543
6240 8800 -1.5392 -3.7382 97.0191
6560 8800  0.8470 -2.9050 78.1327
6880 8800 -0.0345 -0.0174 91.1573
7200 8800  0.0421 -0.4274 49.6467
7520 8800  0.0348 -2.6261 131.5602
7840 8800  4.5516  0.9824 70.6875
8160 8800 -0.0028  1.1941 128.6346
8480 8800 -0.0153 -0.0699 57.2911
8800 8800 -0.9725 -0.0597 102.5689
9120 8800  0.6988 -3.2565 137.0415
9440 8800 -4.7983 -4.2524 101.6521
9760 8800  0.1489  3.3092 67.9742
10080 8800  0.1285  0.1192 82.6177
10400 8800  1.9889  6.1743 60.9736
10720 8800 -7.3621  7.4362 103.5343
11040 8800 -4.1366 -0.0116 105.9790
11360 8800  5.2924 -2.0873 53.7192
11680 8800 -0.9353  4.1815 75.8082
12000 8800  0.0384  0.0291 106.7822
12320 8800  0.1349 -8.1257 52.5868
12640 8800  2.2150 -2.1954 95.2020
12960 8800 -0.0748 -6.5888 97.1670
13280 8800  1.9632 -1.4286 79.8217
13600 8800  0.0071 -2.3515 82.1928
13920 8800 -1.0093  1.2456 65.6590
14240 8800  0.0447  0.5474 57.2518
14560 8800  0.0873  0.9231 53.7231
160 9120  0.0009  0.0095 52.8114
1120 9120  0.0214  1.7821 73.3956
1440 9120  0.0510  0.0860 91.9742
1760 9120  0.1087  0.0978 107.9537
2080 9120 -4.4480 -8.2903 110.1657
2400 9120 -0.0640 -7.1572 92.9576
2720 9120 -0.1071 -7.4583 111.9064
3040 9120  0.0403 -3.7657 100.0881
3360 9120  0.0485 -3.1103 68.9100
3680 9120 -0.1113 -7.3289 74.3447
4000 9120  5.3105 -5.7326 71.4720
4320 9120  1.9741 -0.0475 100.9732
4640 9120 -8.7396 -2.6118 96.8058
4960 9120  0.1089  2.3152 71.1589
5280 9120 -1.6890  0.1313 128.5249
5600 9120 -0.0038  0.0031 129.3024
5920 9120 -0.3041 -3.0243 92.2090
6240 9120  0.2973 -8.3848 112.1539
6560 9120  7.2998 -1.3373 55.1737
6880 9120 -1.6373 -1.1812 105.5566
7200 9120 -1.4038 -0.9326 40.3166
7520 9120  0.1244  7.1230 80.1552
7840 9120  0.6483  2.5668 91.9982
8160 9120 -2.7735 -7.1196 50.1950
8480 9120  4.1248  3.7492 151.9267
8800 9120  5.9812 -4.9520 66.6495
9120 9120 -6.0486  1.8727 112.8679
9440 9120  4.4911  2.8822 54.3116
9760 9120  1.7021 -4.5733 95.1542
10080 9120  1.3051 -5.4556 68.9034
10400 9120 -0.0908 -3.1407 47.0973
10720 9120 -7.4891 -5.5603 62.3762
11040 9120  0.0275  1.5662 93.9392
11360 9120  0.0944  0.1291 90.5600
11680 9120 -0.0001 -8.2031 76.9907
12000 9120  0.0276 -8.2208 158.7939
12320 9120 -5.1904  4.3680 65.0871
12640 9120  0.0944  4.4582 87.3761
12960 9120 -0.4460  6.6472 115.0942
13280 9120 -0.0007  3.8547 47.3053
13600 9120 -0.0120 -8.9254 104.9198
13920 9120 -0.1509 -4.1875 116.4426
14240 9120  0.0196  1.6200 91.3768
14560 9120 -0.5254  6.0377 89.7884
160 9440  0.0040  0.0272 77.3203
480 9440  0.0646  0.1205 110.2243
800 9440 -2.8547 -8.5663 61.7932
1120 9440 -0.0990 -6.0880 69.6067
1440 9440 -0.1500 -6.2630 69.5160
1760 9440 -2.6891 -5.3030 44.4392
2080 9440  3.5597  5.6262 91.8976
2400 9440  0.0396  5.0436 71.1676
2720 9440  0.1192  5.1945 105.7433
3040 9440  0.0177  3.5307 78.5797
3360 9440  0.0066 -7.1710 82.3752
3680 9440  2.5984  2.7210 47.7198
4000 9440  2.6930 -7.1145 74.9368
4320 9440  0.1586 -0.0654 68.3140
4640 9440 -7.7038 -6.7364 53.7830
4960 9440 -0.1249 -0.0912 128.8865
5280 9440  0.0367 -0.0365 71.5394
5600 9440 -5.1257 -0.0348 112.5354
5920 9440  3.4661  3.8417 95.9322
6240 9440  2.2305  8.6755 254.2300
6560 9440  0.0557  0.9149 39.2247
6880 9440 -8.6066 -2.4144 80.6657
7200 9440  4.9252  6.0235 97.4067
7520 9440  6.9454 -1.8333 83.5286
7840 9440  0.0102 -0.0520 91.6039
8160 9440 -4.4495 -5.9457 113.4340
8480 9440  0.9438  1.0686 85.1357
8800 9440 -1.3463 -0.9525 70.2765
9120 9440 -0.3193  2.7304 110.4086
9440 9440  0.7364  2.6930 144.3126
9760 9440 -2.3201 -0.4743 62.1318
10080 9440 -0.0570 -0.0078 81.7651
10400 9440 -4.7572  0.4311 70.9667
10720 9440 -5.1948 -1.7474 141.0477
11040 9440  0.0830 -0.0343 78.7642
11360 9440  2.4649  3.9287 83.3879
11680 9440 -6.4317  4.3109 85.8655
12000 9440  0.1200  4.2912 74.7317
12320 9440  1.5759 -4.1230 45.3701
12640 9440 -0.8000  1.6231 46.9326
12960 9440  0.0111  6.6919 86.0670
13280 9440 -0.0427 -0.9702 95.8481
13600 9440 -3.6797  6.0129 145.0598
13920 9440  0.0528  4.5485 107.3527
14240 9440 -0.1103  1.1524 69.6702
14560 9440 -0.0183  0.0253 89.4986
160 9760 -0.0049 -0.0298 171.4495
480 9760 -0.0714 -6.0105 62.4963
800 9760 -2.6628 -2.9688 38.5659
1120 9760  0.1121  6.2943 59.8738
1440 9760  0.0740  4.8735 74.5208
1760 9760  0.0287  2.3369 84.9555
2080 9760  0.0921  2.0068 102.4120
2400 9760 -0.0009  0.1375 91.2068
2720 9760 -5.2963 -8.1900 84.1385
3040 9760 -0.0707 -0.0738 96.0849
3360 9760  0.0301  0.0691 121.3447
3680 9760  0.0219 -6.1766 139.3376
4000 9760  5.4258  0.4183 68.0141
4320 9760 -0.0235  0.0561 89.5262
4640 9760 -0.0679 -0.0354 102.7260
4960 9760  5.1183 -5.4402 56.1896
5280 9760 -0.5749 -3.2815 51.0159
5600 9760 -0.0839 -7.6210 70.2025
5920 9760  0.1098 -6.3503 91.4480
6240 9760  5.9150 -7.1730 121.6466
6560 9760 -8.0430 -7.0564 94.8422
6880 9760  0.1241  0.0156 44.7432
7200 9760 -2.5957 -0.1550 135.5407
7520 9760  2.0488  4.6212 86.5773
7840 9760 -0.0694 -4.6965 41.0550
8160 9760  0.1468  7.3185 97.3367
8480 9760  0.1303 -0.0497 62.5857
8800 9760  0.0587 -0.1164 105.6678
9120 9760  3.2499  0.4116 72.1540
9440 9760  0.0332 -1.3909 125.8068
9760 9760  0.0072  0.1532 86.1314
10080 9760  1.5599  2.1556 81.7876
10400 9760 -0.1135 -8.1376 63.1883
10720 9760  0.0241  7.1574 136.7846
11040 9760 -0.0500  0.4618 55.0989
11360 9760  2.4715 -6.4590 80.4147
11680 9760  0.0272 -6.7038 76.5849
12000 9760  0.1036  0.0607 86.0353
12320 9760 -0.0180  1.3535 83.8489
12640 9760 -6.3178  0.0817 83.6282
12960 9760  2.5906 -8.6652 108.9016
13280 9760  0.0103 -7.5198 122.8327
13600 9760 -0.0200  6.0092 65.7954
13920 9760 -0.0845  5.1284 67.6726
14240 9760 -0.0820  5.3950 68.3052
14560 9760  0.0145  8.1282 112.9987
160 10080 -0.0003 -0.0034 4772.6926
480 10080  0.8815  2.9921 49.6079
800 10080  0.0293  0.8461 69.0987
1120 10080 -0.0302 -0.0384 80.1751
1440 10080  0.0948  4.5174 86.5528
1760 10080 -0.0111 -7.9079 80.1341
2080 10080 -6.2449 -8.6089 112.3478
2400 10080 -2.9954 -8.0662 78.8610
2720 10080  0.6111  0.0719 116.9797
3040 10080  0.6374  0.2701 108.3807
3360 10080 -0.0603  0.7039 84.1746
3680 10080 -0.0161 -0.0305 117.5890
4000 10080 -0.2319  0.6944 74.5599
4320 10080 -0.0548 -0.0473 87.9324
4640 10080 -0.1231  0.0495 98.9517
4960 10080 -0.0347  0.0435 122.0210
5280 10080 -0.1029  0.0204 121.1922
5600 10080  0.0619  0.3984 116.7617
5920 10080 -0.0286 -0.0388 97.8727
6240 10080  0.4759  1.3482 104.5585
6560 10080 -5.9915  5.7721 57.9404
6880 10080  2.6739 -0.0934 59.5763
7200 10080  5.9762  2.7537 85.0921
7520 10080 -4.1202 -6.6426 88.8463
7840 10080 -8.1664  0.0224 59.4166
8160 10080  3.7323  1.5592 82.9221
8480 10080 -2.1560 -5.2990 85.1369
8800 10080 -0.0129 -6.2387 68.6390
9120 10080 -0.1166  0.0308 43.5548
9440 10080 -0.1164  0.1242 102.2534
9760 10080 -0.1074  0.0428 58.9314
10080 10080  2.9174 -1.9337 79.7258
10400 10080 -0.1348 -0.3225 89.1446
10720 10080  2.6820 -1.0420 51.1005
11040 10080 -0.0189  0.0317 99.6186
11360 10080  0.0445  1.3656 82.2137
11680 10080  0.0043  2.0698 71.8658
12000 10080  0.0294 -0.0825 91.1689
12320 10080 -1.4449 -0.0223 73.5224
12640 10080 -0.0674  5.1394 59.9661
12960 10080 -0.6320  2.6535 52.0097
13280 10080  0.0940 -0.0950 100.3328
13600 10080  0.0019  0.0086 63.1569
13920 10080  0.1338 -6.7498 94.5584
14240 10080 -0.4203  3.7573 68.3905
14560 10080 -0.0083  0.0124 50.4005
160 10400     NaN  0.0000 8191.9971
480 10400  0.0036  0.0079 78.4751
800 10400 -2.0597 -5.9625 42.5083
1120 10400 -5.2129 -8.5498 79.6518
1440 10400 -6.6876 -8.7811 117.8783
1760 10400 -3.0386 -1.6353 68.0141
2080 10400  0.1274  2.6923 68.3433
2400 10400  0.0382  4.5182 83.7351
2720 10400  2.8155  6.0145 72.5546
3040 10400  2.2441  7.3432 107.5766
3360 10400  4.3066  6.5117 71.8438
3680 10400 -1.4373  3.0044 73.9840
4000 10400  0.5327 -5.3995 96.0472
4320 10400 -3.9125 -5.6626 79.4129
4640 10400 -0.0266  2.6232 67.0267
4960 10400 -0.7217 -0.0479 63.5352
5280 10400 -2.3487 -0.0730 75.6206
5600 10400  3.3708 -1.5457 95.6222
5920 10400 -0.0856 -1.2241 74.9205
6240 10400 -5.8238  1.9634 59.1086
6560 10400  1.3907  0.4258 97.2904
6880 10400  4.1565 -6.0533 68.1514
7200 10400 -0.1067 -4.8602 54.5308
7520 10400  1.8904  0.0325 65.3587
7840 10400 -2.8709 -0.0971 78.0096
8160 10400  0.0272 -1.1241 63.5445
8480 10400 -8.0743  1.5955 60.4514
8800 10400  7.5137  2.8203 62.7935
9120 10400  4.3554  1.4803 48.8896
9440 10400  0.0389  5.2247 62.2149
9760 10400  4.1753  5.4867 89.6155
10080 10400 -3.1102 -3.4499 78.5715
10400 10400  4.7995  3.1550 73.3141
10720 10400 -4.8073 -0.1255 100.2099
11040 10400  0.0155  0.0499 91.7769
11360 10400  4.5501  0.0391 66.1538
11680 10400  0.1417 -0.0651 76.9094
12000 10400 -0.0117  0.0713 106.7527
12320 10400 -0.0092  0.0209 79.9958
12640 10400  0.1141 -2.3949 83.3127
12960 10400  3.3883 -5.0057 70.2234
13280 10400 -0.0505  4.3521 84.5275
13600 10400 -0.0729  5.4757 101.1733
13920 10400  0.0020  0.0077 100.5966
14240 10400  0.0140 -0.0068 122.3434
14560 10400  0.0005 -0.0143 96.1855
480 10720 -0.0006 -0.0111 398.0732
800 10720 -0.0378 -0.0460 46.5603
1120 10720  0.0877  0.0328 84.4410
1440 10720  0.1436  2.9095 60.3180
1760 10720  2.5729  6.0812 70.6603
2080 10720  0.1351  6.6056 62.5914
2400 10720 -0.1654  0.9445 99.7840
2720 10720  5.3218  0.5451 72.2298
3040 10720 -0.0478 -0.0969 100.4066
3360 10720 -0.0569 -6.3186 95.0471
3680 10720 -1.4109 -5.1316 66.5514
4000 10720  0.0502  1.6977 77.4657
4320 10720  4.5193  3.6786 86.0606
4640 10720 -8.1712  0.4028 63.6019
4960 10720 -2.5269  0.0923 67.4275
5280 10720  1.5562  4.1729 92.4454
5600 10720 -5.1142  6.7167 83.3403
5920 10720  0.0786  4.7155 97.3713
6240 10720  0.4027  0.9815 71.0195
6560 10720  0.1019  4.8925 90.3092
6880 10720 -3.6739  1.9127 110.7790
7200 10720  0.9285  3.8550 56.5492
7520 10720 -2.5170  2.7016 68.2152
7840 10720  6.4443  0.0048 81.6134
8160 10720  0.0759 -0.0748 92.4697
8480 10720 -0.0239  4.0144 51.0288
8800 10720  0.6969 -0.0831 75.7075
9120 10720  0.3826 -5.0382 72.8910
9440 10720  2.0722  0.0938 80.8027
9760 10720  0.1118 -7.5735 98.6536
10080 10720  0.0952  3.1354 84.5759
10400 10720  0.0199  4.2780 69.7594
10720 10720  0.0391  6.4890 64.8653
11040 10720 -1.8446  0.9163 53.1478
11360 10720  6.5685 -7.9280 63.5437
11680 10720  0.0465 -4.4422 44.4139
12000 10720 -0.4803  2.7930 71.7641
12320 10720 -0.5228  2.2521 67.1070
12640 10720  0.0249 -0.8394 73.9256
12960 10720  0.1424 -0.1424 59.3998
13280 10720  5.2233 -2.2708 69.6363
13600 10720  3.3661 -6.6804 65.4195
13920 10720  0.0947 -4.3594 45.9253
14240 10720 -1.8162  4.0385 41.5196
14560 10720  0.0005 -0.0068 813.8459
480 11040     NaN  0.6667 5851.4276
800 11040 -0.0053 -0.0349 69.9697
1120 11040  1.9480  6.3592 67.3794
1440 11040  2.6527  6.1998 62.8368
1760 11040  0.1045  1.5738 69.2054
2080 11040  0.1401  0.1281 71.3550
2400 11040 -1.3328 -6.2774 71.9131
2720 11040  3.1788 -0.4782 57.9154
3040 11040  0.7264  0.0331 148.7198
3360 11040 -4.6359 -3.9785 49.3040
3680 11040  0.8161  6.4633 73.1142
4000 11040  0.0326  5.2839 101.9717
4320 11040  3.3530 -0.0661 153.4757
4640 11040 -3.1774  1.7240 64.4493
4960 11040 -6.4824  0.0611 48.7062
5280 11040  2.2767  2.5039 75.6227
5600 11040 -5.7308 -7.9685 72.5544
5920 11040 -2.7499 -5.8968 54.3463
6240 11040  0.0132 -3.9755 62.4547
6560 11040 -3.7608 -8.3101 71.5518
6880 11040  4.7027 -0.1407 109.4928
7200 11040 -3.9345  2.0468 84.1440
7520 11040 -5.2820  0.0791 52.2175
7840 11040  1.5379 -0.1016 68.1059
8160 11040  4.0262  6.0167 85.8500
8480 11040 -6.5578  0.0818 51.3129
8800 11040 -7.7477 -6.5680 49.7921
9120 11040  0.0744  0.1584 57.3347
9440 11040 -0.0170  0.1041 119.7180
9760 11040  2.2363 -0.0473 58.0946
10080 11040 -0.5350 -1.7648 74.7799
10400 11040 -3.4624 -5.0074 61.5577
10720 11040  0.1229 -3.6440 84.8541
11040 11040  6.8029 -3.7909 58.4274
11360 11040 -0.6791 -0.3105 98.0170
11680 11040  6.9881 -3.6159 66.4888
12000 11040  1.3354 -0.1072 88.5148
12320 11040 -0.4555  4.0407 78.2781
12640 11040  0.0613 -0.3498 80.8690
12960 11040 -0.0621  0.0506 160.6391
13280 11040  1.7738 -6.3668 57.8164
13600 11040 -3.1178  4.6184 53.6191
13920 11040  0.0142 -5.8818 98.1579
14240 11040  0.0026 -0.0142 83.4131
800 11360  0.0066  0.0190 478.8250
1120 11360  0.5199  1.4679 44.9443
1440 11360  0.1273  0.1279 112.6994
1760 11360 -1.1512 -2.7738 100.9431
2080 11360 -5.2507 -8.2217 119.0932
2400 11360 -0.0461 -1.8221 86.9402
2720 11360  0.1017  2.7238 75.0328
3040 11360 -6.6103 -8.2561 85.0022
3360 11360  0.0921 -0.0872 80.6645
3680 11360 -1.1626 -4.4625 77.7894
4000 11360  0.0903 -3.1864 65.8972
4320 11360  0.0821  0.0563 62.2764
4640 11360 -3.1279  2.2691 84.7520
4960 11360 -0.6667 -4.8731 110.6497
5280 11360 -3.4054 -0.0455 63.9856
5600 11360  4.1590  5.8116 61.9403
5920 11360 -0.0026  5.3041 70.3341
6240 11360  0.0142  0.2272 62.7443
6560 11360 -0.1104  0.1536 91.8261
6880 11360  1.8678  4.0670 86.8810
7200 11360 -5.2768 -0.0217 81.8996
7520 11360  1.7737  7.4076 123.4129
7840 11360  2.0688  4.5725 65.4963
8160 11360 -0.0330  0.0873 129.5209
8480 11360  0.0522  0.0246 72.7779
8800 11360  0.0018  6.3126 73.3527
9120 11360  1.2348  6.4270 83.9002
9440 11360  2.1655 -0.1550 60.3045
9760 11360 -0.0970 -1.3383 78.2293
10080 11360 -1.5536 -0.1604 105.3780
10400 11360  0.0223 -0.3885 186.0409
10720 11360  0.0071  0.5491 91.1552
11040 11360  3.3576  4.2675 54.1280
11360 11360 -0.8732  3.9147 81.4089
11680 11360  2.6305  6.7489 111.6617
12000 11360  3.7689 -6.1223 60.7071
12320 11360  0.1044 -5.6601 70.3677
12640 11360 -0.0576  0.0136 111.2755
12960 11360 -3.2195 -1.0617 74.5798
13280 11360 -0.0256  0.0060 117.2177
13600 11360 -0.0333  0.0571 61.0696
13920 11360  0.0247 -0.0364 46.3144
14240 11360 -0.0017  0.0015 966.2402
1120 11680 -0.0064 -0.0040 101.3397
1440 11680 -2.2305 -2.2876 95.3992
1760 11680 -0.5827 -2.6267 97.7660
2080 11680  3.4980  5.7606 74.0207
2400 11680  0.0214  0.6316 90.3248
2720 11680 -5.6812 -7.9320 74.4372
3040 11680  0.0304  0.0961 75.3753
3360 11680  0.5631  2.9507 68.5967
3680 11680  0.1012  5.7237 58.6924
4000 11680 -8.5873  2.1162 73.6268
4320 11680  4.6475  6.3357 101.2090
4640 11680  1.5927 -0.0478 88.7048
4960 11680  3.9728  6.5687 82.9444
5280 11680 -1.6093 -0.3344 85.6519
5600 11680  3.3272 -2.1979 68.9625
5920 11680 -3.8814  3.3610 124.7337
6240 11680  0.0416  0.1430 102.8593
6560 11680  1.9203  2.3038 83.5017
6880 11680 -6.0448 -3.5643 89.5807
7200 11680  0.8449  5.6602 105.3963
7520 11680  7.3082  0.0531 94.2559
7840 11680  0.0718  0.0481 149.5294
8160 11680 -0.0133  2.3399 110.3896
8480 11680  0.0476  0.1321 105.8512
8800 11680 -0.0082  0.0686 147.0267
9120 11680 -6.7675 -0.0600 76.1287
9440 11680  2.6259  0.0463 89.7796
9760 11680  3.4194  5.9524 84.3366
10080 11680 -0.2543 -4.3386 77.2579
10400 11680 -2.5081 -0.0003 60.5997
10720 11680 -0.0040  0.0614 90.2339
11040 11680  2.3984 -1.9715 65.7329
11360 11680  6.1324 -4.0940 62.5556
11680 11680  3.0353 -0.0384 68.6782
12000 11680 -0.1090 -1.9991 109.0718
12320 11680  0.0129 -0.0012 90.5001
12640 11680  0.1322 -0.1618 83.8808
12960 11680 -0.0016 -0.0072 93.6788
13280 11680 -0.0400  1.4759 79.6103
13600 11680  0.0188  1.0448 73.6091
13920 11680  0.0012  0.0011 133.1829
1120 12000  0.0039 -0.0004 6496.0217
1440 12000  0.0010 -0.0005 57.8445
1760 12000  6.5684  2.2225 74.3981
2080 12000  0.5903  0.0566 66.1941
2400 12000 -3.0050 -1.0266 53.4859
2720 12000 -1.2420 -0.0369 99.5392
3040 12000  2.1004  2.6931 57.7034
3360 12000  4.8192  3.4675 48.6918
3680 12000 -2.2093 -4.8433 82.1708
4000 12000 -0.5613 -7.2672 77.9589
4320 12000 -5.2317 -5.1854 101.2384
4640 12000  0.3589  0.1355 66.5706
4960 12000 -0.1402 -5.4050 48.8479
5280 12000 -0.1312 -4.6565 82.7840
5600 12000 -0.0805 -4.1369 52.1664
5920 12000 -5.5996  1.8264 103.3343
6240 12000 -8.7708 -4.8310 55.7432
6560 12000  1.2074 -6.4024 78.2719
6880 12000  1.8944  0.0117 60.6606
7200 12000 -0.1000 -0.0563 113.2398
7520 12000  0.0131 -6.5646 154.8159
7840 12000  0.0756  0.0394 137.7576
8160 12000  0.7923  0.0044 76.9243
8480 12000 -0.0033 -0.0627 98.5972
8800 12000  0.0451 -7.1318 101.1811
9120 12000  0.0166  0.0502 98.8208
9440 12000  1.8291  0.0542 93.1291
9760 12000  1.4267  2.9385 79.5483
10080 12000 -0.0525  0.8681 83.2497
10400 12000  0.6599 -6.4087 53.6151
10720 12000  1.0958  0.5650 75.8179
11040 12000 -0.9060  3.6368 76.8171
11360 12000 -2.6024  4.8541 55.9787
11680 12000  0.0097  0.0306 85.5362
12000 12000 -4.0851  1.1116 75.5767
12320 12000 -0.1399  1.1375 93.6506
12640 12000  1.8437 -0.0589 67.9882
12960 12000  0.0499 -0.0514 81.7840
13280 12000  0.0199  0.0251 91.8736
13600 12000 -0.0030  0.0066 66.3955
13920 12000     NaN  0.0000 10239.9976
1440 12320  0.0016  0.0008 582.2719
1760 12320 -0.0079 -0.0177 47.5346
2080 12320 -1.4453 -2.7776 60.7152
2400 12320 -1.5115 -0.0889 83.8764
2720 12320 -2.5030  0.0700 56.1856
3040 12320  5.3906  0.0867 58.7093
3360 12320 -3.4331 -3.6411 69.1668
3680 12320 -0.0157 -0.0156 101.9232
4000 12320  6.4054  4.1130 101.2992
4320 12320  4.3253  0.0900 41.7109
4640 12320  3.4790  0.1075 41.9377
4960 12320  0.0937  7.3443 66.3080
5280 12320 -4.6290  3.1401 79.4717
5600 12320  0.6226 -1.6469 43.6835
5920 12320 -0.1215 -4.6736 95.7265
6240 12320 -7.5173 -6.8432 102.1049
6560 12320  4.5016 -2.0306 68.7580
6880 12320  0.1093  0.6784 50.7308
7200 12320 -0.0256 -0.0166 121.2294
7520 12320 -0.0011  2.2070 87.9382
7840 12320 -1.0713  0.0608 52.2795
8160 12320 -7.2351 -6.3462 75.9956
8480 12320  1.0277  0.0594 93.7415
8800 12320 -6.0619  3.5796 80.5412
9120 12320  3.5557 -0.0338 81.9561
9440 12320  3.7825 -0.0366 107.0793
9760 12320 -0.1026 -0.0559 100.6107
10080 12320  0.0603 -0.1150 98.1749
10400 12320 -0.0618  0.7809 162.8045
10720 12320  3.0038  6.5761 73.8683
11040 12320 -2.0212  0.0315 68.6981
11360 12320  2.3857 -6.7273 56.2701
11680 12320 -2.0219  1.3998 76.5160
12000 12320 -0.0192 -0.0055 115.5443
12320 12320 -1.1072  1.3716 57.9754
12640 12320 -0.1143  0.9546 120.7542
12960 12320  0.0702 -3.7415 61.2497
13280 12320  0.0080 -0.0034 51.4250
13600 12320 -0.0005 -0.0009 1100.2374
1760 12640 -0.0057 -0.0073 273.1785
2080 12640 -0.0653 -0.1044 55.9092
2400 12640 -2.6912 -0.1129 57.3555
2720 12640  3.3194  1.9608 65.1569
3040 12640 -3.8361 -3.2235 56.9815
3360 12640  2.2520  4.1886 63.7210
3680 12640 -3.0373 -0.0486 69.6081
4000 12640 -2.5580 -0.0413 61.3831
4320 12640  4.6020  1.6113 59.1486
4640 12640  4.9985  0.5000 56.1424
4960 12640 -0.0593 -1.7191 97.4947
5280 12640  2.6663  4.3926 65.0395
5600 12640 -0.6476 -3.1299 50.5498
5920 12640  0.0356  2.6402 99.5720
6240 12640 -1.9908  0.0546 99.1110
6560 12640  3.3074  1.4477 72.7725
6880 12640  5.0082  0.1625 52.5852
7200 12640 -0.7913 -0.0648 48.3463
7520 12640 -0.0092  0.0752 153.4379
7840 12640 -0.0883 -0.1277 79.0468
8160 12640 -3.6288  0.0040 112.3863
8480 12640  2.5656  1.3944 90.2013
8800 12640 -5.2983 -4.4038 86.7528
9120 12640  0.7148  0.0659 60.1600
9440 12640 -0.0584  0.0838 105.9336
9760 12640 -0.0682  0.0781 77.5435
10080 12640  2.2387 -2.6207 70.9020
10400 12640  0.7297 -0.1581 92.4840
10720 12640  3.2135 -2.6749 90.4157
11040 12640 -0.3688  0.0726 109.7267
11360 12640 -1.1248 -0.0089 45.2906
11680 12640  5.3446 -5.5597 88.8264
12000 12640 -1.7377  1.7910 66.9003
12320 12640 -0.0365  0.0393 146.2481
12640 12640 -1.9899  2.7299 58.3384
12960 12640 -0.0039  0.0189 47.0187
13280 12640  0.0008 -0.0011 413.5148
2080 12960  0.0024  0.0037 221.3316
2400 12960  2.7517  2.7663 45.9658
2720 12960 -4.2820 -2.2699 50.0213
3040 12960  3.9989  2.3289 71.0644
3360 12960 -3.3082 -0.0361 67.7396
3680 12960 -0.0883 -0.6470 75.4658
4000 12960  4.5521  0.6269 51.5822
4320 12960 -3.4883  0.0622 65.9833
4640 12960 -3.0437  0.0124 104.8281
4960 12960  0.0721  0.0388 98.5981
5280 12960 -6.1229 -0.0962 92.2529
5600 12960  4.4595  0.0958 74.2749
5920 12960 -6.9455 -0.4071 61.7035
6240 12960 -5.2027  3.5304 76.6161
6560 12960  5.3447  1.9027 55.4152
6880 12960 -8.5031 -0.1188 80.3469
7200 12960  4.2463  5.3209 86.5413
7520 12960  0.0033 -0.0008 91.2075
7840 12960  0.0577  0.0432 152.9145
8160 12960 -6.7051  0.0181 92.9577
8480 12960 -3.7604 -4.8359 81.1729
8800 12960 -5.1672 -0.0317 61.1461
9120 12960  2.3892 -0.0007 59.7101
9440 12960  0.7676 -0.0675 90.2475
9760 12960 -0.0377 -0.0251 105.3600
10080 12960 -4.2573 -0.0239 66.8833
10400 12960 -0.6369  3.6222 94.7182
10720 12960 -0.0921  0.8531 77.6259
11040 12960 -1.4704  0.0648 125.3920
11360 12960 -0.0339  0.0102 109.7894
11680 12960 -0.4876  0.0560 64.7576
12000 12960  6.2418 -3.8902 71.6339
12320 12960 -3.1650  0.0689 69.9862
12640 12960  0.0176 -0.0141 48.8764
12960 12960 -0.0032  0.0008 306.4896
2400 13280 -0.0126 -0.0049 286.8886
2720 13280  0.0105  0.0067 46.5371
3040 13280 -0.5984 -3.9416 45.8760
3360 13280  0.0729  0.0735 86.5084
3680 13280 -4.1241 -0.9179 33.0518
4000 13280  3.0294  0.1461 80.5284
4320 13280  5.4006  0.4531 82.6086
4640 13280  4.6068 -0.0294 56.6906
4960 13280  0.4357 -0.0579 81.6619
5280 13280  1.6634  0.0303 94.3182
5600 13280 -1.4796 -0.0728 79.7612
5920 13280  4.2626  5.4143 126.6442
6240 13280 -6.6135  0.3360 60.2233
6560 13280  3.7640  0.1166 61.1618
6880 13280 -7.4614 -0.1068 78.1701
7200 13280  4.0609 -1.6667 56.9658
7520 13280 -0.0396 -0.0734 79.8422
7840 13280  0.0093  0.1362 101.6370
8160 13280 -7.6460  4.4790 94.2042
8480 13280 -7.7654  7.1942 76.7983
8800 13280 -3.8851  5.2249 67.5820
9120 13280  0.0019  0.0849 88.7600
9440 13280  2.3261 -0.0035 82.8649
9760 13280 -0.1201  0.0587 107.7482
10080 13280  0.0027  0.0584 68.3631
10400 13280  0.0623 -0.6704 91.4079
10720 13280 -0.0442  0.1269 140.6575
11040 13280  1.2691  0.0332 58.2721
11360 13280 -1.3214  0.1098 90.5234
11680 13280 -0.2349  0.1160 92.6694
12000 13280  2.3065 -0.0026 52.3004
12320 13280  0.0033 -0.0029 50.6541
12640 13280  0.0018 -0.0013 414.7738
2720 13600  0.0029  0.0062 653.7690
3040 13600  0.0008 -0.0171 60.0690
3360 13600 -2.9984 -0.1305 56.4754
3680 13600  4.1740  0.5384 56.0490
4000 13600 -4.8185 -1.1264 56.9040
4320 13600 -5.9830 -2.3536 83.8685
4640 13600 -3.9668 -0.0986 64.1508
4960 13600  0.3734  0.0535 111.8398
5280 13600  0.1094  2.0454 138.5974
5600 13600 -4.2209  0.0880 63.4633
5920 13600 -2.2934 -3.5792 78.3011
6240 13600  4.2886  4.6895 72.7815
6560 13600 -0.0983 -0.0474 95.4802
6880 13600 -7.0745  0.0040 47.7455
7200 13600  3.2049  1.3966 55.7058
7520 13600  3.1550  0.1100 75.2383
7840 13600 -0.0596  0.0415 106.8118
8160 13600  0.0953  0.0821 85.2302
8480 13600 -6.6184 -0.5313 102.5827
8800 13600  2.7471 -0.1558 86.0105
9120 13600  1.0636 -0.0587 72.1791
9440 13600  3.9576 -2.5321 55.5499
9760 13600 -4.1019  0.0843 77.0344
10080 13600  8.0394 -2.6788 71.1839
10400 13600 -0.8878  0.0444 95.2547
10720 13600 -0.0436  0.0614 72.2552
11040 13600 -0.0111  0.0185 79.7381
11360 13600 -1.3420  0.0276 57.3070
11680 13600  0.0248  1.7025 63.1969
12000 13600 -0.0055  0.0111 66.5031
12320 13600  0.0117 -0.0009 1098.5787
3040 13920  0.0119  0.0008 9872.1790
3360 13920  0.0362  0.0169 109.4377
3680 13920  0.1003  0.0656 55.2039
4000 13920  5.1107  2.1648 94.9234
4320 13920  5.3031  0.0611 83.7056
4640 13920  0.5085  0.0212 84.0256
4960 13920  4.4179  0.0805 60.3658
5280 13920  4.0112  1.3106 129.4083
5600 13920 -6.2718  0.0313 61.0425
5920 13920 -2.4595 -1.1524 68.6122
6240 13920  5.2516  0.1136 58.8663
6560 13920 -8.5895 -1.9558 51.7332
6880 13920  2.9130  0.1103 71.7755
7200 13920 -2.6652 -0.0280 97.0658
7520 13920  0.1977 -0.0289 75.2364
7840 13920 -0.7547  0.0206 106.4315
8160 13920  0.0188  0.0466 107.1548
8480 13920 -2.7146  0.0913 93.9832
8800 13920  7.2007 -1.5451 118.2886
9120 13920  0.6233  0.0035 67.3845
9440 13920 -0.1551  0.1465 137.3826
9760 13920 -5.2821  0.0280 94.6660
10080 13920 -0.0889  0.0945 119.6534
10400 13920  8.5727 -6.1148 96.4900
10720 13920 -0.9344 -0.0491 97.5791
11040 13920 -0.0405  0.0146 85.2696
11360 13920 -0.0195 -0.0014 52.5956
11680 13920  0.0080 -0.0006 133.2310
12000 13920     NaN  4.8333 1137.7776
3360 14240  0.0000     NaN 6826.6644
3680 14240  0.0095  0.0052 635.0875
4000 14240 -0.0454 -0.0061 74.9780
4320 14240 -3.7053 -1.0618 77.6947
4640 14240  0.4995  0.0805 102.5894
4960 14240  1.1303  0.0863 104.4836
5280 14240  4.7182  0.2571 95.8881
5600 14240 -0.0447 -0.0426 67.4102
5920 14240 -5.9551 -0.0263 71.6628
6240 14240  7.3115  0.1076 57.1064
6560 14240 -3.3912 -0.0435 54.7244
6880 14240  4.0667  0.1385 81.8348
7200 14240 -0.5122  0.1181 68.8129
7520 14240  6.4959  0.0769 94.7278
7840 14240 -1.2493  0.0214 101.6205
8160 14240 -0.0313  0.0142 137.2738
8480 14240 -0.9040  0.1045 101.0762
8800 14240  0.4989  0.0085 70.6986
9120 14240 -7.4760  0.1161 82.0489
9440 14240  0.0075  0.0010 104.4830
9760 14240  5.3368 -0.0928 42.6513
10080 14240 -0.0933  0.0624 58.0354
10400 14240  7.0277 -2.5473 52.8176
10720 14240 -0.0038 -0.0028 49.0661
11040 14240 -0.0073 -0.0012 83.7089
11360 14240  0.0015  0.0013 945.6617
4320 14560  0.0114  0.0018 577.8827
4640 14560  0.0188  0.0037 89.3686
4960 14560 -0.0061  0.0021 49.1623
5280 14560 -4.2909 -0.0747 65.8261
5600 14560  0.0842  0.0721 69.5986
5920 14560  1.2489  0.0719 102.0460
6240 14560  5.2473  0.0800 58.7093
6560 14560 -3.6724 -0.0061 79.9393
6880 14560  3.2812  0.0154 94.5453
7200 14560 -0.5674 -0.0134 74.0624
7520 14560  5.7853 -0.0877 91.2163
7840 14560 -1.5432  0.0021 97.0171
8160 14560  0.0397 -0.0229 125.8203
8480 14560  9.2986 -0.1235 95.5867
8800 14560 -5.3734  0.1425 105.2208
9120 14560 -3.4464  0.0513 76.0325
9440 14560  0.5631 -0.0408 106.8216
9760 14560  5.0527 -0.0855 51.2299
10080 14560 -0.0574  0.0103 49.9568
10400 14560  0.0086 -0.0049 96.5254
10720 14560  0.0010  0.0001 811.3264
  0   0  0.0000  0.0000  0.0000
  0   0  0.0000  0.0000  0.0000
  0   0  0.0000  0.0000  0.0000
  0   0  0.0000  0.0000  0.0000
  0   0  0.0000  0.0000  0.0000
  0   0  0.0000  0.0000  0.0000
  0   0  0.0000  0.0000  0.0000
  0   0  0.0000  0.0000  0.0000
  0   0  0.0000  0.0000  0.0000
  0   0  0.0000  0.0000  0.0000
  0   0  0.0000  0.0000  0.0000
  0   0  0.0000  0.0000  0.0000
  0   0  0.0000  0.0000  0.0000
  0   0  0.0000  0.0000  0.0000
  0   0  0.0000  0.0000  0.0000
  0   0  0.0000  0.0000  0.0000
  0   0  0.0000  0.0000  0.0000
  0   0  0.0000  0.0000  0.0000
  0   0  0.0000  0.0000  0.0000
  0   0  0.0000  0.0000  0.0000
  0   0  0.0000  0.0000  0.0000
  0   0  0.0000  0.0000  0.0000
  0   0  0.0000  0.0000  0.0000
  0   0  0.0000  0.0000  0.0000
  0   0  0.0000  0.0000  0.0000
  0   0  0.0000  0.0000  0.0000
  0   0  0.0000  0.0000  0.0000
  0   0  0.0000  0.0000  0.0000
  0   0  0.0000  0.0000  0.0000
  0   0  0.0000  0.0000  0.0000
  0   0  0.0000  0.0000  0.0000
  0   0  0.0000  0.0000  0.0000
  0   0  0.0000  0.0000  0.0000
  0   0  0.0000  0.0000  0.0000
  0   0  0.0000  0.0000  0.0000
  0   0  0.0000  0.0000  0.0000
  0   0  0.0000  0.0000  0.0000
  0   0  0.0000  0.0000  0.0000
  0   0  0.0000  0.0000  0.0000
  0   0  0.0000  0.0000  0.0000
  0   0  0.0000  0.0000  0.0000
  0   0  0.0000  0.0000  0.0000
  0   0  0.0000  0.0000  0.0000
  0   0  0.0000  0.0000  0.0000
  0   0  0.0000  0.0000  0.0000
  0   0  0.0000  0.0000  0.0000
  0   0  0.0000  0.0000  0.0000
  0   0  0.0000  0.0000  0.0000
  0   0  0.0000  0.0000  0.0000
  0   0  0.0000  0.0000  0.0000
  0   0  0.0000  0.0000  0.0000
  0   0  0.0000  0.0000  0.0000
  0   0  0.0000  0.0000  0.0000
  0   0  0.0000  0.0000  0.0000
  0   0  0.0000  0.0000  0.0000
  0   0  0.0000  0.0000  0.0000
  0   0  0.0000  0.0000  0.0000
  0   0  0.0000  0.0000  0.0000
  0   0  0.0000  0.0000  0.0000
  0   0  0.0000  0.0000  0.0000
  0   0  0.0000  0.0000  0.0000
  0   0  0.0000  0.0000  0.0000
  0   0  0.0000  0.0000  0.0000
  0   0  0.0000  0.0000  0.0000
  0   0  0.0000  0.0000  0.0000
  0   0  0.0000  0.0000  0.0000
  0   0  0.0000  0.0000  0.0000
  0   0  0.0000  0.0000  0.0000
  0   0  0.0000  0.0000  0.0000
  0   0  0.0000  0.0000  0.0000
  0   0  0.0000  0.0000  0.0000
  0   0  0.0000  0.0000  0.0000
  0   0  0.0000  0.0000  0.0000
  0   0  0.0000  0.0000  0.0000
  0   0  0.0000  0.0000  0.0000
  0   0  0.0000  0.0000  0.0000
  0   0  0.0000  0.0000  0.0000
  0   0  0.0000  0.0000  0.0000
  0   0  0.0000  0.0000  0.0000
  0   0  0.0000  0.0000  0.0000
  0   0  0.0000  0.0000  0.0000
  0   0  0.0000  0.0000  0.0000
  0   0  0.0000  0.0000  0.0000
  0   0  0.0000  0.0000  0.0000
  0   0  0.0000  0.0000  0.0000
  0   0  0.0000  0.0000  0.0000
  0   0  0.0000  0.0000  0.0000
  0   0  0.0000  0.0000  0.0000
  0   0  0.0000  0.0000  0.0000
  0   0  0.0000  0.0000  0.0000
  0   0  0.0000  0.0000  0.0000
  0   0  0.0000  0.0000  0.0000
  0   0  0.0000  0.0000  0.0000
  0   0  0.0000  0.0000  0.0000
  0   0  0.0000  0.0000  0.0000
  0   0  0.0000  0.0000  0.0000
  0   0  0.0000  0.0000  0.0000
  0   0  0.0000  0.0000  0.0000
  0   0  0.0000  0.0000  0.0000
  0   0  0.0000  0.0000  0.0000
  0   0  0.0000  0.0000  0.0000
  0   0  0.0000  0.0000  0.0000
  0   0  0.0000  0.0000  0.0000
  0   0  0.0000  0.0000  0.0000
  0   0  0.0000  0.0000  0.0000
  0   0  0.0000  0.0000  0.0000
  0   0  0.0000  0.0000  0.0000
  0   0  0.0000  0.0000  0.0000
  0   0  0.0000  0.0000  0.0000
  0   0  0.0000  0.0000  0.0000
  0   0  0.0000  0.0000  0.0000
  0   0  0.0000  0.0000  0.0000
  0   0  0.0000  0.0000  0.0000
  0   0  0.0000  0.0000  0.0000
  0   0  0.0000  0.0000  0.0000
  0   0  0.0000  0.0000  0.0000
  0   0  0.0000  0.0000  0.0000
  0   0  0.0000  0.0000  0.0000
  0   0  0.0000  0.0000  0.0000
  0   0  0.0000  0.0000  0.0000
  0   0  0.0000  0.0000  0.0000
  0   0  0.0000  0.0000  0.0000
  0   0  0.0000  0.0000  0.0000
  0   0  0.0000  0.0000  0.0000
  0   0  0.0000  0.0000  0.0000
  0   0  0.0000  0.0000  0.0000
  0   0  0.0000  0.0000  0.0000
  0   0  0.0000  0.0000  0.0000
  0   0  0.0000  0.0000  0.0000
  0   0  0.0000  0.0000  0.0000
  0   0  0.0000  0.0000  0.0000
  0   0  0.0000  0.0000  0.0000
  0   0  0.0000  0.0000  0.0000
  0   0  0.0000  0.0000  0.0000
  0   0  0.0000  0.0000  0.0000
  0   0  0.0000  0.0000  0.0000
  0   0  0.0000  0.0000  0.0000
  0   0  0.0000  0.0000  0.0000
  0   0  0.0000  0.0000  0.0000
  0   0  0.0000  0.0000  0.0000
  0   0  0.0000  0.0000  0.0000
  0   0  0.0000  0.0000  0.0000
  0   0  0.0000  0.0000  0.0000
  0   0  0.0000  0.0000  0.0000
  0   0  0.0000  0.0000  0.0000
  0   0  0.0000  0.0000  0.0000
  0   0  0.0000  0.0000  0.0000
  0   0  0.0000  0.0000  0.0000
  0   0  0.0000  0.0000  0.0000
  0   0  0.0000  0.0000  0.0000
  0   0  0.0000  0.0000  0.0000
  0   0  0.0000  0.0000  0.0000
  0   0  0.0000  0.0000  0.0000
  0   0  0.0000  0.0000  0.0000
  0   0  0.0000  0.0000  0.0000
  0   0  0.0000  0.0000  0.0000
  0   0  0.0000  0.0000  0.0000
  0   0  0.0000  0.0000  0.0000
  0   0  0.0000  0.0000  0.0000
  0   0  0.0000  0.0000  0.0000
  0   0  0.0000  0.0000  0.0000
  0   0  0.0000  0.0000  0.0000
  0   0  0.0000  0.0000  0.0000
  0   0  0.0000  0.0000  0.0000
  0   0  0.0000  0.0000  0.0000
  0   0  0.0000  0.0000  0.0000
  0   0  0.0000  0.0000  0.0000
  0   0  0.0000  0.0000  0.0000
  0   0  0.0000  0.0000  0.0000
  0   0  0.0000  0.0000  0.0000
  0   0  0.0000  0.0000  0.0000
  0   0  0.0000  0.0000  0.0000
  0   0  0.0000  0.0000  0.0000
  0   0  0.0000  0.0000  0.0000
  0   0  0.0000  0.0000  0.0000
  0   0  0.0000  0.0000  0.0000
  0   0  0.0000  0.0000  0.0000
  0   0  0.0000  0.0000  0.0000
  0   0  0.0000  0.0000  0.0000
  0   0  0.0000  0.0000  0.0000
  0   0  0.0000  0.0000  0.0000
  0   0  0.0000  0.0000  0.0000
  0   0  0.0000  0.0000  0.0000
  0   0  0.0000  0.0000  0.0000
  0   0  0.0000  0.0000  0.0000
  0   0  0.0000  0.0000  0.0000
  0   0  0.0000  0.0000  0.0000
  0   0  0.0000  0.0000  0.0000
  0   0  0.0000  0.0000  0.0000
  0   0  0.0000  0.0000  0.0000
  0   0  0.0000  0.0000  0.0000
  0   0  0.0000  0.0000  0.0000
  0   0  0.0000  0.0000  0.0000
  0   0  0.0000  0.0000  0.0000
  0   0  0.0000  0.0000  0.0000
  0   0  0.0000  0.0000  0.0000
  0   0  0.0000  0.0000  0.0000
  0   0  0.0000  0.0000  0.0000
  0   0  0.0000  0.0000  0.0000
  0   0  0.0000  0.0000  0.0000
  0   0  0.0000  0.0000  0.0000
  0   0  0.0000  0.0000  0.0000
  0   0  0.0000  0.0000  0.0000
  0   0  0.0000  0.0000  0.0000
  0   0  0.0000  0.0000  0.0000
  0   0  0.0000  0.0000  0.0000
  0   0  0.0000  0.0000  0.0000
  0   0  0.0000  0.0000  0.0000
  0   0  0.0000  0.0000  0.0000
  0   0  0.0000  0.0000  0.0000
  0   0  0.0000  0.0000  0.0000
  0   0  0.0000  0.0000  0.0000
  0   0  0.0000  0.0000  0.0000
  0   0  0.0000  0.0000  0.0000
  0   0  0.0000  0.0000  0.0000
  0   0  0.0000  0.0000  0.0000
  0   0  0.0000  0.0000  0.0000
  0   0  0.0000  0.0000  0.0000
  0   0  0.0000  0.0000  0.0000
  0   0  0.0000  0.0000  0.0000
  0   0  0.0000  0.0000  0.0000
  0   0  0.0000  0.0000  0.0000
  0   0  0.0000  0.0000  0.0000
  0   0  0.0000  0.0000  0.0000
  0   0  0.0000  0.0000  0.0000
  0   0  0.0000  0.0000  0.0000
  0   0  0.0000  0.0000  0.0000
  0   0  0.0000  0.0000  0.0000
  0   0  0.0000  0.0000  0.0000
  0   0  0.0000  0.0000  0.0000
  0   0  0.0000  0.0000  0.0000
  0   0  0.0000  0.0000  0.0000
  0   0  0.0000  0.0000  0.0000
  0   0  0.0000  0.0000  0.0000
  0   0  0.0000  0.0000  0.0000
  0   0  0.0000  0.0000  0.0000
  0   0  0.0000  0.0000  0.0000
  0   0  0.0000  0.0000  0.0000
  0   0  0.0000  0.0000  0.0000
  0   0  0.0000  0.0000  0.0000
  0   0  0.0000  0.0000  0.0000
  0   0  0.0000  0.0000  0.0000
  0   0  0.0000  0.0000  0.0000
  0   0  0.0000  0.0000  0.0000
  0   0  0.0000  0.0000  0.0000
  0   0  0.0000  0.0000  0.0000
  0   0  0.0000  0.0000  0.0000
  0   0  0.0000  0.0000  0.0000
  0   0  0.0000  0.0000  0.0000
  0   0  0.0000  0.0000  0.0000
  0   0  0.0000  0.0000  0.0000
  0   0  0.0000  0.0000  0.0000
  0   0  0.0000  0.0000  0.0000
  0   0  0.0000  0.0000  0.0000
  0   0  0.0000  0.0000  0.0000
  0   0  0.0000  0.0000  0.0000
  0   0  0.0000  0.0000  0.0000
  0   0  0.0000  0.0000  0.0000
  0   0  0.0000  0.0000  0.0000
  0   0  0.0000  0.0000  0.0000
  0   0  0.0000  0.0000  0.0000
  0   0  0.0000  0.0000  0.0000
  0   0  0.0000  0.0000  0.0000
  0   0  0.0000  0.0000  0.0000
  0   0  0.0000  0.0000  0.0000
  0   0  0.0000  0.0000  0.0000
  0   0  0.0000  0.0000  0.0000
  0   0  0.0000  0.0000  0.0000
  0   0  0.0000  0.0000  0.0000
  0   0  0.0000  0.0000  0.0000
  0   0  0.0000  0.0000  0.0000
  0   0  0.0000  0.0000  0.0000
  0   0  0.0000  0.0000  0.0000
  0   0  0.0000  0.0000  0.0000
  0   0  0.0000  0.0000  0.0000
  0   0  0.0000  0.0000  0.0000
  0   0  0.0000  0.0000  0.0000
  0   0  0.0000  0.0000  0.0000
  0   0  0.0000  0.0000  0.0000
  0   0  0.0000  0.0000  0.0000
  0   0  0.0000  0.0000  0.0000
  0   0  0.0000  0.0000  0.0000
  0   0  0.0000  0.0000  0.0000
  0   0  0.0000  0.0000  0.0000
  0   0  0.0000  0.0000  0.0000
  0   0  0.0000  0.0000  0.0000
  0   0  0.0000  0.0000  0.0000
  0   0  0.0000  0.0000  0.0000
  0   0  0.0000  0.0000  0.0000
  0   0  0.0000  0.0000  0.0000
  0   0  0.0000  0.0000  0.0000
  0   0  0.0000  0.0000  0.0000
  0   0  0.0000  0.0000  0.0000
  0   0  0.0000  0.0000  0.0000
  0   0  0.0000  0.0000  0.0000
  0   0  0.0000  0.0000  0.0000
  0   0  0.0000  0.0000  0.0000
  0   0  0.0000  0.0000  0.0000
  0   0  0.0000  0.0000  0.0000
  0   0  0.0000  0.0000  0.0000
  0   0  0.0000  0.0000  0.0000
  0   0  0.0000  0.0000  0.0000
  0   0  0.0000  0.0000  0.0000
  0   0  0.0000  0.0000  0.0000
  0   0  0.0000  0.0000  0.0000
  0   0  0.0000  0.0000  0.0000
  0   0  0.0000  0.0000  0.0000
  0   0  0.0000  0.0000  0.0000
  0   0  0.0000  0.0000  0.0000
  0   0  0.0000  0.0000  0.0000
  0   0  0.0000  0.0000  0.0000
  0   0  0.0000  0.0000  0.0000
  0   0  0.0000  0.0000  0.0000
  0   0  0.0000  0.0000  0.0000
  0   0  0.0000  0.0000  0.0000
  0   0  0.0000  0.0000  0.0000
  0   0  0.0000  0.0000  0.0000
  0   0  0.0000  0.0000  0.0000
  0   0  0.0000  0.0000  0.0000
  0   0  0.0000  0.0000  0.0000
  0   0  0.0000  0.0000  0.0000
  0   0  0.0000  0.0000  0.0000
  0   0  0.0000  0.0000  0.0000
  0   0  0.0000  0.0000  0.0000
  0   0  0.0000  0.0000  0.0000
  0   0  0.0000  0.0000  0.0000
  0   0  0.0000  0.0000  0.0000
  0   0  0.0000  0.0000  0.0000
  0   0  0.0000  0.0000  0.0000
  0   0  0.0000  0.0000  0.0000
  0   0  0.0000  0.0000  0.0000
  0   0  0.0000  0.0000  0.0000
  0   0  0.0000  0.0000  0.0000
  0   0  0.0000  0.0000  0.0000
  0   0  0.0000  0.0000  0.0000
  0   0  0.0000  0.0000  0.0000
  0   0  0.0000  0.0000  0.0000
  0   0  0.0000  0.0000  0.0000
  0   0  0.0000  0.0000  0.0000
  0   0  0.0000  0.0000  0.0000
  0   0  0.0000  0.0000  0.0000
  0   0  0.0000  0.0000  0.0000
  0   0  0.0000  0.0000  0.0000
  0   0  0.0000  0.0000  0.0000
  0   0  0.0000  0.0000  0.0000
  0   0  0.0000  0.0000  0.0000
  0   0  0.0000  0.0000  0.0000
  0   0  0.0000  0.0000  0.0000
  0   0  0.0000  0.0000  0.0000
  0   0  0.0000  0.0000  0.0000
  0   0  0.0000  0.0000  0.0000
  0   0  0.0000  0.0000  0.0000
  0   0  0.0000  0.0000  0.0000
  0   0  0.0000  0.0000  0.0000
  0   0  0.0000  0.0000  0.0000
  0   0  0.0000  0.0000  0.0000
  0   0  0.0000  0.0000  0.0000
  0   0  0.0000  0.0000  0.0000
  0   0  0.0000  0.0000  0.0000
  0   0  0.0000  0.0000  0.0000
  0   0  0.0000  0.0000  0.0000
  0   0  0.0000  0.0000  0.0000
  0   0  0.0000  0.0000  0.0000
  0   0  0.0000  0.0000  0.0000
  0   0  0.0000  0.0000  0.0000
  0   0  0.0000  0.0000  0.0000
  0   0  0.0000  0.0000  0.0000
  0   0  0.0000  0.0000  0.0000
  0   0  0.0000  0.0000  0.0000
  0   0  0.0000  0.0000  0.0000
  0   0  0.0000  0.0000  0.0000
  0   0  0.0000  0.0000  0.0000
  0   0  0.0000  0.0000  0.0000
  0   0  0.0000  0.0000  0.0000
  0   0  0.0000  0.0000  0.0000
  0   0  0.0000  0.0000  0.0000
  0   0  0.0000  0.0000  0.0000
  0   0  0.0000  0.0000  0.0000
  0   0  0.0000  0.0000  0.0000
  0   0  0.0000  0.0000  0.0000
  0   0  0.0000  0.0000  0.0000
  0   0  0.0000  0.0000  0.0000
  0   0  0.0000  0.0000  0.0000
  0   0  0.0000  0.0000  0.0000
  0   0  0.0000  0.0000  0.0000
  0   0  0.0000  0.0000  0.0000
  0   0  0.0000  0.0000  0.0000
  0   0  0.0000  0.0000  0.0000
  0   0  0.0000  0.0000  0.0000
  0   0  0.0000  0.0000  0.0000
  0   0  0.0000  0.0000  0.0000
  0   0  0.0000  0.0000  0.0000
  0   0  0.0000  0.0000  0.0000
  0   0  0.0000  0.0000  0.0000
  0   0  0.0000  0.0000  0.0000
