VARIABLES= "X m", "Y m", "U m/s", "V m/s", "CHC", ZONE I=46, J=46
4960 160 -0.0018  0.0034 2450.5824
5280 160  0.0006  0.0010 154.2096
5600 160  0.0236  0.0031 74.4949
5920 160  0.0547 -0.0338 52.3772
6240 160 -7.2464  1.0093 87.2839
6560 160  0.0000  0.0000 104.7582
6880 160 -0.5444  0.0081 70.9843
7200 160 -1.1315  0.0912 103.2205
7520 160 -0.0134  0.0071 71.0843
7840 160 -0.7115 -0.0259 91.7733
8160 160  4.5174  0.0348 107.1802
8480 160 -2.1422 -0.0289 101.7814
8800 160 -0.0240 -0.0134 46.1300
9120 160 -0.0255 -0.0051 53.0407
9440 160  0.0000  0.0017 77.3258
9760 160 -0.0033  0.0016 174.2020
10080 160  0.0063  0.0028 3699.6402
10400 160  0.0000  0.0000 3900.9521
4000 480  0.0000  0.0000 13653.3276
4320 480 -0.0056 -0.0002 306.3686
4640 480  0.0223 -0.0090 72.8121
4960 480  0.7750 -0.1769 51.3098
5280 480 -1.7004  5.4382 82.7206
5600 480 -0.0713  0.0552 108.4743
5920 480  0.5301 -0.0701 82.9089
6240 480  4.1767 -0.0755 75.2504
6560 480 -0.8964  0.0909 101.8867
6880 480  3.0515 -0.0458 100.4100
7200 480 -1.4329  0.0236 143.4620
7520 480  0.1320 -0.0289 84.1438
7840 480 -0.7910 -0.0053 103.6792
8160 480  3.8944  0.0338 111.8463
8480 480 -3.6816 -0.0098 77.8387
8800 480  5.6613 -0.0180 94.9196
9120 480 -5.2894  0.0372 69.7227
9440 480  1.0573  0.0371 52.7300
9760 480  2.4548  0.0916 84.5124
10080 480 -0.0030 -0.0046 46.9231
10400 480 -0.0068 -0.0004 78.9806
10720 480 -0.0095  0.0010 396.0435
11040 480  0.0000  0.0000 13653.3301
3680 800 -0.0060  0.0033 349.6624
4000 800  0.0255 -0.0093 65.1519
4320 800  0.0211 -0.0312 84.8223
4640 800 -6.3992  4.4558 75.4463
4960 800  3.0410 -0.0241 62.9311
5280 800 -7.1238  0.1658 66.0736
5600 800  0.0170 -0.0068 69.3430
5920 800  0.2724 -0.3241 52.4891
6240 800  4.3391 -0.0104 85.6353
6560 800 -1.8996  0.0066 140.1790
6880 800  3.0038  0.0548 81.0067
7200 800 -1.9333  0.0035 108.7696
7520 800  0.0353  0.0948 71.6394
7840 800 -0.7636 -0.0331 103.2173
8160 800 -0.0043 -0.0218 79.9884
8480 800 -3.7003 -0.0240 70.4198
8800 800  5.3358  0.1260 78.6155
9120 800 -1.0780 -0.0369 56.9399
9440 800  0.9452  0.0050 65.5862
9760 800  2.2885  0.3928 117.4341
10080 800 -0.0901 -0.1292 83.8785
10400 800  0.2102  0.0401 54.3100
10720 800 -1.4979 -0.5251 46.6831
11040 800  0.0182  0.0174 69.6117
11360 800  0.0038  0.0021 476.4046
11680 800  0.0000  0.0000 5119.9997
3040 1120  0.0078  0.0031 3107.3990
3360 1120  0.0147 -0.0108 87.7086
3680 1120 -0.0214 -0.0046 54.2912
4000 1120 -2.3505  2.6506 70.0943
4320 1120 -0.0027  0.0176 177.2789
4640 1120 -0.3857  0.0309 95.1010
4960 1120  6.9790 -1.7604 90.5671
5280 1120  0.1522 -0.6934 69.5920
5600 1120 -0.4839  0.0638 92.3125
5920 1120  6.6297 -3.5229 88.6217
6240 1120  3.8962  0.1244 67.1848
6560 1120 -1.8998 -0.0350 103.7420
6880 1120 -0.7297 -0.0765 78.8540
7200 1120  0.0897 -0.0384 172.2366
7520 1120  5.0849  0.5606 76.7736
7840 1120 -6.7871 -0.0346 60.9883
8160 1120  1.9580 -2.1667 65.4026
8480 1120 -7.1691  0.1020 106.6434
8800 1120  1.7675  0.0223 76.1763
9120 1120  1.4288  0.0088 52.1739
9440 1120  1.0178  0.0232 59.6596
9760 1120 -0.2993 -0.0512 76.9781
10080 1120  0.1943 -0.0234 68.9016
10400 1120 -6.7821 -0.1461 73.1438
10720 1120  0.7645  1.4016 63.0959
11040 1120  0.6497  4.0239 62.7713
11360 1120 -0.0225 -0.0150 43.0744
11680 1120 -0.0034  0.0005 102.0805
12000 1120  0.0001 -0.0049 6264.2627
2720 1440  0.0053 -0.0040 390.4951
3040 1440 -3.6101  2.6981 46.8743
3360 1440 -0.4845  0.1333 83.7084
3680 1440  1.7171 -1.3376 63.7406
4000 1440  0.0245 -0.0189 75.8197
4320 1440  0.1215 -0.0433 69.6267
4640 1440 -0.1444  0.1643 97.7656
4960 1440  3.5905 -1.1820 64.2273
5280 1440  1.8311 -0.0156 93.4766
5600 1440 -3.1306  0.0521 121.4023
5920 1440 -0.0605  0.0551 127.7876
6240 1440  7.3286  0.0323 59.6070
6560 1440 -2.9289 -0.7891 98.8427
6880 1440  3.4263 -3.5869 93.1787
7200 1440  0.0329 -0.0709 154.8172
7520 1440  0.1159 -2.7628 53.1799
7840 1440 -0.1048 -0.2222 60.6395
8160 1440  0.6089  1.6148 82.7291
8480 1440 -1.9377  0.0151 73.1429
8800 1440 -2.3176 -1.2507 55.5491
9120 1440  1.6779  0.0173 76.7977
9440 1440  2.0902  0.0006 86.9639
9760 1440 -0.0812 -1.5367 81.2248
10080 1440  0.1123  0.1181 61.5531
10400 1440 -0.0625 -5.3952 66.7050
10720 1440  3.6969  0.0478 68.6337
11040 1440  5.0419  1.0450 70.1638
11360 1440 -4.7732 -1.1381 73.2610
11680 1440  5.8831  0.0094 75.2919
12000 1440 -0.0014  0.0065 58.0785
12320 1440 -0.0015 -0.0007 572.1558
2080 1760  0.0000  0.0000 2275.5548
2400 1760 -0.0131  0.0086 203.0798
2720 1760  0.0269  0.0049 45.8345
3040 1760 -0.1534  0.6754 138.1129
3360 1760 -4.7994  3.0960 75.3481
3680 1760 -0.0431  0.0525 102.6651
4000 1760  1.0747 -0.0994 88.3841
4320 1760 -5.9206  0.0623 69.5459
4640 1760  0.0180 -0.0345 146.9077
4960 1760 -3.6224  4.2037 72.6389
5280 1760  1.3914 -0.0363 67.9156
5600 1760 -5.2936  0.3804 79.0073
5920 1760 -0.0977  0.0588 77.6251
6240 1760  0.0000  0.0000 103.2432
6560 1760  0.0000  0.0000 87.9977
6880 1760  3.7787 -0.0891 112.3518
7200 1760 -0.0544  0.0279 137.8594
7520 1760 -0.0123 -0.0121 80.2557
7840 1760 -4.1973 -0.0870 69.7792
8160 1760 -0.0756  0.0269 50.3097
8480 1760  6.9137 -0.0949 55.8726
8800 1760 -4.0628  0.0724 61.3286
9120 1760  4.7313  4.3416 96.9616
9440 1760  2.3183 -0.5680 57.7295
9760 1760 -0.1979  0.0889 68.7321
10080 1760 -7.7607 -2.5580 69.4977
10400 1760  3.0624  0.1146 78.3741
10720 1760  8.5468  6.4269 77.9746
11040 1760 -2.3387 -3.5890 64.9795
11360 1760 -4.9233 -0.0324 55.5995
11680 1760  0.0000  0.0000 80.8730
12000 1760 -2.2275 -0.8541 86.5835
12320 1760 -0.0183 -0.0129 47.5272
12640 1760  0.0012 -0.0026 273.9368
12960 1760  0.0000  0.0000 6826.6638
2080 2080  0.0004  0.0037 167.5315
2400 2080 -4.4078  1.6859 44.5961
2720 2080 -2.6108  0.5789 73.1661
3040 2080  8.0415 -7.5848 70.0174
3360 2080 -0.4497  0.4731 92.8850
3680 2080 -2.7456  4.0797 67.7381
4000 2080  6.0665 -0.0709 58.4727
4320 2080 -3.9374  2.5930 56.3802
4640 2080 -0.0477  0.0859 106.0802
4960 2080  0.0702 -0.0264 66.2153
5280 2080  0.1168 -1.7487 83.2219
5600 2080 -0.0863 -0.0238 116.1945
5920 2080 -0.0837  0.1039 71.0799
6240 2080 -0.0218  0.0716 120.1275
6560 2080 -7.6590 -4.2470 113.7528
6880 2080  3.8122 -0.1487 89.0814
7200 2080  0.6880  0.0784 119.8868
7520 2080 -0.0169  0.0447 53.0709
7840 2080 -0.6316 -1.3115 52.6992
8160 2080 -7.3560  3.1810 64.9164
8480 2080  0.5625 -0.0095 52.3253
8800 2080  1.3020  0.4308 52.6160
9120 2080  1.0626 -5.5735 51.3072
9440 2080  1.3516  0.1168 69.6298
9760 2080 -0.6806 -1.8271 47.9464
10080 2080 -1.4413 -0.1227 60.5654
10400 2080  2.0451  2.0737 47.1742
10720 2080 -2.3369  4.2954 57.7035
11040 2080 -7.0727 -6.6948 69.8506
11360 2080  4.9703  1.3115 69.1811
11680 2080 -1.9942 -0.6369 64.2445
12000 2080 -7.9765 -7.1393 92.0312
12320 2080  0.0075  0.0083 207.6795
12640 2080  0.0481 -0.0143 69.3345
12960 2080  0.0108  0.0044 223.2544
1760 2400  0.0050 -0.0093 201.8909
2080 2400  0.0618 -0.0859 49.8163
2400 2400 -0.8720  1.5179 66.0310
2720 2400 -7.0645  6.4806 69.6320
3040 2400 -0.2657  2.9368 64.6273
3360 2400  7.3248 -7.0577 61.3861
3680 2400 -4.6869  2.3894 89.0279
4000 2400 -0.1068  5.9301 56.1603
4320 2400  0.1638 -0.0721 91.4319
4640 2400 -7.7585  0.0663 76.5070
4960 2400  8.0362 -4.7025 70.0030
5280 2400 -1.0359  4.0818 51.4840
5600 2400 -0.5568  0.0864 84.7793
5920 2400  3.4065  0.0474 116.1224
6240 2400  0.0078 -0.0039 127.7067
6560 2400  0.0182 -0.0512 82.7446
6880 2400  0.7918  3.8935 86.8836
7200 2400  0.7193 -0.0683 116.0178
7520 2400  0.0012 -0.0670 104.3452
7840 2400 -5.0659  3.0955 51.2593
8160 2400 -0.7828 -0.1347 52.5910
8480 2400  1.7469  0.0577 60.5722
8800 2400  5.1253  0.0879 90.3681
9120 2400 -2.4204  2.8459 59.5878
9440 2400 -4.7862 -1.4630 68.0744
9760 2400  0.3339  0.0070 68.2202
10080 2400  0.1107  4.0631 104.2102
10400 2400  6.6615  2.7071 50.7224
10720 2400  0.0000  0.0000 114.0552
11040 2400  6.8975  2.5289 51.5670
11360 2400  5.3069  3.3223 80.7812
11680 2400 -5.7641 -4.7218 85.7614
12000 2400 -0.0331 -0.0186 164.9289
12320 2400  0.0388  0.0190 110.0253
12640 2400 -0.1374 -3.4632 88.3226
12960 2400 -0.0339 -0.0548 42.3107
13280 2400 -0.0047  0.0010 286.7001
1440 2720 -0.0002  0.0028 388.6260
1760 2720  0.0343 -0.0471 47.7890
2080 2720  3.3550 -3.7731 62.9049
2400 2720 -0.0829  0.0943 81.9732
2720 2720 -1.3864  1.3733 64.8075
3040 2720 -6.9438  6.1093 65.5906
3360 2720 -0.0747  1.4295 105.4159
3680 2720  0.6442 -0.1445 100.4408
4000 2720 -5.2861  2.2894 63.1233
4320 2720 -0.0537  3.0792 59.4741
4640 2720 -0.0011  0.0448 67.9870
4960 2720 -0.5347  5.1694 66.9127
5280 2720  2.1899  0.0005 92.2662
5600 2720 -1.0578  0.1145 79.7032
5920 2720  3.9244 -0.0323 66.3240
6240 2720  0.0636 -0.0942 89.7978
6560 2720 -0.0341 -0.0519 164.4086
6880 2720  0.0394  0.1515 149.4769
7200 2720  0.0650  1.3203 94.3333
7520 2720  0.0201  1.3771 129.4666
7840 2720  1.3735  0.4279 53.0606
8160 2720 -0.0832 -0.0895 49.5751
8480 2720 -0.9445 -6.8739 113.4888
8800 2720  3.9430 -5.6946 52.6750
9120 2720  0.0645  0.0286 55.0656
9440 2720  3.8908 -0.0759 94.8813
9760 2720  3.4852  0.1146 66.5507
10080 2720  0.2513  7.2056 78.5407
10400 2720  0.0279  0.0854 86.9416
10720 2720 -0.3463  4.9220 58.2632
11040 2720  4.5954  1.1005 49.2516
11360 2720 -3.8056 -7.9881 56.2878
11680 2720  0.0715  0.0822 139.4035
12000 2720 -0.1103  0.0021 104.7381
12320 2720 -3.3320 -0.1163 81.1619
12640 2720 -5.3314 -0.0983 65.1057
12960 2720 -0.1112 -0.1287 74.7917
13280 2720  0.0118  0.0173 48.1765
13600 2720  0.0015 -0.0027 648.8337
1120 3040 -0.0041  0.0033 3155.5850
1440 3040 -0.0017  0.0083 60.1363
1760 3040  0.0293 -0.0280 142.3036
2080 3040 -0.0560  0.0612 136.9911
2400 3040  4.5242 -5.9306 75.0872
2720 3040 -0.0925  0.0886 85.2828
3040 3040 -5.2913  0.1001 82.5053
3360 3040 -2.3332 -0.0448 69.6312
3680 3040  8.5567 -8.2279 211.3140
4000 3040  0.1623  0.0074 83.7413
4320 3040  0.2304  0.6407 56.4728
4640 3040 -0.1289  3.6398 46.4196
4960 3040  0.0098  0.0182 81.8392
5280 3040  0.6917 -0.0544 79.9359
5600 3040 -0.0471  0.1525 83.5294
5920 3040 -2.5627  2.5646 79.3279
6240 3040  0.1493 -0.5454 64.1060
6560 3040 -0.0147 -0.0091 140.2035
6880 3040 -0.0085 -0.0202 301.2792
7200 3040  0.3620  0.1646 72.1183
7520 3040  3.7089  0.0608 86.6540
7840 3040  0.4661  5.3307 48.4146
8160 3040 -0.1120 -1.8701 51.8782
8480 3040 -0.0408  0.5813 91.5488
8800 3040  0.0732  0.0635 100.1447
9120 3040 -1.3605 -0.1842 60.9071
9440 3040 -0.0932 -1.2584 162.9463
9760 3040  8.8906  3.9882 107.2469
10080 3040  0.0748  2.7384 57.8574
10400 3040 -5.9275 -5.3806 102.5320
10720 3040 -1.0387  0.0158 145.7709
11040 3040 -2.8585  0.0225 53.9612
11360 3040 -3.6155  0.0228 56.7353
11680 3040 -0.1260 -0.0071 114.6514
12000 3040 -4.0623 -0.1229 109.8736
12320 3040 -0.0371 -3.3961 81.5107
12640 3040 -0.0499 -0.0340 58.7316
12960 3040 -1.2565 -0.0144 42.2311
13280 3040  0.0351  1.0022 71.8991
13600 3040  0.0074 -0.0026 60.1308
13920 3040  0.0002  0.0000 6599.8877
1120 3360  0.0013 -0.0023 87.7929
1440 3360 -0.1153  1.3238 47.2874
1760 3360 -1.0956  0.1558 81.6242
2080 3360  0.0649 -0.0488 152.3845
2400 3360 -0.1114  0.0977 115.3506
2720 3360  4.2550 -6.3780 87.0255
3040 3360 -0.1361  0.1288 89.8074
3360 3360 -0.0899  0.4256 73.4925
3680 3360 -0.0276 -0.1956 83.7664
4000 3360  2.6120 -2.4715 92.7354
4320 3360 -0.0952  0.0897 78.4603
4640 3360 -5.1350 -0.0146 78.8389
4960 3360  3.3714 -1.0080 63.8400
5280 3360 -6.1968 -6.0129 68.1382
5600 3360  2.3995 -2.7319 65.5261
5920 3360  0.1486  5.5145 81.1913
6240 3360 -0.3931  4.7916 59.1747
6560 3360  3.2925  0.1419 71.7587
6880 3360 -0.0471  3.0605 88.2672
7200 3360 -2.2814 -0.0102 164.2247
7520 3360 -0.6420 -3.3507 88.7151
7840 3360  0.2102 -1.1084 44.7722
8160 3360 -0.0846 -5.2708 63.0416
8480 3360 -0.0994 -1.7320 141.5822
8800 3360  3.8606  0.1318 96.5389
9120 3360 -5.3349  5.2180 97.3761
9440 3360 -1.3644 -3.4073 94.2005
9760 3360  5.5918  3.2397 53.6308
10080 3360 -1.6780 -1.0998 60.0527
10400 3360  4.4723  8.1302 115.1478
10720 3360  0.2058 -0.0645 60.0748
11040 3360 -1.2377  0.0227 70.4428
11360 3360 -0.5430 -6.2450 103.1632
11680 3360 -0.0936 -4.4562 120.2045
12000 3360 -0.1307 -2.7356 68.7512
12320 3360 -0.0700 -5.1360 74.8998
12640 3360  0.0789  1.0399 58.0100
12960 3360  0.0602  0.3360 77.0360
13280 3360 -0.0081  0.2536 103.1219
13600 3360 -0.3746 -1.3445 81.4900
13920 3360 -0.0036 -0.0005 110.8554
800 3680 -0.0002  0.0005 350.3071
1120 3680  0.0355  0.0080 40.6917
1440 3680 -0.6084  4.3235 56.1703
1760 3680 -0.0066 -0.0143 53.9848
2080 3680 -0.1020  1.2423 69.3980
2400 3680  0.0123 -0.0043 129.3981
2720 3680 -0.0707  0.0506 109.2082
3040 3680  4.7307 -7.2607 85.9561
3360 3680 -0.1888  0.0164 106.2136
3680 3680 -0.3658 -0.0466 51.6669
4000 3680 -1.2523  0.1489 91.9310
4320 3680 -4.6350 -1.0931 139.1265
4640 3680 -3.7114 -0.2390 130.8388
4960 3680  1.7913  1.0766 58.0814
5280 3680 -0.0567  4.0422 44.4835
5600 3680  3.9297 -0.1183 58.8056
5920 3680 -0.0601  0.0334 100.2181
6240 3680 -3.4296  1.7437 47.8701
6560 3680  3.7268  1.8356 104.6465
6880 3680  0.0399  0.1159 84.8645
7200 3680 -6.8575  0.0722 65.5967
7520 3680 -2.3168  2.5667 104.6150
7840 3680 -8.6377  0.0342 175.6126
8160 3680  1.8940  6.4326 104.2631
8480 3680  0.0473 -2.0611 94.0872
8800 3680  0.0000  0.0000 145.6458
9120 3680  0.0000  0.0000 82.4153
9440 3680  5.2827 -1.8568 66.7501
9760 3680 -2.2871 -8.9851 62.8801
10080 3680 -5.6466  1.7637 84.8106
10400 3680 -0.5282 -3.5523 67.8693
10720 3680 -0.5240 -0.8543 46.4131
11040 3680 -1.3693 -2.6239 94.4809
11360 3680 -0.9637 -7.6766 72.4027
11680 3680  3.7534 -4.1703 80.3061
12000 3680  0.5810  6.0278 56.2680
12320 3680 -0.0556  3.5576 71.5843
12640 3680 -1.2506  0.1065 48.5966
12960 3680 -1.7165 -0.0833 65.3207
13280 3680 -0.1388 -1.4465 136.1819
13600 3680  0.0898  1.6211 84.7240
13920 3680  0.0091  0.0220 47.6618
14240 3680 -0.0004  0.0071 630.3859
480 4000  0.0000  0.0000 5119.9991
800 4000  0.0180 -0.0258 63.2582
1120 4000  0.0262 -0.0232 73.0272
1440 4000  0.0670 -3.5716 49.2992
1760 4000 -1.2083  5.2673 43.4174
2080 4000 -0.1481  1.9766 60.6747
2400 4000 -0.4963  0.7197 54.2578
2720 4000 -0.0757  0.0701 120.3219
3040 4000 -0.0068  0.0262 141.8352
3360 4000  0.0496  0.0660 121.5775
3680 4000 -0.1281  1.4858 144.1958
4000 4000 -3.9998  3.2514 62.4778
4320 4000 -0.1590  5.6609 64.9316
4640 4000 -0.0437  0.0568 72.4890
4960 4000  0.0403  0.0510 85.4403
5280 4000  0.0217 -1.7188 68.9628
5600 4000  2.6756 -0.0567 52.5756
5920 4000 -0.1405  0.1693 81.4509
6240 4000  0.7917 -0.0254 112.0985
6560 4000  0.1595  2.0439 63.7958
6880 4000 -0.0463  3.4983 139.4621
7200 4000  0.0000  0.0000 62.4998
7520 4000  0.0000  0.0000 73.6555
7840 4000 -8.0930  0.0616 75.3903
8160 4000  5.9715  0.1652 81.6176
8480 4000  0.7845  0.6049 84.1079
8800 4000 -3.8984  1.7240 46.3842
9120 4000 -0.3876 -5.0121 99.2820
9440 4000  5.3741  0.0683 77.5913
9760 4000  0.7513 -1.8656 70.5233
10080 4000 -4.9621  0.0204 72.5264
10400 4000  1.7391  0.7388 60.2754
10720 4000 -0.3686 -0.0895 75.3282
11040 4000  3.8994  7.5828 58.6498
11360 4000 -0.3127  7.0305 129.0423
11680 4000  1.6002 -0.1524 84.4468
12000 4000  0.0211 -5.9732 114.7405
12320 4000 -1.9885 -4.5187 68.8458
12640 4000 -0.7489  1.2785 98.1822
12960 4000 -2.1740  0.0221 83.1044
13280 4000  0.0022  1.1898 52.2329
13600 4000  0.9795  4.3574 75.0281
13920 4000  0.0140  0.3538 71.9191
14240 4000 -0.0035 -0.0047 76.0830
14560 4000  0.0000  0.0000 9102.2198
480 4320 -0.0012  0.0091 305.5953
800 4320 -3.2255  6.6355 74.6711
1120 4320  0.1009 -3.9400 84.7713
1440 4320 -0.1190  0.1119 44.1189
1760 4320  0.0380 -0.0778 65.4321
2080 4320  0.0477 -2.2590 58.2002
2400 4320 -0.0849  3.8301 60.4425
2720 4320  0.1121 -0.0960 48.3088
3040 4320 -0.0639  0.0727 79.1350
3360 4320  0.0140  0.0151 131.6684
3680 4320  7.7002 -6.9453 69.5946
4000 4320 -0.1533  0.1035 52.3552
4320 4320  0.1199  2.5465 68.0439
4640 4320  1.4677  3.2244 140.6285
4960 4320  1.6049  7.4057 58.6038
5280 4320  0.1146  0.0297 59.0662
5600 4320  0.0091  4.2586 72.3300
5920 4320  3.0537 -1.1140 79.9036
6240 4320 -7.7485  0.0887 69.0376
6560 4320  7.0759 -4.7473 94.9923
6880 4320  0.1506 -3.3701 106.0427
7200 4320 -2.2079 -1.3106 61.8049
7520 4320  7.0440 -7.7373 74.6178
7840 4320 -0.0846 -4.2019 94.7363
8160 4320  1.5774  1.3659 59.6018
8480 4320 -0.0967 -1.8431 189.9250
8800 4320  0.1211 -0.9418 80.7905
9120 4320  0.0743  0.8570 98.6527
9440 4320  8.0161  0.4255 79.4172
9760 4320  6.6206  2.9100 118.3472
10080 4320  0.1374  0.2141 60.4321
10400 4320 -5.8031 -4.2948 80.4838
10720 4320 -3.2375  6.3677 140.0521
11040 4320  6.1690  5.2515 66.0960
11360 4320  0.0435  4.5768 83.6879
11680 4320 -0.9706 -3.6828 59.4203
12000 4320 -0.0685 -0.6623 120.0984
12320 4320 -0.1092 -0.4182 54.5325
12640 4320 -2.7201 -6.6891 52.6331
12960 4320  4.9509 -0.0058 92.1825
13280 4320  1.5802 -0.0908 61.5164
13600 4320  0.0476  0.0322 64.7810
13920 4320 -0.0382 -1.2087 55.3100
14240 4320  0.0297  0.0335 49.5188
14560 4320  0.0012 -0.0059 567.1534
480 4640  0.0033 -0.0410 73.0565
800 4640 -0.1346  2.8991 60.1601
1120 4640 -0.1490  4.2768 49.5126
1440 4640 -0.8230  6.9768 73.9179
1760 4640  1.9773 -2.6424 84.1041
2080 4640 -2.0063  5.5876 62.0437
2400 4640  0.0247 -0.0952 51.7729
2720 4640 -0.0441 -1.1637 57.7588
3040 4640  0.6052 -0.1407 42.8430
3360 4640 -4.6997  3.0478 86.4783
3680 4640 -5.3182  1.9740 79.5210
4000 4640  3.8196 -5.6632 111.9547
4320 4640 -0.0687 -1.7148 55.6407
4640 4640 -5.8857 -5.6671 98.9829
4960 4640  7.0637 -5.2269 107.3604
5280 4640 -1.2393  2.5233 72.7512
5600 4640  4.9922  2.9152 88.2966
5920 4640 -1.4671  0.1216 62.5226
6240 4640 -7.4134  0.0535 71.5438
6560 4640 -0.3220 -0.1208 83.7200
6880 4640  1.6295  0.0614 115.5194
7200 4640 -0.0797 -0.0399 81.5493
7520 4640 -1.3838  0.1624 138.7616
7840 4640  5.8354 -0.9422 140.9700
8160 4640  1.7015  4.1890 111.8190
8480 4640  0.3640  0.0677 48.5196
8800 4640  1.2988 -0.2945 86.8342
9120 4640 -0.0620 -1.7455 66.1501
9440 4640  1.5652 -0.1554 70.2799
9760 4640 -0.7407 -1.7118 62.4663
10080 4640  0.0180 -6.2825 64.1207
10400 4640  3.9735 -0.4268 74.4611
10720 4640 -0.0204 -1.2843 89.3374
11040 4640 -9.0097 -0.0988 75.5755
11360 4640  0.0861  1.4654 80.5349
11680 4640  0.7167 -4.2661 53.0895
12000 4640  0.0711  1.1991 77.0530
12320 4640 -2.6374  0.0685 46.1947
12640 4640 -0.5377  4.0926 63.3101
12960 4640  0.1046  0.3708 52.8012
13280 4640  0.0917  2.1011 85.1274
13600 4640 -1.0652 -3.9908 68.3311
13920 4640 -0.1359 -4.7402 74.3819
14240 4640  0.8592  0.0996 87.0457
14560 4640 -0.0027  0.0155 88.6665
160 4960  0.0017  0.0047 2460.7925
480 4960  1.0009 -3.8573 40.6803
800 4960  2.7695 -8.4770 86.3354
1120 4960  5.2039 -8.0486 114.5390
1440 4960 -0.1578  2.6084 68.3293
1760 4960 -1.9850  1.8929 47.9205
2080 4960 -0.0280  6.0270 51.3135
2400 4960 -0.1204  2.3482 66.8929
2720 4960 -1.2873  5.7204 63.6396
3040 4960 -0.6183  1.0244 51.3689
3360 4960 -0.1395  2.8758 52.0492
3680 4960 -0.1708 -0.0784 65.4812
4000 4960 -0.9129  0.1004 70.1015
4320 4960  2.9451 -0.0355 78.9122
4640 4960 -5.4326 -3.2679 72.4579
4960 4960  0.0882  0.0276 95.0701
5280 4960 -0.4774  0.1297 99.9736
5600 4960  5.5455 -0.0485 102.1889
5920 4960  2.7623 -7.7460 180.1036
6240 4960 -7.9022 -5.8157 63.4608
6560 4960 -1.8505 -0.0883 75.4828
6880 4960 -0.7244  4.8276 91.1649
7200 4960 -5.4652  0.0080 123.0437
7520 4960  1.9232 -1.5790 62.9588
7840 4960  0.0336  0.0937 104.4820
8160 4960 -5.2608 -4.1183 82.9112
8480 4960  5.1709 -4.8007 51.4364
8800 4960 -6.0145 -1.5672 63.2863
9120 4960 -0.1056  6.8430 110.0376
9440 4960 -0.1523 -4.2635 109.9586
9760 4960  1.8787 -1.1008 142.0355
10080 4960  2.3259  0.2530 43.7755
10400 4960 -0.0544  0.9143 53.4848
10720 4960 -0.6383 -4.2216 75.6858
11040 4960  2.7103  0.0348 95.9852
11360 4960  0.9597 -4.8712 95.6256
11680 4960  5.2118  7.2605 61.0039
12000 4960  0.0116  6.5030 106.9898
12320 4960 -6.2512 -0.2881 56.4260
12640 4960  0.0979  2.4698 66.7201
12960 4960 -6.8207 -2.4464 137.4647
13280 4960 -0.1442 -8.5318 51.3537
13600 4960  0.0555  0.7019 92.4158
13920 4960  2.4678  6.0330 109.2161
14240 4960  0.3066  6.3522 124.6742
14560 4960 -0.0050  0.0155 51.9735
160 5280  0.0005 -0.0111 154.6835
480 5280 -0.0412 -0.0768 98.5259
800 5280  5.0215 -9.1061 101.8693
1120 5280  3.6690 -8.0129 82.9007
1440 5280  0.1027 -7.5507 75.9906
1760 5280  4.7333 -8.4300 126.9385
2080 5280 -0.1403  0.1436 76.9525
2400 5280 -0.0893  1.1284 93.9720
2720 5280  4.0444 -3.6263 76.1689
3040 5280 -0.2514  1.3867 76.2194
3360 5280 -2.6064  1.1708 61.4268
3680 5280 -0.9672  2.5924 47.9727
4000 5280  0.0987  2.1492 57.0754
4320 5280 -3.4113  0.0251 46.9287
4640 5280 -0.0353  0.5079 47.5520
4960 5280  1.5400 -0.0022 103.7917
5280 5280 -0.0111  0.0492 186.1632
5600 5280 -0.6256  3.4489 164.3286
5920 5280  0.1197  5.9770 127.9060
6240 5280 -8.8530  4.7911 86.8996
6560 5280  0.3242  7.4778 56.0447
6880 5280  0.0867  0.1176 84.4230
7200 5280 -8.9316 -0.9907 89.8948
7520 5280  7.4265  0.0943 92.0884
7840 5280 -1.0063  0.1506 77.4926
8160 5280  0.0000  0.0000 95.1865
8480 5280  6.7702  4.4568 115.6012
8800 5280  0.0078  0.8360 84.9040
9120 5280  0.9281 -5.6402 51.9115
9440 5280 -4.4247 -4.1618 86.2605
9760 5280 -3.9627 -0.0640 111.4000
10080 5280  2.0265 -0.1191 83.2426
10400 5280 -1.0557 -5.8980 89.6886
10720 5280  4.0919 -2.0039 67.4459
11040 5280  3.2966  2.4308 83.7263
11360 5280  5.7108  1.2123 76.3949
11680 5280  0.1920  6.3337 63.7759
12000 5280 -7.0458 -5.7508 117.9427
12320 5280 -0.1107 -7.6109 71.1800
12640 5280 -2.0074 -7.8465 96.8080
12960 5280 -0.6609 -3.7024 37.6844
13280 5280  2.9166  4.5814 101.8851
13600 5280  0.0989  5.6877 67.9275
13920 5280  0.0101 -0.0167 55.0730
14240 5280 -0.0105  2.7409 73.2056
14560 5280  0.1090  2.7561 83.7380
160 5600 -0.0061  0.0295 73.5982
480 5600 -0.1192  1.4226 92.4245
800 5600 -0.0212  0.0218 78.0869
1120 5600 -0.0053  0.1441 66.6833
1440 5600  0.0981 -0.0597 95.1902
1760 5600 -0.0037  0.0177 147.6899
2080 5600  5.6122 -8.3543 119.5442
2400 5600  0.5870 -8.4345 116.4057
2720 5600 -0.0150 -6.3730 97.9282
3040 5600  4.4738 -7.9847 72.5574
3360 5600 -1.6369  0.0592 172.4759
3680 5600 -0.0131 -0.0317 92.5224
4000 5600  3.2179  0.0978 56.2724
4320 5600 -0.1355  3.4085 45.0390
4640 5600  0.0059  4.2834 64.9203
4960 5600  0.0263  1.8636 56.5005
5280 5600  0.0140  0.0025 156.8401
5600 5600  5.6875 -3.8025 171.3425
5920 5600  2.1709 -3.2145 137.9220
6240 5600  0.0226 -0.6271 60.3513
6560 5600 -3.5043  6.0314 69.3951
6880 5600 -5.0177 -0.5409 46.2381
7200 5600 -6.5915  0.1025 50.3301
7520 5600  5.7222  0.1047 79.5073
7840 5600 -0.6263 -3.9072 81.9945
8160 5600 -0.1011  7.1362 61.8218
8480 5600  5.5233 -1.4413 57.0666
8800 5600 -5.4480 -6.8118 52.6866
9120 5600 -0.1243 -5.3126 90.9676
9440 5600  1.0463 -3.9975 56.9659
9760 5600  2.3360 -7.8860 97.3471
10080 5600  7.1482 -4.0920 80.5849
10400 5600 -0.1549 -4.0431 53.9648
10720 5600  0.0000  0.0000 92.0576
11040 5600  1.1116 -4.6032 78.5255
11360 5600  5.3386  0.0014 57.2121
11680 5600  0.0000  0.0000 78.0801
12000 5600  5.2053  0.6344 67.1438
12320 5600 -2.5339 -0.9445 98.2400
12640 5600  0.0000  0.0000 66.5057
12960 5600  6.5714  5.6744 83.6134
13280 5600 -0.0392 -2.8351 78.3710
13600 5600 -0.0130  1.8693 64.4102
13920 5600  0.0000  0.0000 68.9315
14240 5600 -0.1609 -6.1019 74.4739
14560 5600 -3.1053 -6.7888 83.5816
160 5920 -0.0194  0.0399 51.3979
800 5920  0.0144 -0.1225 60.4561
1120 5920  0.0565 -0.2876 89.3513
1440 5920  0.0957  4.2230 60.3779
1760 5920 -0.1095  0.2434 77.4157
2080 5920  0.0674 -0.0010 118.6803
2400 5920  0.0274  0.0494 86.9381
2720 5920  0.1239 -8.7843 113.3438
3040 5920  0.0451 -0.9198 82.4435
3360 5920  5.3303 -8.1993 87.4051
3680 5920 -0.5234 -5.9516 81.2015
4000 5920 -3.4125 -3.5560 62.8691
4320 5920 -0.0981 -6.4817 59.4529
4640 5920  0.1065 -0.0452 47.8961
4960 5920 -0.7972  0.7749 64.5344
5280 5920  0.0568  0.9285 99.6921
5600 5920 -0.0155  0.0442 99.9387
5920 5920  0.0386  4.0162 180.3381
6240 5920  1.5796  0.1396 63.9960
6560 5920  2.3771 -4.1565 65.5841
6880 5920 -2.7495  2.5854 118.2421
7200 5920  2.2781  4.2652 58.3057
7520 5920  3.6929 -0.0817 77.6915
7840 5920  4.0518  5.4153 62.8185
8160 5920 -1.9341  0.4840 59.7586
8480 5920 -2.5309 -5.8825 117.9095
8800 5920 -3.2944  0.0213 67.7157
9120 5920  1.3688  3.7728 48.4393
9440 5920  3.5479  4.8180 72.8441
9760 5920 -0.7898  0.0321 93.0764
10080 5920 -5.7357  4.7776 101.9448
10400 5920  6.1822  7.6253 98.6236
10720 5920 -1.0456 -5.0925 92.4244
11040 5920 -1.2998 -2.6285 52.0203
11360 5920  0.0668 -0.0802 86.1371
11680 5920 -7.9571  2.3274 93.3446
12000 5920  0.0968  0.0675 148.8115
12320 5920  5.9331  1.9348 68.2151
12640 5920  0.5864  4.7029 71.6637
12960 5920  0.0078  1.6711 66.4354
13280 5920 -4.5019 -6.3275 82.0853
13600 5920 -0.0556 -3.9343 68.5481
13920 5920 -0.0314 -0.0601 90.6289
14240 5920 -0.0678 -0.0592 90.5084
14560 5920  0.0000  0.0000 58.9000
160 6240 -0.0019  0.0183 42.9545
2080 6240 -0.0898  0.1298 60.4635
2400 6240 -0.1569  0.1477 77.4579
2720 6240 -0.0906  0.0433 116.8866
3040 6240 -0.0579 -0.0381 124.1165
3360 6240  0.0000  0.0000 102.6164
3680 6240 -2.5327 -6.3454 89.3495
4000 6240 -0.0819 -0.0603 83.1515
4320 6240 -0.7207  1.0906 55.4514
4640 6240  1.6034 -6.2852 102.6478
4960 6240 -0.0484  0.0180 88.3374
5280 6240  1.9545  0.0427 51.5274
5600 6240 -5.5177 -0.4406 85.1218
5920 6240  2.3562 -0.0531 100.5313
6240 6240  2.7626 -1.3692 55.5300
6560 6240 -4.2713 -4.4010 77.0185
6880 6240  0.0141 -0.0905 108.0280
7200 6240  0.1007 -0.1027 115.1870
7520 6240 -1.5489 -0.1536 54.3605
7840 6240  2.7921  5.5781 54.2526
8160 6240 -7.1127 -5.6473 99.2062
8480 6240  5.2111 -0.0690 84.9671
8800 6240  5.9268 -0.1723 86.2100
9120 6240 -0.0116  1.0604 81.1482
9440 6240  2.2771  0.3575 103.1584
9760 6240 -3.0535 -1.9352 118.9930
10080 6240 -3.2628 -0.6491 118.2981
10400 6240 -0.0375 -4.9623 110.1880
10720 6240 -5.0518 -3.0132 89.7883
11040 6240  6.3472  4.3083 87.9930
11360 6240 -1.9366  1.3555 46.6820
11680 6240  0.0931 -0.4175 125.0862
12000 6240  0.9401  5.0714 70.8194
12320 6240  0.9900  8.3144 60.0171
12640 6240 -3.3449 -1.3621 70.7281
12960 6240 -2.8533  2.4025 64.7346
13280 6240 -0.0729 -3.2533 76.2359
13600 6240 -0.0817 -0.0482 109.7273
13920 6240  0.0425  0.1368 108.2629
14240 6240 -0.0198  0.9992 77.5806
14560 6240  0.0033  0.9054 79.7068
2720 6560 -0.0022  0.0239 86.0479
3040 6560 -0.0452  0.1066 81.1468
3360 6560  0.1422 -0.0753 130.0257
3680 6560 -0.0884  2.6777 109.4709
4000 6560  1.3274  2.7566 102.1379
4320 6560  2.3861  5.9468 81.2895
4640 6560 -3.0764  6.3372 86.2371
4960 6560  5.1159 -2.3096 90.7272
5280 6560 -3.6608  5.7705 88.4372
5600 6560 -0.1213  8.2800 88.9660
5920 6560 -0.2080  5.1717 57.2057
6240 6560  0.0130  0.1498 55.1969
6560 6560  0.9236 -2.4580 77.7707
6880 6560  0.0168  1.4442 121.7221
7200 6560  3.6531 -5.8706 83.9460
7520 6560  1.0299 -0.0535 62.7121
7840 6560  1.1389 -2.9338 63.9784
8160 6560  0.1304  0.0132 51.6470
8480 6560  2.1927  0.3622 62.2694
8800 6560 -2.6210 -0.0553 50.5972
9120 6560  0.0574 -1.5013 81.6066
9440 6560 -4.8716 -7.3272 72.7531
9760 6560  0.0715 -6.8702 87.5937
10080 6560 -4.1216  4.7200 91.3169
10400 6560  2.3790  2.2957 174.6024
10720 6560  0.6704  6.1218 170.4549
11040 6560 -2.9140 -1.1687 45.7133
11360 6560 -7.5524 -8.5481 289.9309
11680 6560  6.3226 -6.3373 58.8949
12000 6560  7.3189  0.7738 79.1885
12320 6560 -1.8435 -6.7764 74.0218
12640 6560 -0.0138 -1.5279 63.4933
12960 6560 -0.0783  3.7546 50.3469
13280 6560  0.0025  4.7540 109.0951
13600 6560  1.5482  2.5920 89.6428
13920 6560  0.0937  1.3751 98.1851
14240 6560 -0.0767 -1.4330 52.5953
14560 6560  0.1077  8.1996 91.4837
3040 6880 -0.0737  0.0974 51.6784
3360 6880 -0.0486  0.1367 69.4476
3680 6880  3.0775 -2.5415 81.9485
4000 6880  0.0244 -0.1207 115.8760
4320 6880  7.4722 -4.6647 86.5367
4640 6880 -2.1185 -0.0917 84.8169
4960 6880 -2.7120 -2.0481 76.6221
5280 6880  7.2766 -6.2951 130.5204
5600 6880 -1.2172 -0.0216 56.8627
5920 6880 -0.1161  3.4039 55.8233
6240 6880  0.6597  1.3667 44.8606
6560 6880  0.0720  0.0065 55.7897
6880 6880  5.0129 -0.0755 159.1051
7200 6880  3.2066  0.5531 69.3442
7520 6880  6.2398 -5.7947 48.8021
7840 6880 -0.0629 -8.2470 48.1633
8160 6880  0.0686  4.6473 100.8232
8480 6880  2.2139  5.8740 72.6254
8800 6880 -0.1023  0.0302 97.1068
9120 6880 -7.9352 -0.0527 65.5109
9440 6880 -0.0234 -0.0795 78.5970
9760 6880 -1.5148  1.3281 82.1140
10080 6880  5.5714 -4.1786 91.6779
10400 6880 -0.0375 -3.6082 83.7337
10720 6880  0.0264 -7.0199 123.8235
11040 6880 -5.2988 -6.7918 127.7551
11360 6880  0.0426  0.0180 60.7284
11680 6880  7.2488  5.1421 68.5447
12000 6880 -5.7228  2.1963 78.6793
12320 6880  2.4306  0.0984 107.1576
12640 6880  0.0440 -0.1310 62.4418
12960 6880 -4.5397 -2.3162 109.6898
13280 6880  5.0166 -1.6158 97.0219
13600 6880 -0.0916 -4.3914 71.0453
13920 6880 -0.0631 -5.3239 142.2941
14240 6880  0.0395 -6.2950 111.0250
14560 6880 -0.0505 -6.2119 103.0522
3680 7200 -0.0508  0.1275 56.9929
4000 7200  0.0375 -0.0757 107.9897
4320 7200 -4.6580 -0.0849 93.3692
4640 7200  6.6943 -8.9903 146.1739
4960 7200  0.3377 -8.0206 100.5553
5280 7200 -7.2305  3.2547 112.3545
5600 7200  1.6828 -0.0832 57.3718
5920 7200  2.1902  2.6616 99.6603
6240 7200 -2.0379 -0.0085 64.0933
6560 7200 -0.3188  0.2118 87.9693
6880 7200 -0.0813 -0.9581 122.2526
7200 7200  3.9321 -0.0067 91.2137
7520 7200 -0.2753  0.1576 61.7772
7840 7200  7.0051  3.9004 77.6099
8160 7200  1.0483  0.0112 63.9669
8480 7200 -2.8758 -0.0748 102.5869
8800 7200  3.6897  6.0807 135.0013
9120 7200  0.0362 -0.2934 110.5353
9440 7200 -0.1054  2.8399 98.1325
9760 7200  7.6399  4.3143 64.7465
10080 7200  2.0846  0.0357 61.4281
10400 7200  0.0583  4.5874 52.0529
10720 7200 -3.9914 -0.8375 96.5228
11040 7200  7.3365 -4.9628 82.5733
11360 7200 -0.0558 -1.2052 144.7422
11680 7200 -4.0352 -1.7538 65.6597
12000 7200 -0.0716 -0.0601 51.3007
12320 7200  1.3758  0.7672 69.8680
12640 7200  0.0255  0.1120 119.9560
12960 7200 -4.4853  3.1954 93.1688
13280 7200 -0.0568  2.3230 74.8539
13600 7200 -0.0887  3.0659 104.4000
13920 7200  3.6084  2.0733 92.7378
14240 7200  0.0218  3.0886 92.5779
14560 7200 -0.0167  3.8296 90.3205
4320 7520 -0.0864 -3.5887 55.1074
4640 7520 -0.1498  5.1746 60.7115
4960 7520  4.5180 -3.1874 81.1164
5280 7520  2.5942 -3.4955 73.8333
5600 7520  2.6365 -0.9800 71.0997
5920 7520  0.1478 -1.6479 77.2839
6240 7520  6.3548 -2.3425 49.8585
6560 7520  3.2989  6.3199 88.1440
6880 7520 -4.7308  1.6768 71.1743
7200 7520  5.1616  0.1093 73.7330
7520 7520  0.5299  4.5030 54.2864
7840 7520  0.2045  3.7390 81.1395
8160 7520 -7.0658 -4.4691 51.3625
8480 7520 -2.5020 -3.4137 50.6894
8800 7520  0.7524 -0.1067 73.3614
9120 7520  2.1482  4.1455 55.8512
9440 7520 -5.2969 -4.7747 105.3246
9760 7520  3.7587 -5.8018 79.3197
10080 7520 -1.7357 -0.0782 75.1108
10400 7520  0.0767 -0.0962 89.4982
10720 7520  2.1716  6.7550 77.7308
11040 7520 -2.2902 -4.3125 82.6656
11360 7520 -1.8431 -4.7134 59.1066
11680 7520  2.2024  1.9914 71.4846
12000 7520  1.0884  6.2327 87.5354
12320 7520 -5.0389 -3.2098 47.7345
12640 7520 -0.2128 -7.9330 106.0744
12960 7520  0.0406  0.0555 99.0735
13280 7520 -0.1351 -5.1628 86.6915
13600 7520  4.5005  2.8454 89.4021
13920 7520 -0.0112  8.0348 113.6281
14240 7520 -0.0387  7.2784 112.6351
14560 7520  0.0454  7.0581 113.2022
4000 7840  0.0135  4.5789 56.2956
4320 7840 -0.0268  2.2319 56.7492
4640 7840 -0.0785 -1.1654 66.3458
4960 7840  0.1610  6.8515 83.8053
5280 7840 -2.6566 -1.0757 136.8435
5600 7840  8.2771 -0.0103 139.3085
5920 7840 -0.0336 -0.1387 98.5588
6240 7840  0.0333  0.9926 90.9544
6560 7840  3.1796  1.7024 74.0357
6880 7840 -5.5391 -5.1060 86.2580
7200 7840  3.5125  2.8089 62.6490
7520 7840  0.0000  0.0000 120.9835
7840 7840 -6.2805 -1.4622 121.0990
8160 7840 -2.1005 -0.0842 49.2283
8480 7840  0.0387  3.4503 47.2692
8800 7840 -0.0056  0.0091 104.9270
9120 7840 -3.5675  2.1114 85.6901
9440 7840 -0.0474  0.0527 53.1097
9760 7840  0.0389  0.1529 71.6836
10080 7840  4.5724 -1.6821 79.3927
10400 7840  0.0420  1.4713 109.5237
10720 7840 -4.6294 -2.8965 101.6508
11040 7840 -3.7002 -6.9204 70.0985
11360 7840 -0.1399  6.0990 70.3359
11680 7840  0.0406 -7.3982 48.1515
12000 7840 -6.4361 -4.7525 62.5977
12320 7840 -0.0768 -2.8519 86.7821
12640 7840  0.1456  8.6599 119.8195
12960 7840  0.0437 -0.9568 85.9829
13280 7840 -0.2038 -1.3413 105.8802
13600 7840  0.0364 -0.0748 138.4787
13920 7840 -1.5430 -1.2503 98.0758
14240 7840  0.0149 -1.7086 60.8711
14560 7840  0.0163 -2.9367 64.1434
4000 8160  0.0652  0.1064 62.3896
4320 8160  0.0721  0.0268 96.4582
4640 8160 -2.4525  6.1102 83.0354
4960 8160 -1.4165  0.0032 81.3786
5280 8160 -0.0775  4.3012 94.1410
5600 8160  0.0673  2.7857 143.1384
5920 8160 -0.0278  0.0333 86.3791
6240 8160  0.0137  0.0615 80.6145
6560 8160  0.0500  0.0164 68.5951
6880 8160  1.5150  1.4380 151.3609
7200 8160  1.2535  2.8519 82.5120
7520 8160 -0.2106  0.0171 125.2434
7840 8160  3.8520 -1.1056 118.0543
8160 8160  1.7707  2.7246 93.2394
8480 8160 -0.1542  0.1235 94.3087
8800 8160 -0.1005  0.0968 124.9991
9120 8160 -6.2938 -1.0120 187.1527
9440 8160 -0.1064 -0.2064 86.7104
9760 8160  0.0780 -0.0982 95.0292
10080 8160  4.8053 -0.9114 49.9817
10400 8160 -0.6263  6.7123 66.2866
10720 8160 -4.8570  5.0351 74.6068
11040 8160 -4.4158  5.5750 90.2796
11360 8160  0.0000  0.0000 50.5385
11680 8160 -2.9223 -4.4768 63.9600
12000 8160  0.4175 -0.0932 63.0415
12320 8160 -0.1633  5.6244 121.4216
12640 8160 -4.0848 -0.0234 48.6811
12960 8160 -3.8446 -4.9089 80.8786
13280 8160 -1.4395  2.4028 90.0913
13600 8160  1.6904  0.2353 72.5218
13920 8160  0.0702 -4.8184 85.7462
14240 8160 -0.0137 -5.3179 79.1350
14560 8160  0.0326 -5.6427 58.6208
3360 8480 -2.5102 -7.8497 55.8386
3680 8480 -1.6842 -5.6956 60.6083
4000 8480 -0.1274 -7.1533 66.6167
4320 8480 -0.0971 -5.3593 107.5259
4640 8480 -0.1087  0.0378 95.4845
4960 8480 -0.1251  0.2406 113.3306
5280 8480  0.0592  0.0213 72.2899
5600 8480 -0.0945  0.1184 137.0581
5920 8480 -0.0357  0.0495 125.0405
6240 8480 -0.0525  0.0634 87.3386
6560 8480  0.0390  0.1206 99.8664
6880 8480  2.4506  3.0938 185.9996
7200 8480  4.8478 -1.8947 82.9394
7520 8480  2.1337  0.5955 61.2069
7840 8480 -0.1380  0.9332 77.7131
8160 8480  1.0285 -0.6613 95.2838
8480 8480 -1.8624  0.0074 45.1697
8800 8480 -0.5335 -2.5293 176.5182
9120 8480  0.1487 -5.2218 177.8115
9440 8480 -5.5140  1.0369 58.9973
9760 8480  1.8931  0.0505 117.3500
10080 8480 -4.7061 -7.6303 67.5447
10400 8480  0.0882 -8.7039 88.2762
10720 8480  3.3107 -3.4650 79.7443
11040 8480 -6.2078 -1.7601 100.4049
11360 8480  2.0838 -6.5679 101.6207
11680 8480  0.0258  0.0245 52.5034
12000 8480  0.9377 -5.9582 69.7053
12320 8480 -3.1125 -7.9436 77.6183
12640 8480 -0.0211 -3.2778 88.9669
12960 8480  5.2687 -3.5942 100.2193
13280 8480  0.0377 -3.9024 60.0125
13600 8480  0.0492 -1.4416 60.7655
13920 8480  1.6739 -2.2236 65.7849
14240 8480 -0.0698 -6.8893 76.2441
14560 8480 -0.0248 -2.8790 75.8988
160 8800  0.0000  0.0000 43.1529
4000 8800  0.0011  2.9819 52.1088
4320 8800 -3.4014  0.6582 53.4567
4640 8800 -2.7888  0.2439 49.4835
4960 8800  4.4840 -6.4543 79.4956
5280 8800  0.1256 -8.0525 133.9951
5600 8800 -0.8342 -9.8373 185.6532
5920 8800 -0.0653 -4.0074 48.6930
6240 8800 -0.0328 -6.4889 70.7922
6560 8800  0.1831 -0.0043 75.4693
6880 8800 -1.2817 -3.4965 86.3606
7200 8800  1.3202 -0.3561 73.0866
7520 8800 -0.3144 -0.0373 61.9550
7840 8800  0.5488 -0.0381 114.0935
8160 8800  1.0285 -0.2475 50.0744
8480 8800 -0.0432  0.0611 63.2765
8800 8800  5.2448 -1.2973 113.1448
9120 8800 -4.1868 -4.8777 75.5057
9440 8800 -0.6948  1.4122 106.1869
9760 8800 -0.0262 -1.3358 59.5470
10080 8800 -4.5791  0.0136 84.6307
10400 8800  1.3230  3.9185 67.5694
10720 8800  0.1203  3.6697 60.6731
11040 8800 -4.5057  7.5083 94.6763
11360 8800  0.7213  6.0784 77.4734
11680 8800 -1.6189 -4.2330 80.0981
12000 8800 -0.6945 -1.2508 109.4376
12320 8800 -1.0256  6.1395 60.9794
12640 8800  3.2163  6.4510 117.1904
12960 8800 -0.7320  5.2682 80.3391
13280 8800 -2.5438 -0.0554 59.2615
13600 8800 -0.0235  0.0649 52.8474
13920 8800 -0.0044  2.0588 65.8383
14240 8800  0.0107  1.7955 57.7988
14560 8800 -0.0726  0.4552 46.3802
160 9120 -0.0005  0.0002 52.7770
1440 9120  0.0363  4.9444 47.1782
1760 9120 -0.0842  3.5679 52.2832
2720 9120 -0.0540  2.5763 38.9111
3040 9120 -0.0772  2.5000 46.6279
3360 9120  0.0400  5.4354 65.8061
3680 9120 -0.0016  4.7158 52.8147
4000 9120 -0.0166  1.6580 50.6120
4320 9120  0.0236 -0.8607 54.0505
4640 9120 -0.0349  0.0207 48.4682
4960 9120 -0.0179  2.6248 46.1278
5280 9120 -5.4635  0.1563 72.0611
5600 9120 -0.0916 -0.0980 80.8302
5920 9120 -0.1022 -0.0416 100.4790
6240 9120  8.1200  9.3168 95.6061
6560 9120 -1.0746 -4.2356 76.0525
6880 9120 -0.0332 -0.3654 66.4634
7200 9120 -5.2605 -0.6562 151.6398
7520 9120  0.2537  2.8794 36.2066
7840 9120  7.3607  7.9382 152.3273
8160 9120  0.0000  0.0000 85.9518
8480 9120  6.7657 -0.0861 56.0439
8800 9120  3.8668 -1.2203 127.1164
9120 9120 -2.1582 -1.3416 86.4122
9440 9120  3.0326  4.2926 62.2475
9760 9120 -0.8207  0.1029 64.3545
10080 9120  0.0592 -0.5686 76.7569
10400 9120  2.9823 -6.7019 67.3632
10720 9120  0.1145 -2.7490 61.1804
11040 9120  3.1174 -5.5278 53.7107
11360 9120 -3.9490 -5.3387 112.8424
11680 9120 -3.7240  0.6405 55.0611
12000 9120  0.0798  1.5667 86.1902
12320 9120  0.0343  0.1056 126.3011
12640 9120 -0.0740 -5.6154 193.1773
12960 9120  0.0623 -6.5035 103.1389
13280 9120  2.7055 -4.1992 71.4840
13600 9120  0.0740 -0.0569 73.0385
13920 9120  0.0145  0.5611 64.5815
14240 9120  0.0965  0.8546 71.0463
14560 9120  0.0000 -0.9530 65.4692
160 9440 -0.0003 -0.0002 77.0408
480 9440  0.0326  0.6021 62.8787
800 9440  0.0392  0.0828 77.0819
1120 9440  0.1563  0.0790 91.6089
1440 9440  0.1667  0.0627 62.6204
2080 9440  0.0819  0.1410 56.8545
2400 9440  0.0948  0.1380 73.6517
2720 9440 -0.0134  0.0874 69.3195
3360 9440  0.0335  4.6857 46.7448
3680 9440  0.0161  0.1496 72.9860
4000 9440 -4.0470  0.3423 67.6489
4320 9440 -0.0269 -0.0032 56.7384
4640 9440  4.8811 -0.0697 45.9166
4960 9440  2.2992  6.5036 48.7054
5280 9440 -3.6611  1.1177 63.2206
5600 9440  0.1178  3.7485 63.5524
5920 9440  3.9340  6.5122 81.9569
6240 9440 -2.1882  6.3282 121.9848
6560 9440  2.6301  1.7715 104.8957
6880 9440 -0.1620  3.6265 136.6306
7200 9440 -6.0003  9.2016 114.0682
7520 9440  6.3149  6.3316 152.2858
7840 9440 -3.9307  4.3973 56.4619
8160 9440  1.5034 -0.1096 64.9413
8480 9440  0.6402  0.0441 90.6897
8800 9440  0.7934  2.9621 137.5226
9120 9440 -0.3162 -0.9201 99.1590
9440 9440  1.7372 -0.7088 114.9398
9760 9440  4.3654  7.7597 113.9126
10080 9440 -6.3862  6.1953 73.0478
10400 9440  2.1135  5.9275 66.8148
10720 9440  0.1473  2.6137 61.2974
11040 9440  0.8324 -3.0698 66.5343
11360 9440  0.0196  4.3401 81.8273
11680 9440 -0.0646 -0.0447 72.2054
12000 9440 -6.1776  3.9174 75.9946
12320 9440  1.8402  4.0480 70.7135
12640 9440 -0.0083  0.0097 152.5831
12960 9440  3.5147  5.4000 86.3431
13280 9440  6.4660 -0.6124 96.0216
13600 9440  0.3552 -0.1014 77.7382
13920 9440  0.0130 -0.4666 81.6683
14240 9440 -0.0466 -0.5602 79.0919
14560 9440 -0.0896  0.0688 72.6445
160 9760 -0.0001  0.0002 173.6336
480 9760 -0.0515  0.8807 57.6794
1120 9760  0.0911  0.4897 58.9926
1440 9760  0.0000 -5.6667 62.4533
1760 9760 -0.0526 -1.0642 64.1633
2080 9760  0.1215  3.2452 73.4085
2400 9760  0.0108  0.9254 66.6175
2720 9760  2.3578  0.0719 76.9583
3040 9760 -0.0371 -8.1811 73.5970
3360 9760  0.0224  0.1389 63.0008
3680 9760 -0.0140 -0.0124 109.9149
4000 9760 -4.5510 -0.0208 101.5654
4320 9760 -0.0156  5.1599 83.0992
4640 9760  0.1346  6.6837 57.6142
4960 9760  0.0929  0.0584 107.1665
5280 9760 -0.0679 -0.0589 117.0073
5600 9760 -0.1355  0.0300 125.1801
5920 9760  4.1166  0.1040 109.4241
6240 9760 -2.3333  2.1654 66.6914
6560 9760  2.3576  6.2905 103.8629
6880 9760  0.0511  3.3899 67.8007
7200 9760 -5.2470  2.5263 152.0558
7520 9760  0.0000  0.0000 90.1804
7840 9760  0.0069 -5.6270 82.5005
8160 9760  4.5669  3.0730 75.5693
8480 9760 -0.0352  6.1505 104.2151
8800 9760 -7.5966 -0.0966 98.0818
9120 9760  0.0005 -8.0893 67.8622
9440 9760  1.3304  0.5648 70.4178
9760 9760  7.0253 -2.3649 90.6829
10080 9760 -2.9182 -1.4226 63.2310
10400 9760  0.1346  0.0935 88.7274
10720 9760 -7.9501  1.8955 64.7968
11040 9760 -7.8545  3.6267 56.9702
11360 9760  1.9798 -1.2038 63.6717
11680 9760  0.0000  0.0000 76.8213
12000 9760  0.3942  5.3779 49.2162
12320 9760  0.4591  5.4306 61.6830
12640 9760  0.0159  0.1344 95.9260
12960 9760 -0.0364 -0.1383 78.9804
13280 9760 -1.0520 -1.6288 104.8392
13600 9760  0.8112 -6.6426 86.6765
13920 9760  0.0742 -4.4254 69.5917
14240 9760 -0.0151  4.4149 64.8026
14560 9760  0.0145 -0.0275 105.2018
160 10080 -0.0001  0.0000 4881.1584
480 10080  0.0043 -0.0044 45.3201
800 10080 -2.7325 -4.4251 67.0884
1120 10080  0.0256  0.6941 63.3700
1440 10080 -0.0422 -0.0315 77.1627
1760 10080  0.0572  5.5499 87.8607
2080 10080  0.0348 -4.9387 62.2979
2400 10080 -5.4465 -7.4174 98.3808
2720 10080 -0.0999 -6.0616 81.1220
3040 10080 -0.0300 -4.2349 104.0061
3360 10080  4.7312 -3.1094 37.7764
3680 10080 -0.0179 -0.5401 106.9237
4000 10080 -0.0250  0.0577 136.7173
4320 10080  0.0822 -0.0350 127.3918
4640 10080  0.7166  0.0579 103.0068
4960 10080 -0.0312 -0.0039 145.5535
5280 10080  0.0219 -8.6946 72.2127
5600 10080  4.9883  0.5219 89.9534
5920 10080  0.2175  0.1112 111.8681
6240 10080  0.0000  0.0000 73.3528
6560 10080  0.0000  0.0000 111.5901
6880 10080 -4.5809 -1.1994 232.2852
7200 10080 -1.8814 -4.5582 91.1487
7520 10080 -6.2843  1.7872 101.1786
7840 10080  1.6443  6.8354 97.6619
8160 10080 -0.0501  7.1596 51.4511
8480 10080 -0.0037 -0.0490 97.8999
8800 10080 -5.1676 -2.7490 77.6882
9120 10080  4.8209  3.8297 74.7295
9440 10080  0.0521 -0.1295 78.7377
9760 10080 -6.8738  4.2039 93.4513
10080 10080  3.5493  0.0111 68.9740
10400 10080 -0.0423  0.0682 70.1681
10720 10080  4.9738  6.0061 65.7186
11040 10080  1.6457  1.6710 81.6353
11360 10080 -2.2699  2.9761 68.3700
11680 10080  3.8203  1.0793 85.1143
12000 10080 -0.0726  0.0292 82.6481
12320 10080  3.4828 -0.0135 52.6237
12640 10080 -1.6902  1.9431 92.1766
12960 10080 -0.1251 -0.0393 67.9925
13280 10080  2.7269 -8.3945 99.1106
13600 10080 -0.1583 -3.5046 84.1750
13920 10080  0.7489 -2.2761 76.3151
14240 10080 -0.1326  7.3410 60.2678
14560 10080  0.0148 -0.0274 49.9731
480 10400  0.0024  0.0103 78.4202
800 10400 -0.1067 -0.0923 49.3891
1120 10400  0.6538  5.3161 74.3892
1440 10400 -1.2671 -5.8487 45.6218
1760 10400 -0.1337 -5.2615 72.7396
2080 10400 -1.2414 -4.2564 57.6747
2400 10400  1.8580  8.0101 87.4059
2720 10400  6.5610  7.6166 79.8043
3040 10400  0.1270  3.0989 90.4538
3360 10400  0.0265 -1.7481 97.9627
3680 10400  0.0061 -0.0663 122.4200
4000 10400 -0.2222 -0.0892 89.9671
4320 10400  0.6971 -0.0377 98.5720
4640 10400  2.3458 -0.0132 110.9707
4960 10400 -8.1219 -7.9346 89.8221
5280 10400 -4.6709  0.0189 74.5183
5600 10400  5.8852 -2.0990 86.2544
5920 10400 -0.1417 -0.0868 73.0734
6240 10400  6.5717  6.6239 110.3880
6560 10400  0.0347  0.0546 139.9789
6880 10400  0.1436  0.0423 88.5400
7200 10400 -1.4085  0.2697 104.8385
7520 10400  0.9047  5.9706 77.8993
7840 10400  3.6854 -0.8343 89.3003
8160 10400 -6.7405 -7.4018 110.1736
8480 10400 -5.5913 -5.0612 96.5366
8800 10400  0.0231  4.6264 96.1685
9120 10400 -0.0906  1.7519 65.9376
9440 10400 -2.8906 -2.3658 65.0073
9760 10400 -4.4995  5.4769 86.2751
10080 10400  5.7134 -6.9158 70.8186
10400 10400 -2.5635 -4.6828 71.3341
10720 10400  5.8550 -6.2027 53.9462
11040 10400  0.0022 -5.9517 79.7667
11360 10400  0.1175 -4.1873 84.7745
11680 10400  0.0715 -1.2793 73.7391
12000 10400  0.0078  0.1101 76.1226
12320 10400 -0.0091  0.0220 136.2893
12640 10400  1.6464 -8.5910 92.1230
12960 10400 -2.3123 -0.0579 84.6688
13280 10400 -0.0818  5.9454 78.9533
13600 10400 -2.9469  2.2819 77.8529
13920 10400  1.0019 -7.8975 62.8550
14240 10400  0.0707 -3.9666 72.6431
14560 10400  0.0012  0.0018 96.3139
480 10720 -0.0002  0.0042 397.5433
800 10720 -1.3904 -4.6550 47.6072
1120 10720 -0.1287 -5.3336 68.5896
1440 10720  0.0662  1.4690 68.0262
1760 10720 -3.5052 -6.2983 50.4740
2080 10720  1.1460  6.4513 80.9782
2400 10720  0.2644  4.9479 72.6106
2720 10720 -0.0185 -0.0006 194.5778
3040 10720  3.0064  6.0481 81.0186
3360 10720  3.2127  5.9180 66.0196
3680 10720 -0.0328 -3.3217 95.6005
4000 10720 -0.0620 -8.8280 88.2406
4320 10720  0.9723 -6.6289 64.1868
4640 10720 -4.0263 -7.3862 76.6362
4960 10720 -0.1310 -8.6873 109.5154
5280 10720  5.0136 -0.0350 70.1447
5600 10720 -0.0748  0.0470 77.6270
5920 10720 -0.5752 -2.7043 91.9661
6240 10720  0.0790 -7.9156 86.4895
6560 10720 -0.0770 -7.1803 97.7067
6880 10720  1.0306 -6.8371 83.5633
7200 10720 -0.2986 -5.2785 87.8973
7520 10720  0.0878 -5.7938 102.4776
7840 10720  1.1507  0.3132 85.1711
8160 10720 -0.0425 -1.9614 73.5828
8480 10720 -0.3737 -3.1905 93.8496
8800 10720  0.1128  0.0095 83.9909
9120 10720 -1.1316  0.0273 80.7670
9440 10720 -0.1224  6.9073 71.8003
9760 10720  0.0753 -0.1411 106.8611
10080 10720  4.1972  8.0412 123.7801
10400 10720  3.6809  2.3653 53.1397
10720 10720 -0.1520  0.0067 73.5357
11040 10720 -0.1163  6.0090 75.9828
11360 10720 -0.0626  1.0661 62.5191
11680 10720 -0.0284  7.1148 62.9121
12000 10720  2.5954  7.0425 76.3287
12320 10720 -0.0316  0.0383 92.2875
12640 10720 -0.0206  1.5472 153.4050
12960 10720  3.9015 -5.3220 85.1723
13280 10720  2.5096 -2.1101 63.0019
13600 10720  0.0418 -5.1970 51.9979
13920 10720 -2.5409  6.0100 85.4599
14240 10720 -0.0082  0.0681 43.7159
14560 10720 -0.0006 -0.0003 818.9292
480 11040  0.0000  0.0000 8191.9983
800 11040  0.0090 -0.0088 69.8942
1120 11040 -2.6501 -7.7651 59.2713
1440 11040  1.3907  5.3349 64.1331
1760 11040  0.0447  4.8427 112.6878
2080 11040  0.0313  0.0319 96.9426
2400 11040  6.5542  7.9504 65.8235
2720 11040 -6.6084 -1.9957 70.9455
3040 11040  4.0953 -3.3369 69.3645
3360 11040  0.0881 -1.4059 118.3457
3680 11040 -7.3655 -4.0275 68.5338
4000 11040 -0.0466 -0.0482 79.1313
4320 11040 -0.0824 -7.9443 61.5247
4640 11040 -5.8115 -7.3225 73.6609
4960 11040  5.4448 -0.0079 103.2109
5280 11040 -0.6896 -6.0055 59.8082
5600 11040 -0.0103 -5.7471 68.6200
5920 11040 -1.9854 -8.7182 75.7403
6240 11040  0.0194 -0.0249 97.1426
6560 11040  0.1046 -0.0064 83.6184
6880 11040 -0.1023 -2.2777 87.8870
7200 11040 -0.0670 -0.0036 66.6447
7520 11040  0.0640  2.9803 75.7900
7840 11040  4.1307  0.8933 70.9418
8160 11040  0.0054  0.0371 84.1422
8480 11040 -7.8755 -1.6110 75.5350
8800 11040 -0.1461 -7.6856 170.0064
9120 11040 -0.0643 -6.1494 102.2523
9440 11040 -2.8279 -2.5071 116.3625
9760 11040 -0.6445  0.1324 88.1110
10080 11040  0.5709 -4.7529 110.5701
10400 11040  0.0124  0.1210 45.7321
10720 11040 -5.6584 -0.0882 74.6039
11040 11040  7.2009 -3.6108 114.1450
11360 11040  3.3955  3.2459 56.7217
11680 11040 -0.0611 -3.4952 55.0849
12000 11040  3.7311 -7.6053 90.4828
12320 11040 -0.0117  0.0261 86.8316
12640 11040  0.0255  5.1647 78.4903
12960 11040 -0.0869  6.3915 58.6869
13280 11040  0.0118  2.2613 76.7772
13600 11040  1.9498 -6.5786 82.4083
13920 11040  0.0330 -4.6233 45.9734
14240 11040  0.0010 -0.0018 83.5737
800 11360  0.0038 -0.0021 480.5023
1120 11360  3.2648  3.7071 52.9024
1440 11360 -3.5927 -0.3415 94.6875
1760 11360  0.1380  0.8260 101.1169
2080 11360 -4.8740 -0.6261 67.0072
2400 11360 -5.2760 -6.5276 124.6667
2720 11360  0.1052 -0.2926 74.1561
3040 11360 -0.0156 -6.6378 141.4626
3360 11360 -6.8257 -3.4947 80.6396
3680 11360  0.1092  7.2776 127.1206
4000 11360  1.0209  6.6498 85.6674
4320 11360  0.0458 -0.0044 147.9798
4640 11360 -2.3711  1.3661 74.5746
4960 11360  0.4040  6.5711 89.7092
5280 11360  0.0632  5.6473 88.7704
5600 11360 -1.8316  0.0829 70.4409
5920 11360 -1.9213  7.2597 72.6796
6240 11360 -0.1997  2.3640 87.1657
6560 11360  4.8668  3.9219 78.7097
6880 11360 -2.0762  5.9536 72.5044
7200 11360 -4.4172  0.0707 137.9477
7520 11360  0.1269 -0.8188 87.1527
7840 11360  1.2001  3.4274 86.5584
8160 11360  0.0000  0.0000 57.1435
8480 11360 -7.0712 -5.9491 93.7242
8800 11360  6.3323 -7.1435 95.2255
9120 11360  2.9734 -0.7774 64.0516
9440 11360  6.7113  2.4013 106.4037
9760 11360 -2.2925  2.2814 69.1723
10080 11360  0.0769  4.8765 60.2817
10400 11360 -7.2292 -2.4190 50.6177
10720 11360  0.7148 -2.0857 66.8691
11040 11360  3.7376 -0.0385 51.9772
11360 11360  0.0865 -8.8414 67.0856
11680 11360  0.0150 -5.9629 72.5281
12000 11360  4.3687 -5.2534 52.5433
12320 11360  6.6354 -0.9495 96.8507
12640 11360  0.1521 -5.4813 77.5181
12960 11360 -0.0153 -0.0104 110.6999
13280 11360 -4.0418  6.6716 83.2575
13600 11360 -2.6319  1.9049 59.6675
13920 11360 -0.0000 -0.0283 45.5451
14240 11360 -0.0006 -0.0013 955.9593
1120 11680  0.0016  0.0042 102.0436
1440 11680  0.0000  0.0000 124.9108
1760 11680 -2.7048 -3.7044 87.3163
2080 11680 -4.5375 -6.9892 122.8904
2400 11680  0.0992  0.1675 97.8882
2720 11680 -0.0010  2.7372 58.9838
3040 11680  5.5069  0.0810 51.7260
3360 11680 -7.7027 -1.1328 80.8142
3680 11680  4.1992  4.0044 51.1484
4000 11680 -5.9126 -0.1579 89.7863
4320 11680 -0.0250 -1.1934 71.0857
4640 11680  0.2250  0.0492 76.4437
4960 11680  1.4035 -5.3870 56.3012
5280 11680 -1.9642 -6.6851 81.8345
5600 11680  2.2006 -0.0464 95.5631
5920 11680 -1.9609  3.7509 72.0462
6240 11680  0.8571  4.7497 59.9013
6560 11680 -0.0237  2.2894 103.6468
6880 11680 -5.2897 -5.1141 78.6797
7200 11680 -4.4977 -5.4149 90.0696
7520 11680  0.0387  3.5913 100.8413
7840 11680 -1.3369 -7.2409 86.6878
8160 11680 -0.1401 -7.1749 86.0810
8480 11680 -1.5907  1.9794 109.8682
8800 11680  4.2490  0.5835 75.4226
9120 11680  0.0000  0.0000 66.3819
9440 11680 -0.0185  1.2412 77.8733
9760 11680  0.0000  0.0000 105.8343
10080 11680 -2.2291 -8.2848 79.0786
10400 11680 -0.1272 -0.9111 74.1764
10720 11680  0.1052  0.3085 86.5940
11040 11680 -0.0110 -1.1713 60.6809
11360 11680 -5.0419 -2.5125 58.5323
11680 11680  0.0190  2.0970 69.0128
12000 11680  0.6228  3.3855 67.4216
12320 11680  2.5282  0.4707 64.1743
12640 11680 -0.0551  0.0965 144.2575
12960 11680  1.3039 -3.6704 57.2356
13280 11680 -0.0416  0.0916 73.9397
13600 11680  0.0140 -0.0029 66.8022
13920 11680 -0.0011  0.0052 133.0295
1120 12000  0.0004  0.0016 6550.4907
1440 12000 -0.0210 -0.0223 56.5003
1760 12000 -0.0222  0.5365 62.7129
2080 12000  0.1313  0.1343 144.2123
2400 12000  1.2913  3.6072 71.9680
2720 12000  3.9228  4.8682 58.1936
3040 12000 -5.7017 -5.3642 75.6853
3360 12000  5.2577  2.5258 50.1928
3680 12000 -0.1426 -7.0447 59.5614
4000 12000 -1.6859 -4.4726 73.4329
4320 12000 -0.0823 -0.1074 67.2074
4640 12000  2.3545  3.1492 94.6573
4960 12000 -6.8918  0.0563 113.5902
5280 12000  0.0177  1.8723 72.2428
5600 12000  6.0692  0.0331 125.1806
5920 12000 -7.0766  0.0177 107.7511
6240 12000  3.7669 -0.0539 67.2242
6560 12000  0.1023  0.0712 102.4928
6880 12000  0.0000  0.0000 96.6198
7200 12000  4.0539  3.7905 85.2370
7520 12000 -0.0243  0.0657 86.9674
7840 12000 -5.5260 -0.0797 144.6701
8160 12000 -5.5314  0.3887 90.0849
8480 12000  4.5590  5.3496 87.6619
8800 12000  4.5845  2.2885 94.0049
9120 12000 -1.6623 -1.6755 89.8365
9440 12000  0.1477 -5.9250 63.6001
9760 12000 -0.2958 -7.0660 78.9769
10080 12000  7.0243  1.3092 68.0166
10400 12000 -4.7224  5.0589 68.3080
10720 12000 -0.0046  4.8773 74.9271
11040 12000 -5.2794  0.0804 82.2472
11360 12000 -0.0084  0.1545 71.9409
11680 12000  0.0606  0.0469 62.4424
12000 12000  0.0694  0.0091 130.8105
12320 12000 -2.4478  0.0825 75.1119
12640 12000  2.6637 -0.3888 53.4339
12960 12000 -0.0564  0.0601 99.8301
13280 12000  0.0957 -5.6889 68.6215
13600 12000  0.0051 -0.0030 66.0643
13920 12000  0.0000  0.0000 8191.9977
1440 12320 -0.0024  0.0003 583.1278
1760 12320  0.0380  0.0610 51.4263
2080 12320  3.9938  1.6740 70.5961
2400 12320  3.8575  4.8720 58.3923
2720 12320 -6.6182 -6.5944 58.0599
3040 12320  1.1080  5.1612 46.1152
3360 12320 -0.0739 -0.1407 81.1150
3680 12320 -1.6667 -2.6515 111.2592
4000 12320  0.3743  0.1129 133.1520
4320 12320  0.0528  0.5249 54.2939
4640 12320 -0.0562 -0.9665 51.6475
4960 12320 -0.0446  0.0504 65.6811
5280 12320 -0.7189  0.1846 94.4641
5600 12320  6.2626 -0.0543 98.0022
5920 12320  1.4793  0.0396 95.6698
6240 12320  0.1793 -0.0268 95.1476
6560 12320 -0.0556  0.0504 88.5947
6880 12320  0.0375  0.1216 66.2746
7200 12320  4.4532  0.0459 73.9362
7520 12320 -8.6701 -4.4297 95.5182
7840 12320 -5.0201  5.4073 65.3001
8160 12320  1.5278  2.9097 63.6710
8480 12320  1.4402  4.0817 107.9797
8800 12320  7.7252  2.0489 65.7742
9120 12320 -0.0797  4.0201 67.5499
9440 12320 -0.9621  4.0968 79.2832
9760 12320  1.6801  4.8230 76.7034
10080 12320  0.4101  1.6471 59.0169
10400 12320 -0.0880  2.6186 81.2289
10720 12320  0.0447  0.0202 91.5847
11040 12320 -2.2458  1.2808 79.0968
11360 12320 -0.0012 -0.0312 86.4678
11680 12320  0.4735 -0.4937 70.4784
12000 12320  0.0559  0.0412 92.5736
12320 12320  0.0469 -0.0546 104.5182
12640 12320 -0.7376  2.3523 80.9861
12960 12320  0.0138 -3.1908 53.0544
13280 12320 -0.0079  0.0013 52.8508
13600 12320  0.0000  0.0002 1095.5593
1760 12640  0.0003  0.0077 273.6808
2080 12640 -0.0126 -0.0082 44.0558
2400 12640 -4.6064 -4.9135 60.3954
2720 12640 -4.5539 -2.5553 47.1000
3040 12640 -0.0368 -0.0132 91.0983
3360 12640 -0.7728 -2.7578 81.1480
3680 12640  2.3666  0.0365 93.4216
4000 12640  0.1100  0.1040 92.3006
4320 12640  2.1859  0.0093 60.2277
4640 12640 -0.1192 -0.1021 153.1980
4960 12640 -0.0910 -4.0085 78.4693
5280 12640  7.3861  3.9742 80.2945
5600 12640 -0.0574  0.9047 82.3444
5920 12640 -3.5611  7.0817 80.1466
6240 12640 -5.9529  3.9021 69.0574
6560 12640  0.0478  0.0790 73.9133
6880 12640  0.4003  2.9718 75.8605
7200 12640  4.0516 -0.6686 66.6241
7520 12640 -2.4545  0.0736 154.8311
7840 12640  3.2267  0.7447 127.7023
8160 12640 -0.0822  1.6136 67.8447
8480 12640  3.1930 -2.1093 99.2623
8800 12640 -0.0039 -0.1313 76.4179
9120 12640  0.8431  0.1056 102.8532
9440 12640  0.5578 -0.0910 65.8671
9760 12640  0.0993 -0.0972 118.9506
10080 12640  3.3561  1.7400 68.5933
10400 12640 -2.7226 -2.6442 89.9306
10720 12640  0.8367  0.1079 76.0930
11040 12640  5.0292 -7.1430 79.8807
11360 12640 -2.6749  0.0878 68.2440
11680 12640 -0.0698  2.6241 74.6002
12000 12640  3.5684 -2.2191 92.0252
12320 12640 -0.0428  0.0423 109.9269
12640 12640  0.0794 -0.1102 114.0417
12960 12640 -0.0346 -0.0454 47.3510
13280 12640 -0.0009 -0.0038 414.4572
2080 12960 -0.0068 -0.0107 221.6606
2400 12960 -0.0104  0.0101 44.9066
2720 12960  0.0124  0.0071 54.0273
3040 12960 -0.1656 -2.7653 88.9792
3360 12960 -0.0290 -0.0387 131.3043
3680 12960  2.7425  0.0584 82.3653
4000 12960  2.7637  0.1383 67.3070
4320 12960 -5.7663 -0.1083 91.1616
4640 12960 -1.5182 -0.0721 62.2119
4960 12960  1.6685  0.4077 75.0403
5280 12960  2.1144  0.1542 54.2963
5600 12960 -1.8726 -0.1024 74.1335
5920 12960 -0.3695  1.8944 107.3324
6240 12960 -0.0724 -2.0528 90.8771
6560 12960  3.3185  1.0800 69.0232
6880 12960 -1.3043  0.0105 67.0225
7200 12960 -0.7319 -1.6479 81.7359
7520 12960 -5.8341  0.0137 101.8344
7840 12960  0.8944 -0.0542 105.2865
8160 12960  0.6753 -0.0229 75.5907
8480 12960 -0.6966  2.3030 69.3260
8800 12960 -0.0650 -0.0838 104.8522
9120 12960  7.5854 -0.0741 72.8202
9440 12960 -0.0193 -0.0345 64.9366
9760 12960  0.0778  0.1549 129.4689
10080 12960 -0.7587  2.1274 84.6918
10400 12960 -1.3474  1.3554 80.5121
10720 12960  0.0134  1.1428 94.4224
11040 12960 -4.0770  4.1180 54.5462
11360 12960  0.0514 -0.1506 134.5911
11680 12960  0.0764 -0.0827 43.0144
12000 12960 -1.9492  0.0659 74.0007
12320 12960  1.5806 -4.5664 95.7249
12640 12960 -0.0048 -0.0097 46.7417
12960 12960  0.0008  0.0015 306.4435
2400 13280  0.0023  0.0010 287.1124
2720 13280  0.0009  0.0008 49.0854
3040 13280 -0.0329  0.0004 123.6491
3360 13280  3.3834  0.3627 68.6881
3680 13280  0.0149  0.0447 109.2742
4000 13280  0.1267  0.1141 78.5569
4320 13280 -0.7181 -1.3616 68.0570
4640 13280  2.6108  0.1135 117.6034
4960 13280  7.7634  5.1445 89.5550
5280 13280  0.7141  2.3202 87.4532
5600 13280 -0.0401 -4.6315 69.3240
5920 13280 -2.0254 -6.5106 98.4471
6240 13280 -0.0367 -5.9378 119.6793
6560 13280 -5.9376 -7.3817 102.3553
6880 13280  7.8793 -3.9749 59.8424
7200 13280  0.7092 -0.0671 113.7691
7520 13280 -1.1603  0.5185 68.2469
7840 13280  0.6119  3.9461 67.4972
8160 13280  2.5684 -0.0335 94.0326
8480 13280 -3.6733  0.0236 115.6425
8800 13280 -1.3082  0.7099 62.9027
9120 13280  0.0006 -0.0319 61.3683
9440 13280 -1.5301 -4.3432 54.8441
9760 13280 -1.5523 -0.0225 94.9358
10080 13280  2.4037 -0.0252 76.0840
10400 13280 -3.7231  3.3374 82.0155
10720 13280  2.0075  0.0562 59.4478
11040 13280 -2.5172 -0.0737 81.3220
11360 13280 -7.7837  6.4101 107.0202
11680 13280 -0.0977  0.5307 101.6894
12000 13280  1.0972 -1.7795 57.4376
12320 13280  0.0011 -0.0016 51.0022
12640 13280 -0.0017 -0.0009 414.4718
2720 13600 -0.0028  0.0019 656.0769
3040 13600 -0.0006  0.0049 59.5909
3360 13600  0.1290  0.1434 84.9079
3680 13600  0.0736  0.0273 100.6338
4000 13600  6.4066  2.6562 62.3861
4320 13600 -2.0175 -1.5000 68.5064
4640 13600  3.0929  0.0919 61.0981
4960 13600  7.0703  0.0773 87.0997
5280 13600 -6.7443 -2.9425 83.5971
5600 13600 -0.6737 -4.3052 116.8261
5920 13600 -7.3746 -5.1593 64.2044
6240 13600  0.1246  1.9646 127.1446
6560 13600 -7.4437 -0.5657 113.1230
6880 13600 -0.4372 -6.5475 63.6199
7200 13600  1.7608 -1.6696 88.1690
7520 13600  3.9165 -2.2243 81.9750
7840 13600 -0.0032 -0.0941 87.0227
8160 13600  0.0519 -0.0099 74.2744
8480 13600 -6.2996  0.0089 77.1198
8800 13600 -6.3524 -0.0473 80.4284
9120 13600  1.0305 -0.1255 148.6235
9440 13600 -7.6677  1.1888 86.6048
9760 13600  4.4355 -0.0415 82.4786
10080 13600 -0.0025  0.0164 140.4842
10400 13600 -5.4578  0.0684 62.9046
10720 13600 -1.0184  0.1077 49.1114
11040 13600  0.0538 -0.0357 206.4997
11360 13600  1.7338 -0.0292 64.1451
11680 13600  4.3960 -3.9123 52.4850
12000 13600  0.0050  0.0139 67.0261
12320 13600  0.0022  0.0038 1094.4378
3040 13920  0.0002  0.0002 7153.5657
3360 13920  0.0074  0.0002 110.5732
3680 13920  0.0094 -0.0066 43.4308
4000 13920 -0.0469 -0.0563 66.0451
4320 13920  2.6783  0.1562 107.9047
4640 13920  7.0357  2.8406 73.7846
4960 13920 -0.7478 -0.0614 85.1373
5280 13920 -3.9235 -0.2026 67.0207
5600 13920 -7.3834 -0.1178 110.1453
5920 13920 -1.0703 -0.0856 54.4820
6240 13920 -2.7374  0.0295 51.4627
6560 13920 -7.4412 -0.0503 102.5247
6880 13920  1.0915  0.0520 92.0776
7200 13920  0.7530 -1.7184 66.5222
7520 13920  3.3070 -0.0626 65.4666
7840 13920  0.5357 -0.0651 121.1160
8160 13920  0.0719 -0.1358 113.4073
8480 13920 -8.3974  0.6667 82.5412
8800 13920 -5.3429 -0.0896 49.5117
9120 13920 -0.0478  0.0292 112.9513
9440 13920  0.0361 -0.0368 80.2907
9760 13920  5.2194  0.0963 146.8329
10080 13920  0.0405 -0.0364 57.8588
10400 13920  2.5764 -0.1357 62.1416
10720 13920 -6.3071  0.0405 75.3112
11040 13920  1.1355 -0.0361 50.7019
11360 13920  0.0327 -0.0269 49.7726
11680 13920 -0.0146  0.0033 132.6139
12000 13920  0.0000  0.0000 900.2197
3680 14240  0.0031 -0.0000 633.2353
4000 14240 -0.0229 -0.0163 75.8795
4320 14240  3.2287  0.6486 61.6379
4640 14240  6.0244  0.1255 59.9389
4960 14240 -8.5973 -4.1633 98.6672
5280 14240  0.0000  0.0000 71.7603
5600 14240 -6.0585 -1.8154 73.5078
5920 14240 -0.8637 -0.0672 73.9836
6240 14240 -9.2890 -2.9545 112.3433
6560 14240  0.6027  0.0373 50.6447
6880 14240  1.0959 -0.0030 83.2710
7200 14240  0.5780 -0.0187 115.5132
7520 14240 -4.5750 -0.0438 69.2296
7840 14240  0.8974  0.0119 106.1925
8160 14240 -0.0163 -0.0100 115.4861
8480 14240  0.1066 -0.1048 66.0182
8800 14240  5.5275  0.1040 71.5843
9120 14240 -1.1256  0.1195 103.0439
9440 14240 -0.5083 -0.0186 62.4461
9760 14240  2.3716 -0.1093 65.6496
10080 14240  0.0907 -0.3333 66.2366
10400 14240 -0.0740  0.0549 122.9840
10720 14240 -0.0054 -0.0132 40.0009
11040 14240  0.0043 -0.0032 83.5527
11360 14240 -0.0048  0.0013 953.9163
11680 14240  0.0000  0.0000 10239.9982
4000 14560  0.0000  0.0000 3583.9996
4320 14560  0.0066  0.0009 575.4446
4640 14560  0.0167  0.0029 87.6547
4960 14560 -2.9295 -0.9456 45.3091
5280 14560  4.4880 -0.0979 81.4607
5600 14560 -3.0022 -0.0805 79.4752
5920 14560 -0.1110 -0.0469 94.0421
6240 14560 -7.0350 -0.0976 55.7131
6560 14560  2.2772  0.0571 71.1022
6880 14560  1.2934 -0.0183 77.3795
7200 14560  0.4405  0.0633 117.4799
7520 14560 -1.6270  0.1396 69.5295
7840 14560  1.0215 -0.0001 101.0421
8160 14560 -0.0132  0.0020 130.2305
8480 14560  0.3543 -0.0383 73.8641
8800 14560 -1.8556 -0.0393 106.6332
9120 14560 -2.7418  0.7195 83.5585
9440 14560 -5.3475  0.8333 51.7527
9760 14560 -8.1211  2.7223 83.9423
10080 14560  0.0233 -0.0014 51.1817
10400 14560  0.0013  0.0007 96.7450
10720 14560  0.0004 -0.0002 812.8664
  0   0  0.0000  0.0000  0.0000
  0   0  0.0000  0.0000  0.0000
  0   0  0.0000  0.0000  0.0000
  0   0  0.0000  0.0000  0.0000
  0   0  0.0000  0.0000  0.0000
  0   0  0.0000  0.0000  0.0000
  0   0  0.0000  0.0000  0.0000
  0   0  0.0000  0.0000  0.0000
  0   0  0.0000  0.0000  0.0000
  0   0  0.0000  0.0000  0.0000
  0   0  0.0000  0.0000  0.0000
  0   0  0.0000  0.0000  0.0000
  0   0  0.0000  0.0000  0.0000
  0   0  0.0000  0.0000  0.0000
  0   0  0.0000  0.0000  0.0000
  0   0  0.0000  0.0000  0.0000
  0   0  0.0000  0.0000  0.0000
  0   0  0.0000  0.0000  0.0000
  0   0  0.0000  0.0000  0.0000
  0   0  0.0000  0.0000  0.0000
  0   0  0.0000  0.0000  0.0000
  0   0  0.0000  0.0000  0.0000
  0   0  0.0000  0.0000  0.0000
  0   0  0.0000  0.0000  0.0000
  0   0  0.0000  0.0000  0.0000
  0   0  0.0000  0.0000  0.0000
  0   0  0.0000  0.0000  0.0000
  0   0  0.0000  0.0000  0.0000
  0   0  0.0000  0.0000  0.0000
  0   0  0.0000  0.0000  0.0000
  0   0  0.0000  0.0000  0.0000
  0   0  0.0000  0.0000  0.0000
  0   0  0.0000  0.0000  0.0000
  0   0  0.0000  0.0000  0.0000
  0   0  0.0000  0.0000  0.0000
  0   0  0.0000  0.0000  0.0000
  0   0  0.0000  0.0000  0.0000
  0   0  0.0000  0.0000  0.0000
  0   0  0.0000  0.0000  0.0000
  0   0  0.0000  0.0000  0.0000
  0   0  0.0000  0.0000  0.0000
  0   0  0.0000  0.0000  0.0000
  0   0  0.0000  0.0000  0.0000
  0   0  0.0000  0.0000  0.0000
  0   0  0.0000  0.0000  0.0000
  0   0  0.0000  0.0000  0.0000
  0   0  0.0000  0.0000  0.0000
  0   0  0.0000  0.0000  0.0000
  0   0  0.0000  0.0000  0.0000
  0   0  0.0000  0.0000  0.0000
  0   0  0.0000  0.0000  0.0000
  0   0  0.0000  0.0000  0.0000
  0   0  0.0000  0.0000  0.0000
  0   0  0.0000  0.0000  0.0000
  0   0  0.0000  0.0000  0.0000
  0   0  0.0000  0.0000  0.0000
  0   0  0.0000  0.0000  0.0000
  0   0  0.0000  0.0000  0.0000
  0   0  0.0000  0.0000  0.0000
  0   0  0.0000  0.0000  0.0000
  0   0  0.0000  0.0000  0.0000
  0   0  0.0000  0.0000  0.0000
  0   0  0.0000  0.0000  0.0000
  0   0  0.0000  0.0000  0.0000
  0   0  0.0000  0.0000  0.0000
  0   0  0.0000  0.0000  0.0000
  0   0  0.0000  0.0000  0.0000
  0   0  0.0000  0.0000  0.0000
  0   0  0.0000  0.0000  0.0000
  0   0  0.0000  0.0000  0.0000
  0   0  0.0000  0.0000  0.0000
  0   0  0.0000  0.0000  0.0000
  0   0  0.0000  0.0000  0.0000
  0   0  0.0000  0.0000  0.0000
  0   0  0.0000  0.0000  0.0000
  0   0  0.0000  0.0000  0.0000
  0   0  0.0000  0.0000  0.0000
  0   0  0.0000  0.0000  0.0000
  0   0  0.0000  0.0000  0.0000
  0   0  0.0000  0.0000  0.0000
  0   0  0.0000  0.0000  0.0000
  0   0  0.0000  0.0000  0.0000
  0   0  0.0000  0.0000  0.0000
  0   0  0.0000  0.0000  0.0000
  0   0  0.0000  0.0000  0.0000
  0   0  0.0000  0.0000  0.0000
  0   0  0.0000  0.0000  0.0000
  0   0  0.0000  0.0000  0.0000
  0   0  0.0000  0.0000  0.0000
  0   0  0.0000  0.0000  0.0000
  0   0  0.0000  0.0000  0.0000
  0   0  0.0000  0.0000  0.0000
  0   0  0.0000  0.0000  0.0000
  0   0  0.0000  0.0000  0.0000
  0   0  0.0000  0.0000  0.0000
  0   0  0.0000  0.0000  0.0000
  0   0  0.0000  0.0000  0.0000
  0   0  0.0000  0.0000  0.0000
  0   0  0.0000  0.0000  0.0000
  0   0  0.0000  0.0000  0.0000
  0   0  0.0000  0.0000  0.0000
  0   0  0.0000  0.0000  0.0000
  0   0  0.0000  0.0000  0.0000
  0   0  0.0000  0.0000  0.0000
  0   0  0.0000  0.0000  0.0000
  0   0  0.0000  0.0000  0.0000
  0   0  0.0000  0.0000  0.0000
  0   0  0.0000  0.0000  0.0000
  0   0  0.0000  0.0000  0.0000
  0   0  0.0000  0.0000  0.0000
  0   0  0.0000  0.0000  0.0000
  0   0  0.0000  0.0000  0.0000
  0   0  0.0000  0.0000  0.0000
  0   0  0.0000  0.0000  0.0000
  0   0  0.0000  0.0000  0.0000
  0   0  0.0000  0.0000  0.0000
  0   0  0.0000  0.0000  0.0000
  0   0  0.0000  0.0000  0.0000
  0   0  0.0000  0.0000  0.0000
  0   0  0.0000  0.0000  0.0000
  0   0  0.0000  0.0000  0.0000
  0   0  0.0000  0.0000  0.0000
  0   0  0.0000  0.0000  0.0000
  0   0  0.0000  0.0000  0.0000
  0   0  0.0000  0.0000  0.0000
  0   0  0.0000  0.0000  0.0000
  0   0  0.0000  0.0000  0.0000
  0   0  0.0000  0.0000  0.0000
  0   0  0.0000  0.0000  0.0000
  0   0  0.0000  0.0000  0.0000
  0   0  0.0000  0.0000  0.0000
  0   0  0.0000  0.0000  0.0000
  0   0  0.0000  0.0000  0.0000
  0   0  0.0000  0.0000  0.0000
  0   0  0.0000  0.0000  0.0000
  0   0  0.0000  0.0000  0.0000
  0   0  0.0000  0.0000  0.0000
  0   0  0.0000  0.0000  0.0000
  0   0  0.0000  0.0000  0.0000
  0   0  0.0000  0.0000  0.0000
  0   0  0.0000  0.0000  0.0000
  0   0  0.0000  0.0000  0.0000
  0   0  0.0000  0.0000  0.0000
  0   0  0.0000  0.0000  0.0000
  0   0  0.0000  0.0000  0.0000
  0   0  0.0000  0.0000  0.0000
  0   0  0.0000  0.0000  0.0000
  0   0  0.0000  0.0000  0.0000
  0   0  0.0000  0.0000  0.0000
  0   0  0.0000  0.0000  0.0000
  0   0  0.0000  0.0000  0.0000
  0   0  0.0000  0.0000  0.0000
  0   0  0.0000  0.0000  0.0000
  0   0  0.0000  0.0000  0.0000
  0   0  0.0000  0.0000  0.0000
  0   0  0.0000  0.0000  0.0000
  0   0  0.0000  0.0000  0.0000
  0   0  0.0000  0.0000  0.0000
  0   0  0.0000  0.0000  0.0000
  0   0  0.0000  0.0000  0.0000
  0   0  0.0000  0.0000  0.0000
  0   0  0.0000  0.0000  0.0000
  0   0  0.0000  0.0000  0.0000
  0   0  0.0000  0.0000  0.0000
  0   0  0.0000  0.0000  0.0000
  0   0  0.0000  0.0000  0.0000
  0   0  0.0000  0.0000  0.0000
  0   0  0.0000  0.0000  0.0000
  0   0  0.0000  0.0000  0.0000
  0   0  0.0000  0.0000  0.0000
  0   0  0.0000  0.0000  0.0000
  0   0  0.0000  0.0000  0.0000
  0   0  0.0000  0.0000  0.0000
  0   0  0.0000  0.0000  0.0000
  0   0  0.0000  0.0000  0.0000
  0   0  0.0000  0.0000  0.0000
  0   0  0.0000  0.0000  0.0000
  0   0  0.0000  0.0000  0.0000
  0   0  0.0000  0.0000  0.0000
  0   0  0.0000  0.0000  0.0000
  0   0  0.0000  0.0000  0.0000
  0   0  0.0000  0.0000  0.0000
  0   0  0.0000  0.0000  0.0000
  0   0  0.0000  0.0000  0.0000
  0   0  0.0000  0.0000  0.0000
  0   0  0.0000  0.0000  0.0000
  0   0  0.0000  0.0000  0.0000
  0   0  0.0000  0.0000  0.0000
  0   0  0.0000  0.0000  0.0000
  0   0  0.0000  0.0000  0.0000
  0   0  0.0000  0.0000  0.0000
  0   0  0.0000  0.0000  0.0000
  0   0  0.0000  0.0000  0.0000
  0   0  0.0000  0.0000  0.0000
  0   0  0.0000  0.0000  0.0000
  0   0  0.0000  0.0000  0.0000
  0   0  0.0000  0.0000  0.0000
  0   0  0.0000  0.0000  0.0000
  0   0  0.0000  0.0000  0.0000
  0   0  0.0000  0.0000  0.0000
  0   0  0.0000  0.0000  0.0000
  0   0  0.0000  0.0000  0.0000
  0   0  0.0000  0.0000  0.0000
  0   0  0.0000  0.0000  0.0000
  0   0  0.0000  0.0000  0.0000
  0   0  0.0000  0.0000  0.0000
  0   0  0.0000  0.0000  0.0000
  0   0  0.0000  0.0000  0.0000
  0   0  0.0000  0.0000  0.0000
  0   0  0.0000  0.0000  0.0000
  0   0  0.0000  0.0000  0.0000
  0   0  0.0000  0.0000  0.0000
  0   0  0.0000  0.0000  0.0000
  0   0  0.0000  0.0000  0.0000
  0   0  0.0000  0.0000  0.0000
  0   0  0.0000  0.0000  0.0000
  0   0  0.0000  0.0000  0.0000
  0   0  0.0000  0.0000  0.0000
  0   0  0.0000  0.0000  0.0000
  0   0  0.0000  0.0000  0.0000
  0   0  0.0000  0.0000  0.0000
  0   0  0.0000  0.0000  0.0000
  0   0  0.0000  0.0000  0.0000
  0   0  0.0000  0.0000  0.0000
  0   0  0.0000  0.0000  0.0000
  0   0  0.0000  0.0000  0.0000
  0   0  0.0000  0.0000  0.0000
  0   0  0.0000  0.0000  0.0000
  0   0  0.0000  0.0000  0.0000
  0   0  0.0000  0.0000  0.0000
  0   0  0.0000  0.0000  0.0000
  0   0  0.0000  0.0000  0.0000
  0   0  0.0000  0.0000  0.0000
  0   0  0.0000  0.0000  0.0000
  0   0  0.0000  0.0000  0.0000
  0   0  0.0000  0.0000  0.0000
  0   0  0.0000  0.0000  0.0000
  0   0  0.0000  0.0000  0.0000
  0   0  0.0000  0.0000  0.0000
  0   0  0.0000  0.0000  0.0000
  0   0  0.0000  0.0000  0.0000
  0   0  0.0000  0.0000  0.0000
  0   0  0.0000  0.0000  0.0000
  0   0  0.0000  0.0000  0.0000
  0   0  0.0000  0.0000  0.0000
  0   0  0.0000  0.0000  0.0000
  0   0  0.0000  0.0000  0.0000
  0   0  0.0000  0.0000  0.0000
  0   0  0.0000  0.0000  0.0000
  0   0  0.0000  0.0000  0.0000
  0   0  0.0000  0.0000  0.0000
  0   0  0.0000  0.0000  0.0000
  0   0  0.0000  0.0000  0.0000
  0   0  0.0000  0.0000  0.0000
  0   0  0.0000  0.0000  0.0000
  0   0  0.0000  0.0000  0.0000
  0   0  0.0000  0.0000  0.0000
  0   0  0.0000  0.0000  0.0000
  0   0  0.0000  0.0000  0.0000
  0   0  0.0000  0.0000  0.0000
  0   0  0.0000  0.0000  0.0000
  0   0  0.0000  0.0000  0.0000
  0   0  0.0000  0.0000  0.0000
  0   0  0.0000  0.0000  0.0000
  0   0  0.0000  0.0000  0.0000
  0   0  0.0000  0.0000  0.0000
  0   0  0.0000  0.0000  0.0000
  0   0  0.0000  0.0000  0.0000
  0   0  0.0000  0.0000  0.0000
  0   0  0.0000  0.0000  0.0000
  0   0  0.0000  0.0000  0.0000
  0   0  0.0000  0.0000  0.0000
  0   0  0.0000  0.0000  0.0000
  0   0  0.0000  0.0000  0.0000
  0   0  0.0000  0.0000  0.0000
  0   0  0.0000  0.0000  0.0000
  0   0  0.0000  0.0000  0.0000
  0   0  0.0000  0.0000  0.0000
  0   0  0.0000  0.0000  0.0000
  0   0  0.0000  0.0000  0.0000
  0   0  0.0000  0.0000  0.0000
  0   0  0.0000  0.0000  0.0000
  0   0  0.0000  0.0000  0.0000
  0   0  0.0000  0.0000  0.0000
  0   0  0.0000  0.0000  0.0000
  0   0  0.0000  0.0000  0.0000
  0   0  0.0000  0.0000  0.0000
  0   0  0.0000  0.0000  0.0000
  0   0  0.0000  0.0000  0.0000
  0   0  0.0000  0.0000  0.0000
  0   0  0.0000  0.0000  0.0000
  0   0  0.0000  0.0000  0.0000
  0   0  0.0000  0.0000  0.0000
  0   0  0.0000  0.0000  0.0000
  0   0  0.0000  0.0000  0.0000
  0   0  0.0000  0.0000  0.0000
  0   0  0.0000  0.0000  0.0000
  0   0  0.0000  0.0000  0.0000
  0   0  0.0000  0.0000  0.0000
  0   0  0.0000  0.0000  0.0000
  0   0  0.0000  0.0000  0.0000
  0   0  0.0000  0.0000  0.0000
  0   0  0.0000  0.0000  0.0000
  0   0  0.0000  0.0000  0.0000
  0   0  0.0000  0.0000  0.0000
  0   0  0.0000  0.0000  0.0000
  0   0  0.0000  0.0000  0.0000
  0   0  0.0000  0.0000  0.0000
  0   0  0.0000  0.0000  0.0000
  0   0  0.0000  0.0000  0.0000
  0   0  0.0000  0.0000  0.0000
  0   0  0.0000  0.0000  0.0000
  0   0  0.0000  0.0000  0.0000
  0   0  0.0000  0.0000  0.0000
  0   0  0.0000  0.0000  0.0000
  0   0  0.0000  0.0000  0.0000
  0   0  0.0000  0.0000  0.0000
  0   0  0.0000  0.0000  0.0000
  0   0  0.0000  0.0000  0.0000
  0   0  0.0000  0.0000  0.0000
  0   0  0.0000  0.0000  0.0000
  0   0  0.0000  0.0000  0.0000
  0   0  0.0000  0.0000  0.0000
  0   0  0.0000  0.0000  0.0000
  0   0  0.0000  0.0000  0.0000
  0   0  0.0000  0.0000  0.0000
  0   0  0.0000  0.0000  0.0000
  0   0  0.0000  0.0000  0.0000
  0   0  0.0000  0.0000  0.0000
  0   0  0.0000  0.0000  0.0000
  0   0  0.0000  0.0000  0.0000
  0   0  0.0000  0.0000  0.0000
  0   0  0.0000  0.0000  0.0000
  0   0  0.0000  0.0000  0.0000
  0   0  0.0000  0.0000  0.0000
  0   0  0.0000  0.0000  0.0000
  0   0  0.0000  0.0000  0.0000
  0   0  0.0000  0.0000  0.0000
  0   0  0.0000  0.0000  0.0000
  0   0  0.0000  0.0000  0.0000
  0   0  0.0000  0.0000  0.0000
  0   0  0.0000  0.0000  0.0000
  0   0  0.0000  0.0000  0.0000
  0   0  0.0000  0.0000  0.0000
  0   0  0.0000  0.0000  0.0000
  0   0  0.0000  0.0000  0.0000
  0   0  0.0000  0.0000  0.0000
  0   0  0.0000  0.0000  0.0000
  0   0  0.0000  0.0000  0.0000
  0   0  0.0000  0.0000  0.0000
  0   0  0.0000  0.0000  0.0000
  0   0  0.0000  0.0000  0.0000
  0   0  0.0000  0.0000  0.0000
  0   0  0.0000  0.0000  0.0000
  0   0  0.0000  0.0000  0.0000
  0   0  0.0000  0.0000  0.0000
  0   0  0.0000  0.0000  0.0000
  0   0  0.0000  0.0000  0.0000
  0   0  0.0000  0.0000  0.0000
  0   0  0.0000  0.0000  0.0000
  0   0  0.0000  0.0000  0.0000
  0   0  0.0000  0.0000  0.0000
  0   0  0.0000  0.0000  0.0000
  0   0  0.0000  0.0000  0.0000
  0   0  0.0000  0.0000  0.0000
  0   0  0.0000  0.0000  0.0000
  0   0  0.0000  0.0000  0.0000
  0   0  0.0000  0.0000  0.0000
  0   0  0.0000  0.0000  0.0000
  0   0  0.0000  0.0000  0.0000
  0   0  0.0000  0.0000  0.0000
  0   0  0.0000  0.0000  0.0000
  0   0  0.0000  0.0000  0.0000
  0   0  0.0000  0.0000  0.0000
  0   0  0.0000  0.0000  0.0000
  0   0  0.0000  0.0000  0.0000
  0   0  0.0000  0.0000  0.0000
  0   0  0.0000  0.0000  0.0000
  0   0  0.0000  0.0000  0.0000
  0   0  0.0000  0.0000  0.0000
  0   0  0.0000  0.0000  0.0000
  0   0  0.0000  0.0000  0.0000
  0   0  0.0000  0.0000  0.0000
  0   0  0.0000  0.0000  0.0000
  0   0  0.0000  0.0000  0.0000
  0   0  0.0000  0.0000  0.0000
  0   0  0.0000  0.0000  0.0000
  0   0  0.0000  0.0000  0.0000
  0   0  0.0000  0.0000  0.0000
  0   0  0.0000  0.0000  0.0000
