VARIABLES= "X m", "Y m", "U m/s", "V m/s", "CHC", ZONE I=46, J=46
4640 160     NaN     NaN 20479.9988
4960 160  0.0015  0.0004 2470.2148
5280 160 -0.0093  0.0023 154.2476
5600 160 -0.0014 -0.0016 75.9189
5920 160  0.0222 -0.0116 53.9826
6240 160 -0.0090  0.0244 96.8204
6560 160  0.2573 -0.0967 78.6998
6880 160 -1.8635  0.0219 107.2547
7200 160 -0.1601  0.0913 149.6196
7520 160  0.3884  0.0227 75.9314
7840 160  1.5568 -0.0594 96.8215
8160 160  3.2428 -0.1384 70.8907
8480 160 -4.2901  0.0436 63.9529
8800 160  0.0122 -0.0011 44.5519
9120 160 -0.0068 -0.0061 53.2335
9440 160 -0.0131 -0.0026 77.3192
9760 160 -0.0009  0.0017 174.2547
10080 160  0.0092 -0.0019 3717.6331
10400 160 -0.1667     NaN 5119.9994
4000 480  0.1667     NaN 20479.9951
4320 480  0.0068 -0.0002 306.0843
4640 480 -0.0003  0.0005 73.2528
4960 480 -0.0194 -0.0018 45.6151
5280 480 -2.4658  0.1164 92.1476
5600 480 -0.0796  0.0540 104.6167
5920 480 -0.0029  0.0005 120.5720
6240 480  0.0845 -0.0229 131.8098
6560 480  0.3113 -0.0102 100.6271
6880 480 -2.8681  0.0295 107.0522
7200 480 -0.0891  0.0365 154.1694
7520 480  0.7265 -0.0199 81.6823
7840 480  1.6102  0.0162 72.5670
8160 480 -1.3561 -0.0561 66.5716
8480 480 -3.3304  0.0256 57.9981
8800 480  7.0954  0.0283 77.5902
9120 480 -4.9970 -0.0217 84.7717
9440 480 -7.0725 -0.1497 80.5791
9760 480  0.3871  0.0599 71.6956
10080 480  0.0023  0.0013 47.1976
10400 480  0.0003 -0.0051 78.6432
10720 480 -0.0032 -0.0008 396.0856
11040 480  2.3333     NaN 5119.9991
3680 800 -0.0078  0.0020 350.5370
4000 800 -0.0188  0.0050 64.7009
4320 800  0.0604 -0.0604 66.0861
4640 800  1.0886 -0.1587 89.3107
4960 800 -0.6163 -0.0304 86.8612
5280 800 -2.5274 -0.0398 79.5950
5600 800 -0.1425  0.0593 69.2302
5920 800 -0.0012 -0.0027 119.3135
6240 800  0.0814 -0.0842 219.8316
6560 800  0.3298  0.0133 94.4281
6880 800 -4.0790  0.0360 96.7437
7200 800 -0.1601  0.0428 133.6097
7520 800 -1.0882 -0.0395 61.9076
7840 800 -0.6083  0.0016 68.3545
8160 800  0.2327  2.5210 50.4218
8480 800 -4.5887 -1.7964 55.6375
8800 800  0.0685  0.1667 54.5930
9120 800  4.1893 -0.0847 72.5008
9440 800  5.2692  0.0342 129.3328
9760 800 -3.6963 -0.0261 56.4022
10080 800 -0.0944 -0.0329 59.2762
10400 800  8.8066  6.4524 100.3496
10720 800 -4.1364 -0.0964 63.2001
11040 800  0.0552  0.0193 67.2791
11360 800 -0.0075  0.0027 476.7837
11680 800  0.0000     NaN 6826.6656
3040 1120  0.0009  0.0009 2743.8116
3360 1120  0.0289 -0.0216 89.6313
3680 1120 -0.4843  0.0368 58.4763
4000 1120  4.0207 -4.3333 42.8947
4320 1120 -4.3344  0.3067 69.0106
4640 1120  5.0338 -2.1395 88.5654
4960 1120 -1.5455  0.0064 88.2745
5280 1120 -7.3475  2.9499 70.2367
5600 1120 -0.0419  0.0608 73.5146
5920 1120 -0.1284  0.0513 108.4944
6240 1120 -0.0479  0.0574 99.0622
6560 1120  0.8293  0.1035 79.8866
6880 1120 -4.8153  0.1443 80.4171
7200 1120 -0.9741 -0.0216 125.1301
7520 1120 -1.0849  0.0894 55.4811
7840 1120 -1.0881  0.0509 63.8151
8160 1120  2.8358 -0.0433 49.5555
8480 1120 -7.3125  0.4517 68.3108
8800 1120  3.5478  0.0534 51.9212
9120 1120  3.9683 -0.0056 55.1024
9440 1120  5.0120  0.2046 166.8373
9760 1120  3.4294  0.0568 84.1350
10080 1120  1.4220  0.0488 58.5230
10400 1120  0.0498  0.0447 69.7418
10720 1120  2.3597  4.0704 60.9529
11040 1120  7.6368  5.3758 62.1170
11360 1120 -0.0585 -0.0675 42.5895
11680 1120 -0.0014 -0.0005 102.0926
12000 1120 -0.0003  0.0034 5901.3684
2720 1440  0.0037 -0.0020 389.9434
3040 1440  0.0206 -0.0077 54.2097
3360 1440  0.7018 -1.0787 153.3990
3680 1440 -4.5706  1.8552 61.3216
4000 1440 -0.0116  0.0082 89.9039
4320 1440  0.0189  0.0044 82.8179
4640 1440 -4.4645  0.1403 45.4246
4960 1440  0.0815 -0.0897 93.7403
5280 1440  0.0634  1.8769 76.7844
5600 1440 -2.0128 -0.0470 68.8451
5920 1440 -2.9721 -0.0130 80.6393
6240 1440  0.1268 -0.0107 157.5154
6560 1440  2.7665 -0.0595 99.0419
6880 1440 -5.3369  0.9105 75.5595
7200 1440 -1.3709  0.0421 101.6249
7520 1440  2.1454  0.0499 53.2086
7840 1440 -0.8932 -0.0231 48.4702
8160 1440  0.5905 -0.0130 52.9720
8480 1440  1.4208  0.0051 103.1663
8800 1440 -1.2092  0.1453 59.9224
9120 1440 -4.6959  0.0039 98.5683
9440 1440  0.4351  0.1025 78.6424
9760 1440 -1.1323 -0.0004 90.6289
10080 1440  4.0054  0.0472 53.4486
10400 1440 -2.3230 -2.2083 71.4586
10720 1440  3.7821  0.1269 75.2570
11040 1440 -3.8616  0.0318 69.7346
11360 1440 -6.0487 -2.0860 66.3843
11680 1440 -3.5028 -0.0267 99.9893
12000 1440  0.0164  0.0321 56.8827
12320 1440 -0.0060 -0.0043 572.5100
2080 1760 -0.3333     NaN 1023.9999
2400 1760  0.0101  0.0037 203.7779
2720 1760 -1.0170  0.6345 64.6067
3040 1760 -0.0599  0.0508 154.6647
3360 1760  7.3531 -2.7037 77.8823
3680 1760  2.1548 -0.1550 114.0249
4000 1760  0.0064  0.0201 56.4785
4320 1760 -3.6530  5.0438 68.4767
4640 1760  0.0731 -0.0120 86.9897
4960 1760  0.0700  0.0033 104.7997
5280 1760 -4.9800 -3.0239 68.6973
5600 1760 -1.7797  0.0264 76.5429
5920 1760 -2.1128  0.1128 61.8211
6240 1760  0.0122  0.0554 116.2218
6560 1760  1.5628 -0.0036 108.0212
6880 1760  2.1144 -0.0429 61.3258
7200 1760  0.0099 -0.0012 135.6715
7520 1760 -0.7728  0.0781 56.1838
7840 1760 -0.8274  0.0634 56.9733
8160 1760  0.3617  2.4262 63.1640
8480 1760  4.8017  0.1191 89.5441
8800 1760  3.5300 -0.0775 54.2986
9120 1760  3.3608  0.5465 73.1020
9440 1760  3.8516 -0.0717 50.9488
9760 1760 -4.6390  4.3412 137.9869
10080 1760 -0.4009 -0.0960 65.1663
10400 1760  3.0382  2.0909 102.9655
10720 1760  7.6515  3.4750 43.2434
11040 1760 -0.6759 -2.5723 57.7474
11360 1760 -0.3064 -2.7308 70.2212
11680 1760  4.5967  3.9481 115.6964
12000 1760 -1.5099 -5.8362 100.6761
12320 1760  0.0470  0.0300 47.1993
12640 1760 -0.0054  0.0014 274.1235
2080 2080  0.0020 -0.0015 167.7976
2400 2080  0.0028  0.0098 65.0453
2720 2080 -1.3835  2.7436 76.1307
3040 2080 -0.1387  1.3490 78.1539
3360 2080 -0.0458  0.0577 118.5830
3680 2080 -6.1535  0.0999 71.7115
4000 2080 -1.3832  0.1177 78.3846
4320 2080 -1.6308  0.0314 71.8920
4640 2080  0.1194 -0.1307 99.4525
4960 2080  0.9489  0.1373 81.0605
5280 2080 -0.0593  0.0682 98.2849
5600 2080  0.0277  4.3592 113.5622
5920 2080 -7.6593  3.2383 69.1504
6240 2080  0.1590  0.0611 132.7696
6560 2080  1.3892  0.2771 148.6437
6880 2080 -8.6817  5.0294 62.4499
7200 2080  0.0420 -0.0273 157.8911
7520 2080 -1.6382 -0.0399 44.9492
7840 2080  2.3976 -0.0719 62.0147
8160 2080 -1.0320 -0.1037 55.3019
8480 2080 -0.0510 -0.0209 94.3991
8800 2080  2.3175 -0.0480 59.4433
9120 2080  2.6137 -0.1189 70.1723
9440 2080  1.5829  3.9264 67.8764
9760 2080 -6.9814 -0.9916 53.0076
10080 2080 -5.2977 -3.4534 75.7376
10400 2080  4.4432  2.8190 94.8987
10720 2080 -2.6108  0.0296 100.8044
11040 2080 -5.7103 -1.0275 53.4334
11360 2080 -2.4238 -1.7599 49.4122
11680 2080 -5.2013 -0.1070 68.2096
12000 2080  6.2960  2.3598 79.2908
12320 2080  4.0516  0.1134 53.1156
12640 2080  0.0240  0.0282 43.0692
12960 2080  0.0013  0.0010 223.0083
1760 2400 -0.0005  0.0007 202.5908
2080 2400  0.0101  0.0751 70.6821
2400 2400 -0.0141  0.0120 100.4995
2720 2400  0.0156 -0.0161 198.6525
3040 2400 -2.9480  1.2632 71.3803
3360 2400 -0.1175  0.1120 116.7096
3680 2400  0.0113  0.0629 167.6647
4000 2400  0.1526 -2.0822 160.2723
4320 2400 -0.0697 -0.8440 62.6289
4640 2400 -7.0817  0.1227 70.7694
4960 2400  1.3185  0.1094 60.6803
5280 2400  0.0116 -0.0144 114.3104
5600 2400 -1.5456  0.0746 78.4868
5920 2400 -2.3082  0.0237 78.3119
6240 2400  1.3782  0.0378 114.3555
6560 2400 -0.6121 -1.4554 57.9088
6880 2400  0.0955 -6.6250 65.5906
7200 2400  1.2164  3.9767 84.8170
7520 2400  1.2018  0.0217 42.3814
7840 2400 -0.3581 -0.0796 59.8521
8160 2400 -0.3201 -0.0385 75.0769
8480 2400  0.8350 -0.1242 73.2025
8800 2400 -8.8998 -2.0704 98.2578
9120 2400  1.9730 -0.1181 54.5549
9440 2400  5.1455  0.0106 78.2967
9760 2400 -0.0824 -0.1267 55.4634
10080 2400 -1.3134 -2.7528 62.5993
10400 2400 -4.9388 -0.2881 53.0685
10720 2400 -0.0867 -0.3810 53.7458
11040 2400 -2.0296 -3.3272 72.6805
11360 2400  5.9236  6.5854 148.0285
11680 2400  0.9199  6.0786 67.0365
12000 2400  1.3704  2.7077 63.1423
12320 2400 -6.1292 -6.4881 70.3436
12640 2400  3.3843  0.1232 86.0498
12960 2400 -0.0137 -0.0015 46.8470
13280 2400  0.0035 -0.0027 286.8671
1440 2720  0.0021  0.0033 390.2828
1760 2720  0.0496 -0.0363 61.3762
2080 2720 -0.0164  0.0256 104.9767
2400 2720 -0.0346  0.0419 89.0336
2720 2720 -0.0074 -0.0172 96.7217
3040 2720  0.0287 -0.0906 171.6304
3360 2720 -2.8662  1.1673 84.4179
3680 2720  0.0244 -0.0049 147.3580
4000 2720 -0.0585 -0.0397 249.9419
4320 2720  0.0376 -0.0515 210.1891
4640 2720  1.8041 -0.1585 63.3039
4960 2720  0.0886  0.0129 82.5204
5280 2720  0.1398 -0.0711 84.4187
5600 2720  7.3929 -6.9624 101.4866
5920 2720 -1.4094  0.1079 89.8594
6240 2720  2.2534  0.0408 109.3367
6560 2720 -0.0965 -0.0071 102.8232
6880 2720 -8.7242  0.1142 69.3414
7200 2720  1.2433 -0.0482 89.4853
7520 2720 -9.5079  0.0216 55.7764
7840 2720 -1.0636 -2.5467 106.1615
8160 2720 -3.3805 -0.4938 75.2977
8480 2720  6.4038  0.0577 153.3776
8800 2720 -1.7777 -0.0057 50.8176
9120 2720  2.3820  5.5983 82.5585
9440 2720  3.0251 -0.2525 66.2509
9760 2720  0.6332 -2.3994 47.3354
10080 2720  7.9519 -3.4488 66.2784
10400 2720 -1.0489 -5.3418 85.8198
10720 2720 -0.0258 -0.1468 78.6542
11040 2720  5.6279  6.3503 193.2432
11360 2720 -5.6487 -2.9398 73.9351
11680 2720 -0.0515 -1.1066 84.8842
12000 2720 -6.6731 -5.6820 81.5315
12320 2720  3.6882  0.3893 79.4033
12640 2720 -1.9665 -2.5878 47.5147
12960 2720  0.0395 -1.5829 55.8297
13280 2720 -0.0020 -0.0103 48.7912
13600 2720 -0.0009 -0.0006 649.3076
1120 3040  0.0016  0.0099 3030.7095
1440 3040 -0.0660  0.1023 51.5820
1760 3040 -0.0641  5.3739 70.8134
2080 3040  0.0331 -0.0304 91.2884
2400 3040  0.0285 -0.0278 117.3324
2720 3040 -0.0668  0.0590 75.0803
3040 3040  8.0028 -8.0034 106.0803
3360 3040  0.0881 -5.4345 76.5556
3680 3040 -1.1131  2.8327 47.9720
4000 3040 -0.1275  0.8410 91.6559
4320 3040  8.0130 -5.0557 67.9513
4640 3040 -0.0962  1.4883 86.2048
4960 3040  0.1014 -0.1353 100.4914
5280 3040  1.4770 -0.0935 58.5886
5600 3040 -0.0510  0.0475 100.8554
5920 3040  0.0687 -0.0452 60.6484
6240 3040  2.3786  0.1071 86.7718
6560 3040 -2.5653 -0.0295 95.2298
6880 3040 -0.4573  0.0333 60.7936
7200 3040  3.5623  2.4932 80.1134
7520 3040 -2.0589  1.5000 43.6078
7840 3040  0.9487  6.2297 136.2306
8160 3040  0.0685  6.6293 260.3031
8480 3040 -3.9470 -1.4311 75.0175
8800 3040  0.4088 -0.0071 54.9893
9120 3040  0.9961 -0.1579 64.5049
9440 3040  2.1022  3.5615 64.9624
9760 3040  1.2175 -3.8188 54.1839
10080 3040 -3.9973 -6.6336 78.9935
10400 3040 -1.7172  2.2688 47.5872
10720 3040  3.2823  6.3462 92.4266
11040 3040 -2.7095 -4.3439 66.9812
11360 3040  0.0593 -3.9073 152.9214
11680 3040 -0.0793 -7.4651 92.9859
12000 3040  0.0221  2.2381 83.3214
12320 3040  0.0256 -3.9313 61.8360
12640 3040 -0.6462 -0.9792 55.9324
12960 3040 -3.7463 -3.3914 60.5790
13280 3040  0.7657  0.8224 50.8594
13600 3040 -0.0076 -0.0000 59.9415
13920 3040 -0.0008  0.0060 6269.5801
800 3360     NaN -0.0619 3583.9990
1120 3360  0.0055 -0.0185 88.9261
1440 3360 -1.7729  6.0737 65.8578
1760 3360 -0.0200  1.0008 52.9968
2080 3360 -6.6001  0.0324 50.9154
2400 3360 -0.0990  0.0662 83.4457
2720 3360  0.0027 -0.0393 118.6656
3040 3360 -0.0618 -0.0149 96.2294
3360 3360 -0.0421  0.0236 121.2548
3680 3360  4.2947 -0.4910 89.9724
4000 3360  3.3435  3.6953 63.6091
4320 3360  0.0738  3.5695 165.8224
4640 3360 -0.0819 -0.0051 96.5747
4960 3360  1.3941  2.2421 82.1522
5280 3360 -0.1354  0.1407 72.4729
5600 3360  0.0156 -0.0458 116.1363
5920 3360 -0.0550 -0.0219 78.4160
6240 3360  0.2229  0.0235 90.5998
6560 3360  2.0893 -2.9428 58.1209
6880 3360 -0.7290 -0.3181 54.9889
7200 3360 -1.6271 -3.7865 74.0758
7520 3360  2.7052 -0.8333 51.6913
7840 3360  2.6085 -0.5725 90.2540
8160 3360 -1.4103  0.0908 107.3218
8480 3360  0.6092  0.0349 45.4061
8800 3360 -1.4041 -0.7996 67.4780
9120 3360  2.1815  3.4024 100.4245
9440 3360 -0.0405 -1.9312 67.9675
9760 3360 -3.9593  2.1245 57.5308
10080 3360  2.1072  7.8615 149.0896
10400 3360 -4.9223  1.0439 69.1338
10720 3360  5.0631 -2.5677 65.9371
11040 3360 -8.0207 -1.3098 58.1810
11360 3360  0.9856  0.0671 101.3689
11680 3360  0.1056  5.1420 93.1842
12000 3360  1.1893 -0.1195 123.7365
12320 3360  0.0899 -1.2054 75.2658
12640 3360  1.4252  3.7495 57.9347
12960 3360 -0.0201  1.6316 59.4977
13280 3360 -1.0243 -3.6926 48.0809
13600 3360  0.0526  1.7328 49.1536
13920 3360 -0.0002  0.0016 110.9304
800 3680  0.0017 -0.0026 351.0916
1120 3680  5.4087 -6.7046 42.3001
1440 3680 -0.0677  0.0666 119.9955
1760 3680 -0.0600  0.0891 66.3035
2080 3680 -0.8101  0.6963 47.1942
2400 3680 -4.3114  0.5679 49.6301
2720 3680  0.0636 -0.0100 71.4145
3040 3680  0.0118  0.0140 136.7058
3360 3680 -1.5763 -0.0690 88.3203
3680 3680  0.0084 -3.1577 69.5713
4000 3680  2.0840 -2.0337 114.6449
4320 3680 -0.1251 -5.8865 72.4268
4640 3680  7.9581 -7.0432 56.5133
4960 3680 -0.0473  0.0021 124.2752
5280 3680  1.0636  6.6029 49.2880
5600 3680 -0.1494  1.0868 85.2090
5920 3680 -0.0818  0.0652 93.0710
6240 3680 -1.9159  0.0932 76.1965
6560 3680  1.3007  3.5455 61.1930
6880 3680 -6.2785  4.0935 89.6873
7200 3680 -8.0601 -2.2260 90.4553
7520 3680 -0.4254 -0.0429 87.1482
7840 3680  0.3891 -0.1305 59.2246
8160 3680 -0.0247  0.0806 54.9914
8480 3680 -5.7260 -1.0336 60.9490
8800 3680  0.0181 -3.5267 51.3489
9120 3680  3.7575  1.1870 122.6449
9440 3680 -3.2047 -1.0734 44.5897
9760 3680  0.0801  0.0811 48.4171
10080 3680  5.1779 -6.6150 76.1735
10400 3680  3.0455  6.0088 53.5734
10720 3680 -3.3595 -3.7136 51.5672
11040 3680 -0.1087 -0.0792 137.5001
11360 3680  2.6300 -0.0169 68.4721
11680 3680 -0.0117 -0.0013 98.9741
12000 3680 -0.0270  0.6868 88.0636
12320 3680  0.2686  0.0516 50.2069
12640 3680 -0.0864 -4.0793 57.1863
12960 3680 -4.0802 -4.7490 42.2620
13280 3680  0.7181  3.3683 60.1657
13600 3680 -6.7793 -1.0576 109.2077
13920 3680 -0.0053 -0.0196 43.3183
14240 3680  0.0019  0.0032 627.5370
480 4000     NaN  0.0000 6826.6650
800 4000  0.0070 -0.0060 64.6167
1120 4000  2.3011 -3.3969 45.1099
1440 4000  7.3241 -8.7719 106.5249
1760 4000 -0.0353  0.0794 58.2171
2080 4000 -0.0206  0.0677 118.4000
2400 4000 -0.1174  5.6554 63.1162
2720 4000 -0.0858  4.8441 51.9528
3040 4000  0.0367  2.6213 43.8590
3360 4000 -4.6845  2.1814 49.0493
3680 4000  3.1364  0.6310 64.5205
4000 4000 -3.7094 -2.2822 38.1164
4320 4000  1.6072 -7.3175 88.5009
4640 4000  0.0048  0.0377 115.5354
4960 4000 -0.0429  0.0612 149.9366
5280 4000  2.3091 -0.1029 85.3457
5600 4000 -1.4480 -0.1277 75.0232
5920 4000  1.0818  4.5881 68.5254
6240 4000 -2.1511 -1.7273 73.7370
6560 4000  4.8457 -0.0027 65.1258
6880 4000 -8.7697 -7.1977 252.9024
7200 4000 -2.7773 -4.3866 69.5463
7520 4000  0.0764  0.0748 93.6238
7840 4000 -1.4102  0.0935 93.3172
8160 4000  0.9050 -8.9067 95.1876
8480 4000  3.0510 -0.0217 55.7152
8800 4000  2.3956  4.2129 142.7354
9120 4000 -0.8139  0.1335 99.5620
9440 4000  5.3541  3.5307 77.0455
9760 4000 -0.6902  4.3802 49.0342
10080 4000  1.7272  5.7966 47.9908
10400 4000 -2.6011 -0.0244 58.0126
10720 4000  0.1039  0.1311 64.1623
11040 4000 -0.0607 -0.0701 78.2875
11360 4000  0.3223  0.2756 76.1407
11680 4000  0.1066  1.1912 58.8157
12000 4000 -5.2910 -0.2050 51.5110
12320 4000  2.2730  0.0043 52.6157
12640 4000  0.2226  0.0457 59.9520
12960 4000 -0.1205 -2.5728 48.8534
13280 4000 -0.8575 -5.2770 124.3786
13600 4000  1.8587  7.2507 93.9100
13920 4000  6.4520  8.4382 118.7078
14240 4000 -0.0035 -0.0019 75.8816
14560 4000     NaN -1.6667 5851.4270
480 4320  0.0008  0.0001 306.3164
800 4320  0.0896 -0.0387 94.1263
1120 4320 -0.0349  0.0072 129.5262
1440 4320  0.0818 -0.0856 73.6280
1760 4320  0.0793 -5.3947 55.0875
2080 4320  6.2369 -6.3135 93.6617
2400 4320  0.0501 -0.0497 123.1572
2720 4320 -0.1486  0.1655 119.5691
3040 4320 -2.2891  3.9576 49.5415
3360 4320 -0.0573  0.0191 37.8167
3680 4320  0.8051  2.6295 54.0379
4000 4320 -0.0751  2.6382 59.8511
4320 4320  2.6458  5.1010 74.2094
4640 4320 -0.0169  0.0932 115.5010
4960 4320 -0.0393 -0.0127 129.7207
5280 4320  2.0766  0.0275 104.7151
5600 4320  0.0284  0.1416 92.8520
5920 4320  1.7110  0.1162 94.8222
6240 4320 -0.6370  5.1230 84.9836
6560 4320  0.3312 -0.0383 102.5756
6880 4320 -0.0066  1.6007 105.6859
7200 4320 -0.0764  6.7207 63.2047
7520 4320  0.7385  4.9148 63.8672
7840 4320 -8.9598 -0.0005 115.5446
8160 4320  4.0073  2.0819 106.6024
8480 4320 -0.3816 -0.0036 49.5909
8800 4320  0.0922  0.2368 55.6025
9120 4320 -1.1630 -0.0074 76.5400
9440 4320 -1.0964  2.8699 75.9184
9760 4320 -2.5307 -6.4665 77.7153
10080 4320 -7.6236 -5.9391 63.9055
10400 4320  4.1442 -7.0292 58.5501
10720 4320  1.3223 -7.2732 78.0121
11040 4320  3.1138  1.1305 57.7801
11360 4320  2.6774  4.2341 53.1009
11680 4320 -0.0719 -0.6057 54.5769
12000 4320 -1.2493 -7.8908 60.3051
12320 4320 -1.6630 -0.0502 60.7442
12640 4320 -2.3818 -6.9276 91.3722
12960 4320  6.3243  3.3721 59.2181
13280 4320  6.2562  8.0264 120.7031
13600 4320 -0.2764 -2.9467 71.3240
13920 4320 -4.0042 -7.6130 134.3827
14240 4320  0.0195  0.0268 50.2647
14560 4320 -0.0003  0.0032 570.7778
160 4640     NaN  2.1667 4551.1105
480 4640  0.0072 -0.0159 74.0679
800 4640  0.0300 -0.0470 115.6581
1120 4640 -0.0003 -0.0060 127.8960
1440 4640  0.0185 -0.0824 105.6026
1760 4640  0.0201 -0.0305 120.6001
2080 4640 -0.0999  0.1150 82.9179
2400 4640  0.0283 -0.0709 106.0316
2720 4640  3.3415 -8.7746 54.9396
3040 4640 -0.0179 -0.0478 197.1364
3360 4640 -0.0707  0.1109 108.7637
3680 4640 -0.0945  0.1581 77.7468
4000 4640 -2.9713  1.9344 56.6095
4320 4640  6.0818 -5.5647 69.7456
4640 4640 -0.0161 -0.0234 99.4198
4960 4640 -0.0037  0.1110 151.7945
5280 4640  2.1967  7.0094 99.5795
5600 4640  1.9062  5.8021 84.4246
5920 4640 -8.6990  0.9523 83.0107
6240 4640 -0.0242  0.0362 115.6269
6560 4640 -1.1243 -0.0998 74.4498
6880 4640  0.1001 -0.1257 118.4272
7200 4640  2.4955  2.0971 89.7981
7520 4640 -0.3627 -4.8932 80.0027
7840 4640 -9.2855  0.0161 82.8211
8160 4640  3.6879  0.2298 85.5339
8480 4640  4.4311  3.3009 89.9062
8800 4640 -4.6028 -1.6164 69.7372
9120 4640  1.0347 -6.1922 53.3415
9440 4640  0.0363 -2.0452 64.9002
9760 4640  3.2263  1.9524 171.0128
10080 4640 -5.4554 -1.9427 102.1717
10400 4640  3.5499  3.1720 76.8413
10720 4640 -0.1781 -0.2178 76.7802
11040 4640  0.7962 -1.3154 89.6799
11360 4640  0.0675  0.0080 156.5321
11680 4640 -8.9336 -3.8842 56.8669
12000 4640  2.8828  7.6437 119.8960
12320 4640  0.0232  0.1357 94.1934
12640 4640  4.6179  6.5607 88.0741
12960 4640  0.1072  5.8134 124.7618
13280 4640 -3.9963 -6.9640 111.1635
13600 4640 -0.0277  0.5371 81.3939
13920 4640  1.6784  5.2873 66.0887
14240 4640  0.0231  0.8888 64.6088
14560 4640 -0.0007  0.0031 88.2450
160 4960 -0.0007  0.0006 2610.3220
480 4960 -0.0229  0.0501 48.3475
800 4960 -0.0211  0.0665 80.7035
1120 4960 -0.1327  0.1172 108.1654
1440 4960  0.0581 -0.0551 99.4931
1760 4960  0.0479 -0.0575 133.9481
2080 4960 -0.0100  0.0272 115.9473
2400 4960 -0.0472  0.0430 94.3707
2720 4960 -0.0255 -0.0110 142.2694
3040 4960  6.5512 -8.9198 130.1153
3360 4960  0.0730  0.0216 88.0501
3680 4960 -0.0444  0.0279 116.3859
4000 4960 -0.0881  0.0958 172.5985
4320 4960  0.0190  3.2571 68.6499
4640 4960  1.4613  5.1974 76.6896
4960 4960 -0.0533  0.0349 111.4890
5280 4960  8.0091 -6.8915 112.2765
5600 4960  5.6481 -1.8606 148.0637
5920 4960 -3.7234 -0.6877 56.9108
6240 4960 -0.0301 -7.9155 74.4907
6560 4960 -0.7768  1.7937 83.3844
6880 4960  0.8726  3.7471 91.7235
7200 4960  1.2091 -2.9085 73.5864
7520 4960  4.0451  0.0232 83.8758
7840 4960 -0.0552 -0.0516 87.3888
8160 4960  1.4961 -5.2246 101.3490
8480 4960 -3.9201 -5.2122 83.3489
8800 4960  4.3168  4.3179 82.5793
9120 4960 -0.1728 -3.9768 83.5397
9440 4960  1.9586 -1.2713 81.5312
9760 4960  6.2786 -5.0190 116.4439
10080 4960  4.4995  3.4823 86.5806
10400 4960  2.8967  0.9442 83.2156
10720 4960  4.2304  0.6841 78.9909
11040 4960  5.9636  5.2995 49.0651
11360 4960 -7.5465 -2.2723 66.1401
11680 4960  1.1264  6.3653 138.7602
12000 4960 -5.1593  0.0974 96.9371
12320 4960  6.2422  2.7001 68.7189
12640 4960  0.1925  1.6054 69.2881
12960 4960  0.0268 -2.5121 67.7082
13280 4960  0.0232  0.6244 59.3997
13600 4960  0.1206  0.7069 76.2645
13920 4960 -0.0067 -0.5498 69.5609
14240 4960 -0.3018 -0.0591 131.6280
14560 4960 -0.0163 -0.0461 46.7076
160 5280 -0.0001  0.0013 154.0699
800 5280 -0.0787  0.5000 58.5143
1120 5280  0.0135 -0.0361 66.6868
1440 5280  0.0728 -0.1057 92.3032
1760 5280 -2.7774  1.7262 65.3973
2080 5280 -0.0427  0.0167 94.5369
2400 5280  0.0285 -0.0683 136.8482
2720 5280  0.0645 -0.1116 82.0637
3040 5280 -0.0665  0.0333 134.4850
3360 5280 -0.0395  0.0522 164.0197
3680 5280 -0.0835  2.2901 95.8667
4000 5280  0.0637 -4.4666 100.0076
4320 5280  4.5086 -8.0995 109.5324
4640 5280 -2.1512  0.0588 104.6820
4960 5280  0.8122  5.3151 108.4254
5280 5280 -0.0260  2.1184 132.2668
5600 5280  0.0680 -5.3294 89.0185
5920 5280  4.4945 -0.0895 78.0163
6240 5280 -7.2555 -6.7794 87.2367
6560 5280  0.5570 -7.0454 103.6813
6880 5280  0.0241 -0.1557 110.9724
7200 5280  0.1452 -2.5617 62.2234
7520 5280 -3.0025  7.0349 76.6511
7840 5280 -3.7054  2.3236 83.7650
8160 5280 -1.7162  0.0123 118.3762
8480 5280  4.0132  4.2868 73.6533
8800 5280 -5.4890 -7.0671 96.2604
9120 5280  0.0786  1.6202 102.0926
9440 5280  0.1395  0.1197 78.7874
9760 5280  5.2764  1.4903 87.4927
10080 5280  3.6233  2.2738 52.8736
10400 5280 -6.9921 -4.7605 103.1092
10720 5280  4.2453  3.5221 81.2508
11040 5280  0.0635  0.7228 98.7412
11360 5280 -5.2703 -1.5854 48.2797
11680 5280 -0.0604 -6.6157 225.7096
12000 5280  3.3541  4.9236 88.4719
12320 5280  0.0360 -2.6199 84.2248
12640 5280 -1.3935 -7.9842 78.2180
12960 5280 -0.4096 -0.1051 99.8664
13280 5280  6.6895  4.0082 115.1909
13600 5280 -1.9949 -2.3267 132.2596
13920 5280 -0.0340 -3.3708 170.4329
14240 5280  0.1327  6.7351 77.1386
14560 5280  2.5213  9.0377 84.0760
160 5600  0.0001 -0.0006 73.6094
1760 5600 -0.0381  3.8590 57.6988
2080 5600 -1.9057 -0.0839 56.6149
2400 5600 -0.1034  0.1334 70.7073
2720 5600 -0.0771  0.1209 110.6270
3040 5600  0.0922 -0.0566 124.5755
3360 5600 -0.0587  0.0038 102.5045
3680 5600 -0.0021  0.0068 88.7214
4000 5600  0.0469  4.4191 122.7177
4320 5600  1.5134  5.7746 122.6322
4640 5600  7.1099 -7.0928 81.2330
4960 5600  0.6545  0.0059 100.0751
5280 5600 -8.2251 -5.5311 152.1752
5600 5600  0.0686  0.0817 97.2102
5920 5600  0.0724  0.0319 114.7365
6240 5600  1.2778  4.8898 173.4925
6560 5600 -2.5470  5.0662 92.4157
6880 5600  3.7434 -0.0314 70.5438
7200 5600 -0.0502  0.0249 66.6097
7520 5600  0.0989 -0.0201 54.1552
7840 5600 -0.6746 -5.8531 112.4820
8160 5600  3.7438  0.0008 96.7651
8480 5600  2.1275  0.6936 47.8498
8800 5600 -6.3050  6.3664 50.3501
9120 5600 -0.0552  4.5157 65.4836
9440 5600 -0.1371  1.6171 69.4762
9760 5600 -8.0311  5.5998 58.9490
10080 5600  6.0374  3.2664 66.1674
10400 5600  1.0461  5.8388 123.3873
10720 5600  2.2768  0.1259 115.0566
11040 5600 -7.2522 -2.2215 77.5088
11360 5600  0.0283 -3.7276 105.4281
11680 5600  7.8962 -1.6705 134.9044
12000 5600 -0.2539 -5.8947 66.6869
12320 5600 -6.0328 -0.1696 62.5041
12640 5600  0.0503  4.0281 83.9655
12960 5600  2.9106  5.9706 62.1154
13280 5600 -1.6765 -2.9273 90.0144
13600 5600  4.1009  7.7808 120.9466
13920 5600  0.0014  4.6182 94.1172
14240 5600 -0.0081 -4.1024 79.7245
14560 5600  0.0305 -3.3905 63.2945
160 5920  0.0000  0.0000 51.3929
2720 5920 -0.1205  0.1547 71.5706
3040 5920 -0.0927  0.1021 113.0495
3360 5920  0.0863 -0.1435 131.4532
3680 5920  0.0171  2.4605 84.8496
4000 5920  6.6248 -7.0075 81.4184
4320 5920 -1.4455  1.9290 97.8820
4640 5920 -0.0807  2.0383 97.7075
4960 5920  3.5115 -0.0723 80.6907
5280 5920  0.0904  1.2444 158.0600
5600 5920  0.0645  2.2186 61.4939
5920 5920 -1.4433  0.1225 81.2389
6240 5920  4.9948 -6.9732 112.2580
6560 5920  3.0603 -7.7535 61.5434
6880 5920  0.9882 -4.4918 79.5021
7200 5920 -0.6383 -5.2121 59.9790
7520 5920 -0.0891 -1.7129 63.4450
7840 5920 -0.0359  0.0088 85.6765
8160 5920  0.7923  0.1582 75.9611
8480 5920  0.0264 -0.1275 67.2590
8800 5920  0.0042 -0.0191 74.9250
9120 5920 -0.1369 -1.1438 70.6273
9440 5920  2.5866 -9.5640 84.9197
9760 5920  7.2438 -3.2190 75.0659
10080 5920 -2.7389 -3.7453 56.9440
10400 5920  6.0420 -2.5669 156.6214
10720 5920 -6.6619 -4.6369 143.6722
11040 5920 -2.6873 -1.5294 91.6114
11360 5920  6.2940  1.0994 93.9854
11680 5920 -6.5242 -0.3242 124.1833
12000 5920  2.2788 -0.1464 57.8033
12320 5920  7.3720  2.0297 41.9208
12640 5920 -0.0875 -4.8846 88.1845
12960 5920  5.5601 -3.0267 79.6127
13280 5920  0.0776 -4.9627 71.1500
13600 5920 -5.2840 -8.7171 122.6091
13920 5920  0.0153 -6.6016 77.2148
14240 5920 -0.0156  3.0393 67.5640
14560 5920  0.0522  1.3032 55.1950
160 6240  0.0005  0.0048 43.1384
3040 6240 -0.1006  0.1660 50.3961
3360 6240 -0.1482  0.1539 91.6502
3680 6240 -0.0403  0.0805 121.9195
4000 6240 -3.9741 -0.0204 94.8360
4320 6240  7.9597 -2.7609 60.7139
4640 6240  4.9971 -4.6481 94.5558
4960 6240  0.0195  5.2438 97.0516
5280 6240  0.0976 -6.9562 132.5626
5600 6240  3.1196 -2.1147 52.9878
5920 6240 -0.3700  2.6607 56.0581
6240 6240 -0.1102  1.5301 64.5293
6560 6240  1.7816  4.8184 82.2815
6880 6240  1.3668  0.0460 86.2285
7200 6240 -1.7012  0.1127 74.3584
7520 6240  0.8950 -3.9141 78.7549
7840 6240  2.1462  1.9594 50.4751
8160 6240  1.9267  1.7769 51.6321
8480 6240  3.4266  5.4417 66.7538
8800 6240 -0.0159 -0.0825 88.3956
9120 6240 -7.2952  1.4199 55.9411
9440 6240  4.9477  0.0318 77.6812
9760 6240  0.5909  0.1075 72.7250
10080 6240 -1.3461  1.0626 145.5418
10400 6240 -3.6315 -6.6528 140.6824
10720 6240  1.6902 -6.5824 61.1375
11040 6240  0.1483  6.7864 157.2301
11360 6240  1.8533  2.8818 77.5742
11680 6240  4.3543  0.0730 97.0534
12000 6240  1.5049 -3.0470 58.4437
12320 6240 -7.1981 -0.0824 96.9583
12640 6240  0.1606  7.2865 85.4042
12960 6240  0.2134  8.1851 91.7535
13280 6240 -0.1071  1.8670 102.0525
13600 6240  0.1964  4.0353 104.7472
13920 6240  0.0707  3.7937 68.6324
14240 6240 -0.0326 -0.0749 77.2311
14560 6240  0.0552 -0.0399 66.0440
3360 6560 -0.0008  0.0808 48.1415
3680 6560 -0.0681  0.0410 122.2309
4000 6560 -0.0204 -0.0048 114.1221
4320 6560 -2.2317  1.2277 99.5821
4640 6560 -0.0448  0.0250 116.1588
4960 6560  0.0775 -8.5523 73.7709
5280 6560  0.0125  0.1109 77.4662
5600 6560  0.2331  1.7122 96.6732
5920 6560  6.5439 -6.0158 92.8310
6240 6560 -3.0488  0.0309 58.3672
6560 6560  0.1568  2.6894 77.1535
6880 6560  1.2721  2.5948 73.1225
7200 6560 -1.2835 -4.9061 66.7928
7520 6560  2.0172  0.0087 81.7565
7840 6560  1.2757 -0.1583 88.8194
8160 6560 -6.4568 -0.0180 75.7776
8480 6560 -5.4321  2.4863 112.3006
8800 6560  0.0896  5.3737 102.5060
9120 6560 -6.5702 -3.5643 77.0091
9440 6560  2.6508  6.1281 78.3865
9760 6560  3.3218  5.7252 77.4774
10080 6560 -6.6982 -5.0419 81.8981
10400 6560  0.1303  8.7815 86.4457
10720 6560  0.0290  7.8887 117.3053
11040 6560  0.0346 -8.3221 137.6130
11360 6560 -3.7348 -8.1153 47.2679
11680 6560  1.3423  5.4435 57.7635
12000 6560 -0.0101 -0.9362 121.2189
12320 6560 -3.5757 -4.2831 59.8576
12640 6560  0.1405 -0.0422 66.0866
12960 6560 -0.4355 -0.3098 46.7875
13280 6560  0.0773 -0.6288 76.4069
13600 6560  0.0733 -3.0447 79.7555
13920 6560 -0.0257  0.6602 81.1390
14240 6560 -0.0130  0.6136 111.7577
14560 6560  0.0066  0.0271 92.1135
3680 6880 -0.1324  0.0893 55.3019
4000 6880 -0.0483  0.0652 95.4578
4320 6880  2.6635 -2.0692 63.4878
4640 6880  0.0065 -1.0197 40.5858
4960 6880 -0.0295  0.9568 80.1976
5280 6880  1.5641  4.1115 146.7257
5600 6880  0.0218 -1.0055 98.5708
5920 6880  0.0063  0.0150 123.6025
6240 6880  6.1740 -0.1262 86.3625
6560 6880 -1.6536 -2.4466 70.2877
6880 6880  4.5601 -5.5489 90.5826
7200 6880 -0.0538  4.0827 83.8091
7520 6880  0.7545  6.5764 63.8303
7840 6880  1.5256  0.5165 69.6300
8160 6880  3.4129  5.4011 81.2643
8480 6880  0.0335  0.0560 69.5020
8800 6880 -0.0212  0.0404 113.0896
9120 6880 -0.0235 -2.3465 83.7366
9440 6880 -0.4613 -0.6585 48.3367
9760 6880  2.1042 -1.9154 51.1942
10080 6880 -0.0189 -0.0894 99.6092
10400 6880  6.4281 -0.0755 72.2039
10720 6880 -8.9928 -0.0091 68.7568
11040 6880 -0.0028  3.1853 126.8472
11360 6880  0.0221  4.8791 71.4994
11680 6880  0.0792  1.8646 51.6928
12000 6880 -4.7791 -7.2814 72.7659
12320 6880 -0.0454  1.3750 74.6932
12640 6880 -1.8016 -7.6928 98.4937
12960 6880  3.6877  3.5072 79.5377
13280 6880 -2.8463  2.0720 75.2593
13600 6880 -0.1047 -1.7418 110.1802
13920 6880  0.0457 -0.8907 80.1745
14240 6880  0.0606 -0.5207 57.9587
14560 6880  0.0100  7.4314 86.2920
4320 7200 -0.0854  1.0455 51.5589
4640 7200  0.0643  0.0807 56.6931
4960 7200  0.8804 -0.1356 80.4059
5280 7200  0.0337  0.0738 145.5409
5600 7200 -0.0751  0.0838 96.5841
5920 7200  0.0046 -0.0254 136.1913
6240 7200 -0.0011 -0.0837 76.8136
6560 7200  0.1005 -0.0241 67.5004
6880 7200  0.2345  0.1164 79.1622
7200 7200  7.8833 -6.3596 350.2318
7520 7200 -5.9109 -0.0818 185.7561
7840 7200  5.1585  0.0800 64.9322
8160 7200 -2.5835 -0.0961 72.1378
8480 7200  0.2546  0.1247 110.0558
8800 7200 -7.9946 -4.3234 85.3439
9120 7200  0.0042 -4.2268 85.0547
9440 7200 -0.0430 -5.1580 71.7641
9760 7200  0.1367  6.8316 75.4337
10080 7200  0.0711  5.6231 124.0009
10400 7200  0.0214 -1.4454 53.5005
10720 7200 -0.0807 -0.8898 91.0454
11040 7200  1.5294  7.6362 66.5152
11360 7200 -6.4934 -5.7117 80.2909
11680 7200 -5.6991 -1.7625 66.9366
12000 7200  1.4885  6.6680 58.3311
12320 7200  0.0669  3.0569 62.4126
12640 7200  2.2951  3.0457 73.9027
12960 7200  3.4272 -0.0791 82.0331
13280 7200  2.9744 -0.8734 68.3908
13600 7200 -2.1854 -1.4125 88.2693
13920 7200  0.0253 -7.5040 72.2899
14240 7200 -0.0392 -5.9514 83.9635
14560 7200  0.0331 -6.4660 96.9201
4960 7520  0.0013  0.1560 77.7573
5280 7520  0.0141 -0.0299 114.9969
5600 7520 -0.1060  2.4940 71.5393
5920 7520 -0.0119  0.6691 108.1696
6240 7520 -8.1079  3.2899 76.4136
6560 7520  0.0242 -0.1405 101.3387
6880 7520  1.9606 -0.0686 73.1867
7200 7520  4.4527  3.2721 86.1865
7520 7520  0.0307  0.0000 74.4051
7840 7520 -0.2707  0.0721 193.9704
8160 7520 -0.0581  0.2479 120.7243
8480 7520 -6.6546 -3.8582 87.4737
8800 7520 -3.5948  1.5936 110.3164
9120 7520 -4.4053  3.6866 92.1793
9440 7520  2.5201  5.1769 71.6915
9760 7520  0.0973 -3.7460 63.2927
10080 7520  0.0678 -2.6816 74.2625
10400 7520 -5.1018  0.8417 52.7841
10720 7520  0.1368  7.4058 91.3119
11040 7520  1.5923  4.4709 62.4367
11360 7520  0.1251  6.4622 76.2395
11680 7520  2.3770  4.6058 87.5678
12000 7520  0.0310 -7.0029 60.4119
12320 7520 -6.4951 -3.4495 90.9693
12640 7520  2.0689  1.3146 76.6983
12960 7520  0.0041 -0.1028 134.9288
13280 7520 -0.0299  0.1195 101.1970
13600 7520 -2.7232  3.6892 93.0480
13920 7520 -0.0515  0.7527 102.8552
14240 7520 -0.1387  0.5197 107.7161
14560 7520  0.0620  0.0583 81.2167
4320 7840 -0.0633  0.0255 75.9216
4640 7840  0.1039 -0.0063 67.7846
4960 7840  0.0469  0.1192 120.4082
5280 7840 -0.0212 -0.0356 128.7394
5600 7840  0.0214  4.1155 86.5138
5920 7840 -5.3662 -8.2934 145.8356
6240 7840  0.1161 -2.1419 122.9136
6560 7840 -3.7954  1.8249 204.4008
6880 7840  1.9474  1.5440 126.8772
7200 7840 -0.0531 -0.1377 87.9144
7520 7840  0.0004 -0.0063 90.0585
7840 7840 -0.2067 -2.7376 56.1777
8160 7840  0.0801 -0.6616 51.1712
8480 7840  0.0579 -0.0985 180.8047
8800 7840  0.0580 -0.0426 149.6748
9120 7840  1.0042 -3.4335 79.6744
9440 7840  0.0570 -0.0513 54.2038
9760 7840 -0.1107 -0.6352 60.5366
10080 7840  0.0402  0.0040 78.4600
10400 7840 -0.0673 -0.1193 74.8611
10720 7840  4.6090  0.1062 64.4928
11040 7840 -0.0727  3.2043 141.2889
11360 7840  0.0222 -1.0065 81.0388
11680 7840 -1.3831 -5.7106 134.0793
12000 7840  1.6196  3.3975 76.4589
12320 7840  0.7722  7.5801 93.5126
12640 7840  6.5537 -0.0014 94.9112
12960 7840 -5.8756 -2.9746 116.3516
13280 7840 -0.0572 -3.2013 54.0229
13600 7840  0.0858 -0.1660 66.8686
13920 7840  0.0432  2.0682 80.8932
14240 7840 -0.0028  0.2419 61.8580
14560 7840 -0.0121  0.2701 67.3217
4320 8160  0.0323  0.0256 65.2553
4640 8160 -0.1449  0.0877 67.2583
4960 8160 -8.1509 -6.3894 96.1698
5280 8160  4.6233 -3.1614 73.8409
5600 8160 -6.6733 -5.1886 79.8831
5920 8160  8.0856  3.2933 145.3223
6240 8160 -5.9494 -0.0287 157.7300
6560 8160  6.4683 -8.4658 116.3466
6880 8160  0.0469 -5.4011 116.9102
7200 8160 -7.0622 -6.7844 102.1013
7520 8160 -0.0325 -5.0172 91.4370
7840 8160 -0.3368 -1.8612 88.8575
8160 8160  0.0751 -4.7976 101.6176
8480 8160  4.6709  5.3985 152.8204
8800 8160 -5.8672 -0.1333 88.0027
9120 8160 -0.3292  2.6109 80.3665
9440 8160  0.0201  0.0779 73.8719
9760 8160  0.0504  2.3616 74.0435
10080 8160 -0.0519  0.2552 55.0845
10400 8160 -0.0077  5.7217 115.4257
10720 8160  5.8231 -3.2848 64.3153
11040 8160 -2.7099 -1.5817 102.1652
11360 8160  0.1175 -0.8798 87.2853
11680 8160  1.5575 -6.7010 107.7366
12000 8160  4.8340  0.2696 119.5226
12320 8160  0.0039  1.5757 63.8332
12640 8160 -1.0802  1.3658 72.8001
12960 8160  0.0813 -0.0169 54.7486
13280 8160 -0.0645 -1.1919 65.2215
13600 8160 -0.0923 -0.4170 70.3377
13920 8160 -0.1004 -0.6466 55.4040
14240 8160 -0.0644  0.4202 94.3587
14560 8160  0.0193 -0.9365 102.6212
1440 8480  0.0141 -4.4095 60.2907
1760 8480  0.1120 -4.4685 68.7989
2080 8480 -0.0239 -0.0273 59.7873
2400 8480 -0.0350  2.6914 57.9041
3680 8480 -0.0519  0.2778 55.3859
4000 8480  0.0497  0.0087 49.1635
4320 8480  1.7223  0.0655 44.0738
4640 8480 -0.0340  1.0149 47.3681
4960 8480 -5.8290 -0.0373 55.4736
5280 8480 -2.8173 -0.4878 63.7853
5600 8480 -0.0876  0.0992 56.8104
5920 8480 -5.6809  1.6393 100.9649
6240 8480  1.3123  0.1502 81.2698
6560 8480  3.6508  4.1801 72.4026
6880 8480  0.0971 -0.9880 428.5351
7200 8480  2.5429  7.0145 240.5426
7520 8480  0.6671  5.7547 68.5327
7840 8480 -0.8622 -0.1231 82.6433
8160 8480  4.3148  1.9180 62.7712
8480 8480  3.2954 -5.6537 131.3348
8800 8480  2.3436  3.6869 110.4699
9120 8480 -0.0151  6.5842 88.7599
9440 8480 -3.0898 -4.2406 64.2024
9760 8480  0.0096 -0.0224 65.6254
10080 8480  0.0264 -4.1735 76.3795
10400 8480  0.0169 -5.1681 104.7096
10720 8480  2.2389  7.2396 83.8156
11040 8480 -0.1449 -2.3289 121.5382
11360 8480  0.1527  6.0764 91.7355
11680 8480  0.1362  0.2641 59.5566
12000 8480  0.0048  0.0586 192.7722
12320 8480 -6.2145  2.4283 73.1105
12640 8480  4.0380  5.9212 99.1481
12960 8480  1.8808 -1.6371 59.2097
13280 8480 -0.1472  3.1995 55.6648
13600 8480  0.0055  7.0049 55.8452
13920 8480  0.0028 -0.9978 68.0506
14240 8480  0.0619  3.9258 75.1814
14560 8480 -0.0162 -4.9106 66.9543
160 8800  0.0033 -0.0010 43.2153
1440 8800 -0.0819  2.5698 69.4305
1760 8800 -0.0172  0.0120 66.5190
2080 8800  0.1109  0.0071 59.9510
2400 8800  0.1070  0.0257 104.0934
2720 8800 -0.0436  0.0859 106.3383
3040 8800  0.1141  0.1410 84.1736
3360 8800  0.0172  0.0778 85.7882
3680 8800 -0.0297  0.0233 130.0732
4000 8800 -3.9400 -0.0671 78.6428
4320 8800  2.6895  0.0672 69.6807
4640 8800  0.0396  0.1631 93.3502
4960 8800  0.0860  3.9367 95.2515
5280 8800 -0.1409  1.7891 58.3564
5600 8800 -0.5498  1.0994 43.6759
5920 8800  0.0781  7.6545 82.0171
6240 8800  3.6084  3.1402 66.0183
6560 8800 -5.4191  3.3051 56.6045
6880 8800  0.3724  2.3338 110.8158
7200 8800  7.3893 -0.0503 118.0650
7520 8800 -9.0775 -0.0233 160.9052
7840 8800  0.7887  0.1507 71.9195
8160 8800  0.0181  3.3218 83.9845
8480 8800 -1.9801 -5.3143 65.7675
8800 8800  0.9022 -4.2179 132.9446
9120 8800 -0.5616 -2.4313 152.2776
9440 8800  3.5522  3.0552 82.7212
9760 8800  0.1353 -0.0412 50.6308
10080 8800  1.8836  2.5771 75.4910
10400 8800 -8.7937 -4.9950 65.1670
10720 8800 -0.0831 -0.5341 117.0055
11040 8800  4.6207 -7.9758 89.5485
11360 8800  0.0036 -5.3244 96.2326
11680 8800  3.9989 -2.2330 55.2455
12000 8800  0.0174 -0.0013 100.3372
12320 8800  0.1353  4.9032 77.2164
12640 8800 -0.0270  0.3083 54.3340
12960 8800  2.0065  3.3613 60.4063
13280 8800 -0.0602 -4.5583 85.5088
13600 8800  2.6279 -6.9123 62.4742
13920 8800  0.0099 -7.3044 76.7977
14240 8800 -0.1162  0.3930 57.1595
14560 8800  0.1533 -0.1476 64.1461
160 9120  0.0001 -0.0007 52.7852
1120 9120 -0.0680  5.3729 63.5744
1440 9120 -0.0284 -0.0328 65.0185
1760 9120  0.0143  0.1111 68.6980
2080 9120 -0.0113  0.0754 120.4788
2400 9120  0.0238 -0.0195 68.3557
2720 9120  0.0728  0.1014 110.5506
3040 9120  0.0595 -0.0284 102.6386
3360 9120  0.0175  0.0426 96.3754
3680 9120 -0.0332  0.0207 131.4672
4000 9120  0.0708  0.0123 129.6372
4320 9120 -0.0039  0.0860 109.9624
4640 9120  0.0130  2.0939 146.1517
4960 9120 -0.0177 -0.1629 114.6528
5280 9120  2.6696  7.7136 92.0795
5600 9120  3.0393  0.0161 108.8619
5920 9120  0.0566 -3.7759 117.4807
6240 9120  0.0143 -0.1151 134.0715
6560 9120 -7.4238 -5.9676 118.9586
6880 9120  0.0130  0.2921 177.0160
7200 9120  0.2831 -0.7742 57.6795
7520 9120  1.6402  0.3120 135.9455
7840 9120  4.6077  3.2063 65.3618
8160 9120  0.1100  1.2127 73.3711
8480 9120 -8.9484 -0.0374 435.5429
8800 9120  0.0426  2.0046 84.2778
9120 9120  1.5207  3.9051 82.5388
9440 9120 -0.8106 -0.6484 64.7223
9760 9120  2.9833  6.0998 63.8870
10080 9120  0.6786  0.0173 88.6889
10400 9120 -0.0551  7.1471 46.6763
10720 9120  3.3706  5.4792 93.5114
11040 9120 -3.2769  0.0405 106.2851
11360 9120  3.4529 -0.0557 73.0659
11680 9120  2.7424  0.0943 75.9571
12000 9120 -0.0195  3.6559 101.0001
12320 9120 -0.0924 -1.7439 78.9679
12640 9120  0.1393 -4.4139 88.3068
12960 9120  0.1243 -4.8365 108.2736
13280 9120  0.0182 -0.9188 57.7125
13600 9120  0.0370  7.9086 64.4969
13920 9120  0.0460  5.3565 84.1852
14240 9120 -0.0366 -4.5323 100.7005
14560 9120  0.0422 -5.0403 107.0566
160 9440  0.0008  0.0024 77.0482
480 9440  0.0451  4.5300 63.7714
800 9440  0.0469  0.6432 62.3162
1120 9440 -0.0092  0.0325 55.6839
1440 9440  0.1215  1.0186 78.0336
1760 9440  0.0845  0.0868 114.7252
2080 9440 -4.5068 -0.0029 53.9765
2400 9440  5.9649  4.2863 67.6812
2720 9440  0.0305  2.9748 91.3863
3040 9440  0.0814  5.1738 125.4933
3360 9440 -0.0042  4.5781 138.8411
3680 9440 -0.0371 -7.9157 51.1069
4000 9440  0.4525 -0.9072 86.5014
4320 9440  2.1130 -0.0288 75.1331
4640 9440 -0.0267 -0.0672 148.3395
4960 9440  0.1104 -6.6937 137.9611
5280 9440 -0.0887 -0.0240 96.2434
5600 9440  0.0125 -0.0099 120.7139
5920 9440 -5.0676 -4.1168 93.8480
6240 9440 -8.2865  0.4195 115.3241
6560 9440  9.2015 -0.1030 46.9045
6880 9440  1.4156  1.2819 97.1184
7200 9440 -6.5959 -0.7498 61.0166
7520 9440  0.0041  5.4660 108.1454
7840 9440  5.5165  0.0216 88.6609
8160 9440  0.0209  0.0493 127.5463
8480 9440 -7.3181 -3.7326 121.2016
8800 9440  3.2193  5.6152 79.4210
9120 9440  5.9280 -7.1652 62.5855
9440 9440 -6.8267 -1.2545 84.9084
9760 9440  2.1902  5.2332 127.3510
10080 9440  0.0544  5.4629 83.3459
10400 9440 -0.0876 -1.2902 58.0092
10720 9440 -1.5046 -5.6927 107.8713
11040 9440  0.0325  0.0601 117.7926
11360 9440  0.8024  2.2325 78.9854
11680 9440 -0.0050  0.0837 132.5191
12000 9440  0.0100 -8.5828 87.4901
12320 9440 -0.0109  5.2677 69.2376
12640 9440 -0.0705  5.7276 77.8009
12960 9440  0.0383  0.7348 70.2766
13280 9440 -0.0825  1.0546 96.6750
13600 9440  0.0724 -0.0420 82.6737
13920 9440 -0.0250 -0.1519 96.4808
14240 9440  0.0496 -4.4307 45.7675
14560 9440  0.0688 -2.4914 67.6655
160 9760  0.0022  0.0114 173.8969
480 9760  0.0745  0.1443 88.9085
800 9760  0.0101  0.0419 68.1340
1120 9760 -1.1457 -6.7821 67.4495
1440 9760 -0.0540  1.8125 67.1350
1760 9760  0.0182  5.1179 73.5811
2080 9760  2.1224  5.0550 61.1926
2400 9760  2.5826  0.7037 55.7650
2720 9760  0.0219  1.3819 114.2100
3040 9760 -0.0402 -6.3470 110.8789
3360 9760  0.0317  0.0620 122.2171
3680 9760 -4.2113  1.7377 96.4329
4000 9760 -2.5630 -1.1211 101.2822
4320 9760  0.0046 -3.2129 71.6437
4640 9760 -0.0562 -7.0634 64.8105
4960 9760  0.1356  4.6231 91.8905
5280 9760 -0.0136  1.7753 95.7167
5600 9760  0.0592  0.0170 75.4164
5920 9760  0.1280  0.0267 109.1482
6240 9760 -6.2034  0.0163 84.0866
6560 9760  0.0005  1.1067 94.5293
6880 9760 -0.7924 -0.0580 71.6562
7200 9760  2.6462  7.3198 155.5170
7520 9760  5.9050 -6.4987 89.3735
7840 9760 -0.0992 -0.0610 74.9825
8160 9760 -5.8141 -4.5470 96.0300
8480 9760 -0.0489 -1.1147 82.9523
8800 9760  0.0657 -0.0769 77.9641
9120 9760 -2.2940  1.8041 83.4283
9440 9760  0.1192 -0.6048 115.9854
9760 9760 -0.3265 -8.3544 88.1359
10080 9760  1.6339  4.0334 77.0589
10400 9760  0.0567  1.4969 80.0098
10720 9760 -1.9916 -7.4074 123.6625
11040 9760  0.1012 -0.0137 69.3542
11360 9760  1.3513  0.9304 80.0440
11680 9760  0.0445  0.6095 99.4692
12000 9760 -0.1554  5.1523 71.9780
12320 9760  0.0139  3.5486 84.2384
12640 9760  5.8566 -7.3138 90.8095
12960 9760 -2.5412  1.3176 103.4534
13280 9760  0.1109  6.7008 83.5557
13600 9760 -0.5670 -2.0086 96.8468
13920 9760 -1.4724  4.6380 86.0367
14240 9760 -0.3572  0.6822 105.6478
14560 9760 -0.0002  0.0027 154.7781
160 10080 -0.0007  0.0037 4736.6937
480 10080  0.0319 -0.0004 46.0617
800 10080  0.0421  1.8783 54.0063
1120 10080  0.0078  0.0064 64.5771
1440 10080  0.0103  1.6789 75.5361
1760 10080  0.0763  1.4793 104.2324
2080 10080  0.1125  0.1014 114.9323
2400 10080 -0.1056 -0.0637 114.1421
2720 10080 -3.9119 -8.6565 99.6602
3040 10080 -0.7501 -5.2131 82.0359
3360 10080 -0.0602 -2.0663 85.0063
3680 10080 -5.2983 -6.5353 70.8794
4000 10080  6.9461  0.7034 77.6839
4320 10080  3.4010 -0.0089 125.5516
4640 10080 -0.0381 -0.0442 115.4348
4960 10080  4.8964 -0.1354 66.8160
5280 10080 -0.2681 -6.5626 62.4726
5600 10080 -0.1036 -7.3037 120.5741
5920 10080  0.0699 -6.8628 65.6734
6240 10080  5.7618 -6.4016 86.1200
6560 10080 -0.0633 -6.0620 85.5453
6880 10080  0.2031  0.1208 73.1461
7200 10080 -0.1430 -2.7321 105.6953
7520 10080  2.8813  5.1874 74.8170
7840 10080 -0.1065 -1.6740 63.0129
8160 10080 -0.1135 -3.4110 70.9723
8480 10080  1.9662  4.5513 104.8945
8800 10080  1.3995 -0.0584 108.9159
9120 10080  0.0897 -8.3146 58.1334
9440 10080 -0.0046 -6.9967 146.6573
9760 10080 -0.9455  0.3038 82.3813
10080 10080  2.5462  0.0433 80.3618
10400 10080 -1.4763 -3.1769 66.5911
10720 10080 -0.0807  2.7773 110.4423
11040 10080 -0.0124  1.0086 94.1918
11360 10080 -0.2808  3.9641 50.6109
11680 10080  0.0017 -5.1800 80.2433
12000 10080  0.0146 -3.8504 77.6359
12320 10080 -0.1052  2.2244 58.0771
12640 10080 -0.0252  0.0644 79.9188
12960 10080 -0.1287  0.0037 73.8972
13280 10080  1.5514 -7.1975 74.2500
13600 10080  0.1415 -7.2851 60.7491
13920 10080 -0.0693  5.0324 88.3109
14240 10080  0.2726 -1.3786 67.8215
14560 10080  0.0121  0.0010 50.6574
160 10400     NaN -0.3333 4551.1102
480 10400  0.0074  0.0212 78.3354
800 10400  0.0312  0.9500 69.7140
1120 10400 -0.0284 -0.0322 96.5670
1440 10400  0.1268  3.2879 91.1140
1760 10400  0.0014 -5.9893 79.2343
2080 10400 -6.9921 -8.7245 132.4766
2400 10400  0.0030 -3.6328 49.7177
2720 10400 -0.0408  0.0446 115.0962
3040 10400  0.1013  0.1016 109.7036
3360 10400 -3.4957  1.3108 78.2933
3680 10400  2.7719  3.5643 59.9766
4000 10400 -2.4663  0.1787 87.7633
4320 10400  2.2012  5.8759 65.9121
4640 10400 -0.0205  0.0270 102.4955
4960 10400 -0.0567  0.0479 114.4767
5280 10400  0.1283  0.0744 86.9818
5600 10400 -2.7860  1.3231 91.1295
5920 10400  2.9711  4.0058 107.0270
6240 10400  3.2666  0.1063 130.7659
6560 10400  2.2223  0.0007 93.7231
6880 10400 -4.6175 -0.5000 107.0904
7200 10400  2.5569  4.6377 56.5584
7520 10400 -0.9854  0.0920 58.4046
7840 10400  0.0065  0.1051 86.9351
8160 10400  0.2651  1.5086 64.2563
8480 10400  3.2879  3.9054 60.8735
8800 10400  0.0062 -7.3367 133.9611
9120 10400  0.8692  5.3589 105.8417
9440 10400 -1.4536  0.0349 102.6288
9760 10400  2.4417 -5.6553 84.9055
10080 10400  2.3380 -0.6059 78.3693
10400 10400 -1.9504 -1.5105 75.1324
10720 10400 -0.0174  0.5202 128.3173
11040 10400 -0.0559 -0.0146 147.0790
11360 10400 -4.7220 -0.0903 61.7377
11680 10400  0.7573  0.3146 64.7629
12000 10400 -0.0143 -0.0315 124.0839
12320 10400 -0.0404  0.0933 70.5145
12640 10400 -2.8001  3.0468 80.5847
12960 10400 -5.9622  4.5713 58.9383
13280 10400  0.0205  1.2133 64.7256
13600 10400 -0.1298  0.1486 103.8756
13920 10400  0.2156 -5.6827 64.8084
14240 10400  6.5908 -5.3592 71.8920
14560 10400  0.0025  0.0090 96.1355
480 10720 -0.0019  0.0073 397.4149
800 10720  0.0761  0.0977 48.8346
1120 10720 -7.2679 -7.6888 86.2632
1440 10720 -5.2541 -7.4954 80.8761
1760 10720 -6.3772 -6.0119 79.6736
2080 10720  2.0260  1.0399 77.8589
2400 10720  4.8910  4.4258 72.4011
2720 10720 -5.5356  4.7432 65.6384
3040 10720  0.1011  1.6398 71.3406
3360 10720  7.0291  1.7096 103.0669
3680 10720 -1.8675  0.1610 95.4187
4000 10720 -5.3118 -1.6189 84.6721
4320 10720 -0.0057  3.8464 127.4912
4640 10720  2.7589  6.0897 93.2101
4960 10720 -1.9720  3.6022 57.5354
5280 10720 -4.9580  0.2968 90.1919
5600 10720  4.6174 -2.9439 80.2313
5920 10720  0.1410 -2.9567 83.2231
6240 10720  3.5735  2.5190 70.1092
6560 10720  5.0794  0.8036 79.0336
6880 10720 -4.0606 -0.0777 115.5527
7200 10720 -1.1714 -6.2829 57.1838
7520 10720  4.0740 -0.0462 74.8137
7840 10720 -8.0041 -5.0910 75.2951
8160 10720  2.5455 -0.1471 82.6716
8480 10720  1.9405  0.0633 70.3548
8800 10720  5.3678  3.3435 107.4526
9120 10720  5.6792 -0.0524 98.8307
9440 10720  2.4636  4.7103 91.0820
9760 10720 -0.0653  5.2776 78.2113
10080 10720 -1.0416 -3.1318 60.7643
10400 10720  6.9868 -0.7138 58.4252
10720 10720 -5.3340 -5.7569 77.2728
11040 10720  4.0102 -0.1212 64.7134
11360 10720  0.0240  3.2541 70.3312
11680 10720  0.0551  0.1152 78.3201
12000 10720 -0.0189 -1.5153 98.4127
12320 10720 -0.0542  0.1055 71.9247
12640 10720 -0.0052  1.4513 70.3022
12960 10720  0.0477 -4.2052 72.7475
13280 10720 -0.0979  2.1093 75.2345
13600 10720 -1.1471  5.0586 69.8422
13920 10720  0.0327  1.5663 52.9547
14240 10720 -0.0023  0.0050 51.2706
14560 10720  0.0013 -0.0045 820.6870
480 11040     NaN -0.3333 10239.9982
800 11040 -0.0088 -0.0104 69.8062
1120 11040 -1.4624 -7.0026 105.6232
1440 11040  1.6424  0.1614 77.0068
1760 11040  2.0813  5.3820 64.6995
2080 11040 -0.8241 -0.1540 41.1439
2400 11040 -0.3887 -0.3799 101.8665
2720 11040 -4.3552  0.9936 75.1469
3040 11040  4.7291  4.6863 84.7192
3360 11040 -2.7443 -0.0473 69.4342
3680 11040 -4.3718 -6.2795 70.5810
4000 11040 -0.0160  0.0917 75.5477
4320 11040  3.2298  2.1792 92.0067
4640 11040 -4.6036 -7.5553 62.4025
4960 11040  1.9746  0.0268 59.0312
5280 11040  1.7204  1.8282 90.3473
5600 11040  0.1102  0.1733 79.3576
5920 11040  5.5389  4.6308 72.9015
6240 11040  1.7761  0.9427 78.2285
6560 11040  0.1779  3.9641 80.8785
6880 11040  2.3835  0.1336 96.4813
7200 11040  2.1425  1.9825 82.2599
7520 11040  3.4985  5.4474 76.4941
7840 11040  3.2198  3.4270 86.8006
8160 11040  1.2808 -0.2118 110.1601
8480 11040  1.3226  6.4689 62.9522
8800 11040  2.8392 -1.0639 58.2424
9120 11040  0.0588 -0.1007 59.1181
9440 11040  7.1759 -8.6777 73.0338
9760 11040 -1.9994 -6.3208 86.5231
10080 11040  0.3827  0.0273 112.8023
10400 11040 -0.2172  1.8839 84.9331
10720 11040 -0.0121  3.2861 105.8781
11040 11040  0.0024  3.1117 74.5574
11360 11040 -0.9058  0.9609 70.1299
11680 11040  0.1072 -2.7021 72.8566
12000 11040  0.3117  0.1659 87.0953
12320 11040 -2.2740  2.9245 60.4463
12640 11040 -2.6764  1.0631 76.5502
12960 11040  0.0548 -0.0819 107.0815
13280 11040  0.5540 -2.5866 60.8987
13600 11040 -0.0111 -3.5137 65.4854
13920 11040 -2.7047  1.4060 76.7552
14240 11040 -0.0032  0.0077 83.4883
800 11360 -0.0061 -0.0071 480.6448
1120 11360  0.9808  3.2949 53.3211
1440 11360  3.3023  5.3811 58.0914
1760 11360 -0.0157 -1.0584 67.2434
2080 11360  0.0629  0.0576 147.0481
2400 11360  0.0602  0.0371 135.4825
2720 11360  6.3231  2.7060 51.8097
3040 11360  1.9799 -0.0628 41.7471
3360 11360 -6.5192 -4.8790 63.8278
3680 11360  2.3932  4.4598 68.5679
4000 11360 -4.9040  1.6971 58.9554
4320 11360  4.2419 -1.1506 74.2702
4640 11360 -0.0979 -1.5491 70.4019
4960 11360  3.0292  4.8574 92.9839
5280 11360  4.7681  0.9547 87.5647
5600 11360 -6.3310 -6.6751 105.7693
5920 11360  5.0028 -7.1897 88.1668
6240 11360  3.1296 -0.0354 54.2130
6560 11360  0.0105  0.1175 67.9961
6880 11360  4.9894 -1.0110 75.3469
7200 11360  7.2953 -5.3896 96.1806
7520 11360 -0.0330 -2.4209 111.1979
7840 11360 -0.0257  0.0081 78.4642
8160 11360  2.9059  0.0901 91.5289
8480 11360  3.5077 -0.8872 49.0083
8800 11360 -4.0469 -8.0568 67.3928
9120 11360 -1.7311 -6.9876 59.6077
9440 11360  0.7750  1.6385 90.4173
9760 11360  5.8662 -1.5391 65.8500
10080 11360 -0.0067 -3.0750 139.9844
10400 11360 -0.0343 -1.0603 146.1173
10720 11360  0.0090 -0.0319 74.5862
11040 11360  2.5490 -3.2254 57.6222
11360 11360  3.2879 -6.5729 73.2816
11680 11360 -1.7126 -0.7101 115.4339
12000 11360 -0.0631  1.9320 82.5514
12320 11360  0.0541  3.1875 82.6739
12640 11360 -0.1433  6.1363 58.3136
12960 11360  0.2498  3.0208 85.2805
13280 11360 -0.1316  1.4767 133.5082
13600 11360 -2.3147  0.6860 52.7460
13920 11360  0.0097  0.0051 46.4934
14240 11360 -0.0007  0.0007 959.7797
1120 11680  0.0069  0.0051 101.6694
1440 11680 -0.0464 -0.0395 99.7366
1760 11680  0.0760  0.4066 112.1653
2080 11680  0.0546  0.0515 121.0156
2400 11680 -0.1141 -0.3526 71.4852
2720 11680  3.7586  1.7208 48.5596
3040 11680 -0.0378 -1.8627 56.4721
3360 11680  0.0559 -0.0603 76.4395
3680 11680 -1.2023 -2.7258 56.3829
4000 11680  5.3818  0.0501 70.8511
4320 11680 -0.2597 -8.2468 74.5215
4640 11680 -5.6478 -3.2167 105.4238
4960 11680 -0.1176 -0.0896 67.8205
5280 11680  0.0551  0.2662 76.7407
5600 11680 -0.6310  0.6599 95.9245
5920 11680  1.9674  3.1907 94.4893
6240 11680  0.1709  0.0554 100.1962
6560 11680 -0.0518  0.1035 125.5269
6880 11680  3.0248  4.5571 102.1270
7200 11680 -7.3967 -0.5935 105.3252
7520 11680  2.9739  4.4817 70.0092
7840 11680 -6.3451  3.7206 84.8935
8160 11680  0.1100  1.3214 106.7251
8480 11680  1.9634  5.7323 115.0134
8800 11680  0.0177  2.7407 92.7509
9120 11680  2.4268  2.3142 77.7794
9440 11680  3.0506  0.3522 97.5270
9760 11680 -4.6613 -3.2305 106.3145
10080 11680  2.5990  1.9004 58.8041
10400 11680  1.6139 -4.2038 59.1278
10720 11680  0.0465 -1.0385 97.2641
11040 11680  0.6746  1.5739 62.6055
11360 11680 -5.7757  4.7766 78.7265
11680 11680 -6.6128  7.2947 76.2927
12000 11680  0.0470  3.8064 144.0305
12320 11680  2.5871 -6.9790 86.5508
12640 11680 -5.1650  3.4022 60.7574
12960 11680  0.7464 -3.0266 57.6236
13280 11680 -0.7130  2.3533 53.2722
13600 11680 -3.9137  0.0668 105.0652
13920 11680  0.0009 -0.0018 133.1498
1120 12000 -0.0023 -0.0043 6395.5066
1440 12000 -0.0132 -0.0126 59.6779
1760 12000  0.0247  0.0251 52.4410
2080 12000 -0.0660 -0.0482 82.4053
2400 12000 -0.0586 -2.3892 75.5169
2720 12000 -5.3055 -6.4671 95.3505
3040 12000 -1.3634 -0.1402 104.5132
3360 12000  0.0764 -1.4017 49.7193
3680 12000  0.5989  4.8786 111.0543
4000 12000 -0.0567  0.0195 84.2209
4320 12000 -1.7996 -0.0238 77.6985
4640 12000  0.1152  0.1676 149.8580
4960 12000  5.2841  2.9498 68.7661
5280 12000  0.1299  1.9093 131.1803
5600 12000  4.3461 -0.0869 50.3413
5920 12000  0.0035  0.0606 84.7673
6240 12000  0.0864  0.0761 107.5781
6560 12000  0.6368  0.0588 77.8777
6880 12000 -4.8709 -0.0835 45.5095
7200 12000  0.5169 -0.0176 130.4169
7520 12000  3.1794 -0.0073 150.8352
7840 12000 -4.5042 -0.0962 133.4089
8160 12000  0.8003 -0.0626 157.6873
8480 12000  0.0492 -0.0316 86.6533
8800 12000 -3.3625 -0.0448 110.7056
9120 12000 -1.3036  0.0205 116.0731
9440 12000  3.1424  4.2606 62.4237
9760 12000 -2.7176 -1.3432 51.2594
10080 12000  0.0097  1.0939 97.0582
10400 12000  0.6279  0.3221 57.6622
10720 12000  0.0612  0.0035 103.3508
11040 12000  1.0812  0.7347 58.9951
11360 12000  5.7678 -0.7988 66.0405
11680 12000  5.0583 -2.3880 90.1489
12000 12000  3.7642 -0.7360 90.8950
12320 12000  0.0918 -1.2173 126.8746
12640 12000  6.7046 -2.6638 60.7270
12960 12000  2.1667 -3.4634 46.2661
13280 12000  0.0505 -4.0130 49.8612
13600 12000 -0.0081  0.0043 65.8579
13920 12000 -0.0050  0.0689 4551.1102
1440 12320 -0.0014 -0.0039 582.1689
1760 12320  0.0178 -0.0016 47.0130
2080 12320 -2.1292 -0.7894 77.7842
2400 12320 -5.9785 -6.0064 82.8327
2720 12320  5.2825  5.0073 69.2779
3040 12320  1.9246  8.7027 63.8397
3360 12320  3.3222  2.0367 77.3859
3680 12320 -0.2174 -0.0921 117.5931
4000 12320 -6.8847 -6.9079 160.1234
4320 12320 -4.7920 -0.0028 86.3280
4640 12320  3.5539  5.2012 57.5055
4960 12320 -0.0871 -2.0551 70.9267
5280 12320 -1.0828 -6.0483 107.4418
5600 12320 -4.7445 -3.4772 61.6659
5920 12320 -3.5005  0.0802 101.0863
6240 12320  0.0362  0.0810 84.8630
6560 12320 -0.6063 -3.8170 94.3390
6880 12320 -5.2950 -0.0793 85.3688
7200 12320  1.5524 -0.0221 114.7342
7520 12320 -0.0678  0.0359 77.4548
7840 12320 -0.0332 -0.1130 87.0772
8160 12320  1.0291 -0.0024 115.0971
8480 12320 -0.9590 -0.0841 89.4201
8800 12320  0.0046 -0.1162 76.2054
9120 12320  3.3358 -0.0540 60.0978
9440 12320  1.5358  0.0278 119.4079
9760 12320  0.0283  0.0515 103.4138
10080 12320 -0.0167  0.0057 107.7503
10400 12320 -7.0229  0.0304 111.4742
10720 12320  3.1496 -6.1062 68.4100
11040 12320  6.3358 -1.7248 51.3238
11360 12320 -1.6177  3.6606 61.5362
11680 12320  0.5124 -3.2461 57.4778
12000 12320  3.3646 -0.0380 71.8725
12320 12320  1.2598 -1.9140 90.1347
12640 12320  0.1476 -1.1541 120.2731
12960 12320  0.0757 -1.6819 60.1535
13280 12320  0.0041 -0.0147 50.4450
13600 12320  0.0008  0.0032 1094.1375
1760 12640 -0.0003  0.0006 273.5198
2080 12640 -0.0281 -0.0173 45.2866
2400 12640  4.0278  6.6811 70.4393
2720 12640 -2.0235 -0.3715 75.0560
3040 12640  2.1202  1.8013 64.2248
3360 12640 -2.3072 -4.0692 58.1532
3680 12640 -0.0333 -3.0128 108.9582
4000 12640  5.2793  2.2602 104.9695
4320 12640  3.9585  0.1329 46.7557
4640 12640 -3.3245  0.0883 50.0643
4960 12640  0.0260  5.2662 69.1068
5280 12640 -0.9032  1.1235 86.8233
5600 12640 -0.2256 -1.7411 46.5625
5920 12640 -0.0813 -2.9054 79.8586
6240 12640 -5.7338 -2.4866 81.4396
6560 12640  0.2271 -0.0741 108.7008
6880 12640  0.0846  4.8848 45.2877
7200 12640  1.0539  0.5406 63.4662
7520 12640 -0.1119 -4.5230 87.7525
7840 12640  0.0561 -0.0084 108.0524
8160 12640  0.1950 -0.0427 98.4578
8480 12640  2.8518  0.5218 82.4687
8800 12640  0.0138  0.1407 65.8174
9120 12640  3.2716  2.3333 66.5797
9440 12640  0.0570 -0.0170 102.4874
9760 12640 -7.1284 -0.0977 54.5663
10080 12640 -2.1826 -0.0939 58.0959
10400 12640 -9.0410 -0.1102 76.9040
10720 12640  0.1343  1.9550 114.3633
11040 12640 -0.0896  2.0295 74.1989
11360 12640  4.0867 -3.7527 72.6805
11680 12640 -4.3798  2.3110 73.5110
12000 12640  3.7968 -2.4227 61.4275
12320 12640 -0.0995  0.1712 88.9069
12640 12640  1.8739 -1.5191 83.8248
12960 12640 -0.0004  0.0218 49.9593
13280 12640  0.0002  0.0005 413.7963
2080 12960 -0.0027 -0.0025 221.6813
2400 12960 -0.4065 -0.3228 43.5833
2720 12960  2.8227  1.1459 63.9003
3040 12960 -3.6608 -2.3183 69.6062
3360 12960  0.1349  0.1287 62.8704
3680 12960 -6.0132 -2.0149 68.4421
4000 12960 -3.4580 -0.0852 76.9278
4320 12960  5.2481  1.7487 62.2507
4640 12960  3.1197  0.0674 44.5747
4960 12960 -8.0654 -3.9629 52.9504
5280 12960  4.9907  2.0310 75.8593
5600 12960  3.2958  3.1995 88.6873
5920 12960  0.0591  0.1437 79.2364
6240 12960  4.1427 -0.0713 133.2229
6560 12960 -0.5772  0.1439 62.0746
6880 12960  4.1378  1.5715 44.4422
7200 12960 -5.0644 -3.1213 97.6795
7520 12960  1.4409  0.1029 81.8153
7840 12960 -0.0604 -0.0337 125.6005
8160 12960  4.8176 -6.6002 88.9741
8480 12960  3.6330  0.1306 101.5596
8800 12960 -0.0155 -0.0231 113.5208
9120 12960  0.1297 -0.1127 81.1522
9440 12960 -0.0680  0.0215 90.5669
9760 12960 -2.8198  0.0690 59.4712
10080 12960  0.9960  0.2948 49.8755
10400 12960  0.1325 -0.1193 55.2277
10720 12960  0.2554 -0.1655 84.3307
11040 12960 -3.5471  0.1104 69.2103
11360 12960 -0.4138  4.0790 87.7768
11680 12960  6.0704 -4.0963 71.1068
12000 12960 -5.2864  3.4812 66.5698
12320 12960  3.4783 -3.4286 60.5386
12640 12960  0.0368  0.0060 46.4056
12960 12960  0.0051 -0.0012 305.9778
2400 13280  0.0143  0.0069 285.6223
2720 13280 -0.0277 -0.0162 46.1679
3040 13280 -5.9832 -2.9780 62.3001
3360 13280 -3.6394 -3.6203 48.6678
3680 13280 -1.3887 -2.4709 60.5081
4000 13280  5.2042  1.2567 63.9316
4320 13280 -5.9806 -0.3419 59.7462
4640 13280  5.9172  0.0921 52.6860
4960 13280  2.6832  4.3994 65.6693
5280 13280 -2.7238 -0.0297 79.7300
5600 13280  4.7130  1.0275 101.7465
5920 13280 -7.9139 -3.5822 80.3476
6240 13280  5.4173  4.7179 72.0212
6560 13280  3.9243  0.1223 55.2250
6880 13280  1.1712  1.8494 85.8101
7200 13280  3.3956  0.9633 63.0622
7520 13280  0.0038  0.5966 81.2593
7840 13280 -0.0707 -0.0733 113.2656
8160 13280 -0.0133  0.0141 131.0646
8480 13280  7.7886 -7.0803 75.3488
8800 13280 -2.9755 -3.4390 80.6849
9120 13280 -0.1284 -0.0427 58.7010
9440 13280  0.1667  0.1164 65.8185
9760 13280 -0.0257  0.0551 147.6539
10080 13280  0.1254 -0.1018 70.8137
10400 13280  1.0539  0.0604 56.8205
10720 13280  0.0420 -2.8446 69.1864
11040 13280  0.8972 -5.3003 80.5156
11360 13280  2.0150 -0.1291 66.6569
11680 13280 -3.4226  0.4869 81.1668
12000 13280 -0.1440  0.1463 66.6807
12320 13280 -0.0242  0.0166 49.3114
12640 13280 -0.0002 -0.0004 414.7109
2720 13600 -0.0009  0.0007 654.7712
3040 13600 -0.0119 -0.0045 60.0926
3360 13600  7.2158  1.5243 80.7058
3680 13600 -3.5897 -0.8532 51.8795
4000 13600  4.0499  0.3256 62.4683
4320 13600  2.9319  0.0103 53.9485
4640 13600 -2.2871 -0.0362 74.8218
4960 13600  5.5520  0.0506 103.8228
5280 13600 -0.1165 -2.5255 115.4631
5600 13600 -0.3319 -0.0865 86.8728
5920 13600 -5.2977  0.0522 63.6677
6240 13600 -6.7399  0.0360 72.5140
6560 13600  2.4838  0.0883 52.5558
6880 13600  0.1149  0.0030 58.0006
7200 13600  2.4271  0.0335 71.4383
7520 13600 -3.6364 -0.0398 79.8891
7840 13600  0.0832  1.0875 84.3436
8160 13600 -0.0415  0.0790 114.1604
8480 13600  2.0000  1.3115 61.2735
8800 13600  4.7276  3.2331 92.1804
9120 13600 -4.1135  0.1138 88.0230
9440 13600  0.3650 -0.0642 99.6802
9760 13600  0.0948 -0.0887 116.2830
10080 13600  0.0595 -0.0653 96.1757
10400 13600  1.7039 -0.1089 95.3887
10720 13600 -4.2892  2.8333 66.6904
11040 13600 -0.0021  0.0045 84.8880
11360 13600 -0.0652  0.0911 76.2676
11680 13600 -0.0285 -3.7854 60.8170
12000 13600 -0.0013  0.0065 65.4040
12320 13600 -0.0055  0.0021 1096.5826
3040 13920 -0.0284  0.0286 8388.0023
3360 13920 -0.0263 -0.0140 110.1394
3680 13920  4.3818  2.4387 52.8396
4000 13920 -5.2789 -1.7822 65.4690
4320 13920 -5.2803 -0.0842 55.5240
4640 13920 -7.4138 -2.8129 59.0974
4960 13920 -2.7412 -0.0213 82.4088
5280 13920 -0.0208 -0.0982 75.8349
5600 13920  2.7599  0.0749 73.1531
5920 13920  2.2679  2.4886 63.0545
6240 13920  0.0634  0.0641 59.5566
6560 13920  5.4873  0.1067 79.3814
6880 13920 -7.8483 -0.0483 78.3825
7200 13920  3.9767  0.0916 72.3321
7520 13920 -0.7111  0.0805 78.2286
7840 13920  0.0268  0.0456 76.7534
8160 13920  0.0690  0.0135 117.2457
8480 13920  2.5382  4.4805 88.8555
8800 13920  0.6435 -0.0438 144.7404
9120 13920 -5.6249  0.0660 74.3091
9440 13920 -0.1012  0.1333 118.7650
9760 13920  1.3054 -0.0277 89.1588
10080 13920 -0.1053  0.1169 138.3085
10400 13920 -0.0747  0.0667 92.3458
10720 13920  0.9796 -1.8411 96.2168
11040 13920 -1.4796  0.1064 47.3582
11360 13920  0.0258 -0.0214 53.6482
11680 13920  0.0063 -0.0020 133.4855
12000 13920     NaN -4.0000 6826.6656
3680 14240 -0.0090 -0.0050 635.7770
4000 14240  0.0420  0.0085 74.2453
4320 14240 -2.1350 -1.0055 67.7698
4640 14240  5.8257  0.1137 103.0646
4960 14240 -1.9302 -0.1042 105.2851
5280 14240  0.0040  0.0500 59.5164
5600 14240 -4.8289 -0.0458 66.9747
5920 14240  2.0403 -0.0007 89.7479
6240 14240 -0.1150 -0.0286 57.9721
6560 14240 -0.5103 -0.0059 54.8059
6880 14240 -8.1897 -0.0522 113.6321
7200 14240  1.0487 -0.0327 64.0849
7520 14240 -0.5765 -0.0366 66.5354
7840 14240 -0.0019  0.0040 80.0614
8160 14240  0.0450 -0.0237 102.0416
8480 14240 -0.0566  0.0130 150.6677
8800 14240 -3.6281  0.0363 92.1941
9120 14240  2.4604 -0.0316 61.9461
9440 14240 -0.1081  0.0885 99.5126
9760 14240  1.2785  0.0198 89.3313
10080 14240  0.0103 -0.0136 99.4135
10400 14240  0.0695 -0.0399 89.2112
10720 14240  0.0126 -0.0053 46.8337
11040 14240 -0.0014  0.0001 83.6388
11360 14240 -0.0002  0.0001 948.0135
4000 14560     NaN     NaN 40959.9902
4320 14560 -0.0171 -0.0036 575.9542
4640 14560 -0.0045  0.0014 86.0567
4960 14560  0.0141  0.0100 47.9974
5280 14560 -0.2938  0.1080 71.5115
5600 14560 -4.9825 -3.0159 57.8417
5920 14560 -6.3995 -0.1025 104.3707
6240 14560  1.8970 -0.0421 60.7170
6560 14560 -0.6127  0.0025 76.8256
6880 14560 -7.7970 -0.0327 122.3232
7200 14560  1.0635  0.0143 64.2063
7520 14560 -7.3034 -0.0077 69.7908
7840 14560 -0.0118  0.0121 90.8490
8160 14560 -0.0152  0.0053 99.1668
8480 14560 -0.0358  0.0214 198.2494
8800 14560  0.0068 -0.0185 161.0879
9120 14560  2.9631 -0.0289 103.6551
9440 14560 -0.1836 -0.0349 79.0944
9760 14560  0.0342 -0.0232 126.6015
10080 14560  0.0042  0.0020 54.2533
10400 14560  0.0018  0.0001 96.5432
10720 14560  0.0006 -0.0003 809.2146
  0   0  0.0000  0.0000  0.0000
  0   0  0.0000  0.0000  0.0000
  0   0  0.0000  0.0000  0.0000
  0   0  0.0000  0.0000  0.0000
  0   0  0.0000  0.0000  0.0000
  0   0  0.0000  0.0000  0.0000
  0   0  0.0000  0.0000  0.0000
  0   0  0.0000  0.0000  0.0000
  0   0  0.0000  0.0000  0.0000
  0   0  0.0000  0.0000  0.0000
  0   0  0.0000  0.0000  0.0000
  0   0  0.0000  0.0000  0.0000
  0   0  0.0000  0.0000  0.0000
  0   0  0.0000  0.0000  0.0000
  0   0  0.0000  0.0000  0.0000
  0   0  0.0000  0.0000  0.0000
  0   0  0.0000  0.0000  0.0000
  0   0  0.0000  0.0000  0.0000
  0   0  0.0000  0.0000  0.0000
  0   0  0.0000  0.0000  0.0000
  0   0  0.0000  0.0000  0.0000
  0   0  0.0000  0.0000  0.0000
  0   0  0.0000  0.0000  0.0000
  0   0  0.0000  0.0000  0.0000
  0   0  0.0000  0.0000  0.0000
  0   0  0.0000  0.0000  0.0000
  0   0  0.0000  0.0000  0.0000
  0   0  0.0000  0.0000  0.0000
  0   0  0.0000  0.0000  0.0000
  0   0  0.0000  0.0000  0.0000
  0   0  0.0000  0.0000  0.0000
  0   0  0.0000  0.0000  0.0000
  0   0  0.0000  0.0000  0.0000
  0   0  0.0000  0.0000  0.0000
  0   0  0.0000  0.0000  0.0000
  0   0  0.0000  0.0000  0.0000
  0   0  0.0000  0.0000  0.0000
  0   0  0.0000  0.0000  0.0000
  0   0  0.0000  0.0000  0.0000
  0   0  0.0000  0.0000  0.0000
  0   0  0.0000  0.0000  0.0000
  0   0  0.0000  0.0000  0.0000
  0   0  0.0000  0.0000  0.0000
  0   0  0.0000  0.0000  0.0000
  0   0  0.0000  0.0000  0.0000
  0   0  0.0000  0.0000  0.0000
  0   0  0.0000  0.0000  0.0000
  0   0  0.0000  0.0000  0.0000
  0   0  0.0000  0.0000  0.0000
  0   0  0.0000  0.0000  0.0000
  0   0  0.0000  0.0000  0.0000
  0   0  0.0000  0.0000  0.0000
  0   0  0.0000  0.0000  0.0000
  0   0  0.0000  0.0000  0.0000
  0   0  0.0000  0.0000  0.0000
  0   0  0.0000  0.0000  0.0000
  0   0  0.0000  0.0000  0.0000
  0   0  0.0000  0.0000  0.0000
  0   0  0.0000  0.0000  0.0000
  0   0  0.0000  0.0000  0.0000
  0   0  0.0000  0.0000  0.0000
  0   0  0.0000  0.0000  0.0000
  0   0  0.0000  0.0000  0.0000
  0   0  0.0000  0.0000  0.0000
  0   0  0.0000  0.0000  0.0000
  0   0  0.0000  0.0000  0.0000
  0   0  0.0000  0.0000  0.0000
  0   0  0.0000  0.0000  0.0000
  0   0  0.0000  0.0000  0.0000
  0   0  0.0000  0.0000  0.0000
  0   0  0.0000  0.0000  0.0000
  0   0  0.0000  0.0000  0.0000
  0   0  0.0000  0.0000  0.0000
  0   0  0.0000  0.0000  0.0000
  0   0  0.0000  0.0000  0.0000
  0   0  0.0000  0.0000  0.0000
  0   0  0.0000  0.0000  0.0000
  0   0  0.0000  0.0000  0.0000
  0   0  0.0000  0.0000  0.0000
  0   0  0.0000  0.0000  0.0000
  0   0  0.0000  0.0000  0.0000
  0   0  0.0000  0.0000  0.0000
  0   0  0.0000  0.0000  0.0000
  0   0  0.0000  0.0000  0.0000
  0   0  0.0000  0.0000  0.0000
  0   0  0.0000  0.0000  0.0000
  0   0  0.0000  0.0000  0.0000
  0   0  0.0000  0.0000  0.0000
  0   0  0.0000  0.0000  0.0000
  0   0  0.0000  0.0000  0.0000
  0   0  0.0000  0.0000  0.0000
  0   0  0.0000  0.0000  0.0000
  0   0  0.0000  0.0000  0.0000
  0   0  0.0000  0.0000  0.0000
  0   0  0.0000  0.0000  0.0000
  0   0  0.0000  0.0000  0.0000
  0   0  0.0000  0.0000  0.0000
  0   0  0.0000  0.0000  0.0000
  0   0  0.0000  0.0000  0.0000
  0   0  0.0000  0.0000  0.0000
  0   0  0.0000  0.0000  0.0000
  0   0  0.0000  0.0000  0.0000
  0   0  0.0000  0.0000  0.0000
  0   0  0.0000  0.0000  0.0000
  0   0  0.0000  0.0000  0.0000
  0   0  0.0000  0.0000  0.0000
  0   0  0.0000  0.0000  0.0000
  0   0  0.0000  0.0000  0.0000
  0   0  0.0000  0.0000  0.0000
  0   0  0.0000  0.0000  0.0000
  0   0  0.0000  0.0000  0.0000
  0   0  0.0000  0.0000  0.0000
  0   0  0.0000  0.0000  0.0000
  0   0  0.0000  0.0000  0.0000
  0   0  0.0000  0.0000  0.0000
  0   0  0.0000  0.0000  0.0000
  0   0  0.0000  0.0000  0.0000
  0   0  0.0000  0.0000  0.0000
  0   0  0.0000  0.0000  0.0000
  0   0  0.0000  0.0000  0.0000
  0   0  0.0000  0.0000  0.0000
  0   0  0.0000  0.0000  0.0000
  0   0  0.0000  0.0000  0.0000
  0   0  0.0000  0.0000  0.0000
  0   0  0.0000  0.0000  0.0000
  0   0  0.0000  0.0000  0.0000
  0   0  0.0000  0.0000  0.0000
  0   0  0.0000  0.0000  0.0000
  0   0  0.0000  0.0000  0.0000
  0   0  0.0000  0.0000  0.0000
  0   0  0.0000  0.0000  0.0000
  0   0  0.0000  0.0000  0.0000
  0   0  0.0000  0.0000  0.0000
  0   0  0.0000  0.0000  0.0000
  0   0  0.0000  0.0000  0.0000
  0   0  0.0000  0.0000  0.0000
  0   0  0.0000  0.0000  0.0000
  0   0  0.0000  0.0000  0.0000
  0   0  0.0000  0.0000  0.0000
  0   0  0.0000  0.0000  0.0000
  0   0  0.0000  0.0000  0.0000
  0   0  0.0000  0.0000  0.0000
  0   0  0.0000  0.0000  0.0000
  0   0  0.0000  0.0000  0.0000
  0   0  0.0000  0.0000  0.0000
  0   0  0.0000  0.0000  0.0000
  0   0  0.0000  0.0000  0.0000
  0   0  0.0000  0.0000  0.0000
  0   0  0.0000  0.0000  0.0000
  0   0  0.0000  0.0000  0.0000
  0   0  0.0000  0.0000  0.0000
  0   0  0.0000  0.0000  0.0000
  0   0  0.0000  0.0000  0.0000
  0   0  0.0000  0.0000  0.0000
  0   0  0.0000  0.0000  0.0000
  0   0  0.0000  0.0000  0.0000
  0   0  0.0000  0.0000  0.0000
  0   0  0.0000  0.0000  0.0000
  0   0  0.0000  0.0000  0.0000
  0   0  0.0000  0.0000  0.0000
  0   0  0.0000  0.0000  0.0000
  0   0  0.0000  0.0000  0.0000
  0   0  0.0000  0.0000  0.0000
  0   0  0.0000  0.0000  0.0000
  0   0  0.0000  0.0000  0.0000
  0   0  0.0000  0.0000  0.0000
  0   0  0.0000  0.0000  0.0000
  0   0  0.0000  0.0000  0.0000
  0   0  0.0000  0.0000  0.0000
  0   0  0.0000  0.0000  0.0000
  0   0  0.0000  0.0000  0.0000
  0   0  0.0000  0.0000  0.0000
  0   0  0.0000  0.0000  0.0000
  0   0  0.0000  0.0000  0.0000
  0   0  0.0000  0.0000  0.0000
  0   0  0.0000  0.0000  0.0000
  0   0  0.0000  0.0000  0.0000
  0   0  0.0000  0.0000  0.0000
  0   0  0.0000  0.0000  0.0000
  0   0  0.0000  0.0000  0.0000
  0   0  0.0000  0.0000  0.0000
  0   0  0.0000  0.0000  0.0000
  0   0  0.0000  0.0000  0.0000
  0   0  0.0000  0.0000  0.0000
  0   0  0.0000  0.0000  0.0000
  0   0  0.0000  0.0000  0.0000
  0   0  0.0000  0.0000  0.0000
  0   0  0.0000  0.0000  0.0000
  0   0  0.0000  0.0000  0.0000
  0   0  0.0000  0.0000  0.0000
  0   0  0.0000  0.0000  0.0000
  0   0  0.0000  0.0000  0.0000
  0   0  0.0000  0.0000  0.0000
  0   0  0.0000  0.0000  0.0000
  0   0  0.0000  0.0000  0.0000
  0   0  0.0000  0.0000  0.0000
  0   0  0.0000  0.0000  0.0000
  0   0  0.0000  0.0000  0.0000
  0   0  0.0000  0.0000  0.0000
  0   0  0.0000  0.0000  0.0000
  0   0  0.0000  0.0000  0.0000
  0   0  0.0000  0.0000  0.0000
  0   0  0.0000  0.0000  0.0000
  0   0  0.0000  0.0000  0.0000
  0   0  0.0000  0.0000  0.0000
  0   0  0.0000  0.0000  0.0000
  0   0  0.0000  0.0000  0.0000
  0   0  0.0000  0.0000  0.0000
  0   0  0.0000  0.0000  0.0000
  0   0  0.0000  0.0000  0.0000
  0   0  0.0000  0.0000  0.0000
  0   0  0.0000  0.0000  0.0000
  0   0  0.0000  0.0000  0.0000
  0   0  0.0000  0.0000  0.0000
  0   0  0.0000  0.0000  0.0000
  0   0  0.0000  0.0000  0.0000
  0   0  0.0000  0.0000  0.0000
  0   0  0.0000  0.0000  0.0000
  0   0  0.0000  0.0000  0.0000
  0   0  0.0000  0.0000  0.0000
  0   0  0.0000  0.0000  0.0000
  0   0  0.0000  0.0000  0.0000
  0   0  0.0000  0.0000  0.0000
  0   0  0.0000  0.0000  0.0000
  0   0  0.0000  0.0000  0.0000
  0   0  0.0000  0.0000  0.0000
  0   0  0.0000  0.0000  0.0000
  0   0  0.0000  0.0000  0.0000
  0   0  0.0000  0.0000  0.0000
  0   0  0.0000  0.0000  0.0000
  0   0  0.0000  0.0000  0.0000
  0   0  0.0000  0.0000  0.0000
  0   0  0.0000  0.0000  0.0000
  0   0  0.0000  0.0000  0.0000
  0   0  0.0000  0.0000  0.0000
  0   0  0.0000  0.0000  0.0000
  0   0  0.0000  0.0000  0.0000
  0   0  0.0000  0.0000  0.0000
  0   0  0.0000  0.0000  0.0000
  0   0  0.0000  0.0000  0.0000
  0   0  0.0000  0.0000  0.0000
  0   0  0.0000  0.0000  0.0000
  0   0  0.0000  0.0000  0.0000
  0   0  0.0000  0.0000  0.0000
  0   0  0.0000  0.0000  0.0000
  0   0  0.0000  0.0000  0.0000
  0   0  0.0000  0.0000  0.0000
  0   0  0.0000  0.0000  0.0000
  0   0  0.0000  0.0000  0.0000
  0   0  0.0000  0.0000  0.0000
  0   0  0.0000  0.0000  0.0000
  0   0  0.0000  0.0000  0.0000
  0   0  0.0000  0.0000  0.0000
  0   0  0.0000  0.0000  0.0000
  0   0  0.0000  0.0000  0.0000
  0   0  0.0000  0.0000  0.0000
  0   0  0.0000  0.0000  0.0000
  0   0  0.0000  0.0000  0.0000
  0   0  0.0000  0.0000  0.0000
  0   0  0.0000  0.0000  0.0000
  0   0  0.0000  0.0000  0.0000
  0   0  0.0000  0.0000  0.0000
  0   0  0.0000  0.0000  0.0000
  0   0  0.0000  0.0000  0.0000
  0   0  0.0000  0.0000  0.0000
  0   0  0.0000  0.0000  0.0000
  0   0  0.0000  0.0000  0.0000
  0   0  0.0000  0.0000  0.0000
  0   0  0.0000  0.0000  0.0000
  0   0  0.0000  0.0000  0.0000
  0   0  0.0000  0.0000  0.0000
  0   0  0.0000  0.0000  0.0000
  0   0  0.0000  0.0000  0.0000
  0   0  0.0000  0.0000  0.0000
  0   0  0.0000  0.0000  0.0000
  0   0  0.0000  0.0000  0.0000
  0   0  0.0000  0.0000  0.0000
  0   0  0.0000  0.0000  0.0000
  0   0  0.0000  0.0000  0.0000
  0   0  0.0000  0.0000  0.0000
  0   0  0.0000  0.0000  0.0000
  0   0  0.0000  0.0000  0.0000
  0   0  0.0000  0.0000  0.0000
  0   0  0.0000  0.0000  0.0000
  0   0  0.0000  0.0000  0.0000
  0   0  0.0000  0.0000  0.0000
  0   0  0.0000  0.0000  0.0000
  0   0  0.0000  0.0000  0.0000
  0   0  0.0000  0.0000  0.0000
  0   0  0.0000  0.0000  0.0000
  0   0  0.0000  0.0000  0.0000
  0   0  0.0000  0.0000  0.0000
  0   0  0.0000  0.0000  0.0000
  0   0  0.0000  0.0000  0.0000
  0   0  0.0000  0.0000  0.0000
  0   0  0.0000  0.0000  0.0000
  0   0  0.0000  0.0000  0.0000
  0   0  0.0000  0.0000  0.0000
  0   0  0.0000  0.0000  0.0000
  0   0  0.0000  0.0000  0.0000
  0   0  0.0000  0.0000  0.0000
  0   0  0.0000  0.0000  0.0000
  0   0  0.0000  0.0000  0.0000
  0   0  0.0000  0.0000  0.0000
  0   0  0.0000  0.0000  0.0000
  0   0  0.0000  0.0000  0.0000
  0   0  0.0000  0.0000  0.0000
  0   0  0.0000  0.0000  0.0000
  0   0  0.0000  0.0000  0.0000
  0   0  0.0000  0.0000  0.0000
  0   0  0.0000  0.0000  0.0000
  0   0  0.0000  0.0000  0.0000
  0   0  0.0000  0.0000  0.0000
  0   0  0.0000  0.0000  0.0000
  0   0  0.0000  0.0000  0.0000
  0   0  0.0000  0.0000  0.0000
  0   0  0.0000  0.0000  0.0000
  0   0  0.0000  0.0000  0.0000
  0   0  0.0000  0.0000  0.0000
  0   0  0.0000  0.0000  0.0000
  0   0  0.0000  0.0000  0.0000
  0   0  0.0000  0.0000  0.0000
  0   0  0.0000  0.0000  0.0000
  0   0  0.0000  0.0000  0.0000
  0   0  0.0000  0.0000  0.0000
  0   0  0.0000  0.0000  0.0000
  0   0  0.0000  0.0000  0.0000
  0   0  0.0000  0.0000  0.0000
  0   0  0.0000  0.0000  0.0000
  0   0  0.0000  0.0000  0.0000
  0   0  0.0000  0.0000  0.0000
  0   0  0.0000  0.0000  0.0000
  0   0  0.0000  0.0000  0.0000
  0   0  0.0000  0.0000  0.0000
  0   0  0.0000  0.0000  0.0000
  0   0  0.0000  0.0000  0.0000
  0   0  0.0000  0.0000  0.0000
  0   0  0.0000  0.0000  0.0000
  0   0  0.0000  0.0000  0.0000
  0   0  0.0000  0.0000  0.0000
  0   0  0.0000  0.0000  0.0000
  0   0  0.0000  0.0000  0.0000
  0   0  0.0000  0.0000  0.0000
  0   0  0.0000  0.0000  0.0000
  0   0  0.0000  0.0000  0.0000
  0   0  0.0000  0.0000  0.0000
  0   0  0.0000  0.0000  0.0000
  0   0  0.0000  0.0000  0.0000
  0   0  0.0000  0.0000  0.0000
  0   0  0.0000  0.0000  0.0000
  0   0  0.0000  0.0000  0.0000
  0   0  0.0000  0.0000  0.0000
  0   0  0.0000  0.0000  0.0000
  0   0  0.0000  0.0000  0.0000
  0   0  0.0000  0.0000  0.0000
  0   0  0.0000  0.0000  0.0000
  0   0  0.0000  0.0000  0.0000
  0   0  0.0000  0.0000  0.0000
  0   0  0.0000  0.0000  0.0000
  0   0  0.0000  0.0000  0.0000
  0   0  0.0000  0.0000  0.0000
  0   0  0.0000  0.0000  0.0000
  0   0  0.0000  0.0000  0.0000
  0   0  0.0000  0.0000  0.0000
  0   0  0.0000  0.0000  0.0000
  0   0  0.0000  0.0000  0.0000
  0   0  0.0000  0.0000  0.0000
  0   0  0.0000  0.0000  0.0000
  0   0  0.0000  0.0000  0.0000
  0   0  0.0000  0.0000  0.0000
  0   0  0.0000  0.0000  0.0000
  0   0  0.0000  0.0000  0.0000
  0   0  0.0000  0.0000  0.0000
  0   0  0.0000  0.0000  0.0000
  0   0  0.0000  0.0000  0.0000
  0   0  0.0000  0.0000  0.0000
  0   0  0.0000  0.0000  0.0000
  0   0  0.0000  0.0000  0.0000
  0   0  0.0000  0.0000  0.0000
  0   0  0.0000  0.0000  0.0000
  0   0  0.0000  0.0000  0.0000
  0   0  0.0000  0.0000  0.0000
  0   0  0.0000  0.0000  0.0000
  0   0  0.0000  0.0000  0.0000
  0   0  0.0000  0.0000  0.0000
  0   0  0.0000  0.0000  0.0000
  0   0  0.0000  0.0000  0.0000
  0   0  0.0000  0.0000  0.0000
  0   0  0.0000  0.0000  0.0000
  0   0  0.0000  0.0000  0.0000
  0   0  0.0000  0.0000  0.0000
  0   0  0.0000  0.0000  0.0000
  0   0  0.0000  0.0000  0.0000
  0   0  0.0000  0.0000  0.0000
  0   0  0.0000  0.0000  0.0000
