VARIABLES= "X m", "Y m", "U m/s", "V m/s", "CHC", ZONE I=48, J=48
 16  16  0.3418 -0.2738  1.0000
 48  16  0.3565 -0.0275  1.0000
 80  16  0.3752  0.2005  1.0000
112  16  0.2730  0.3842  1.0000
144  16  0.0910  0.5065  1.0000
176  16 -0.0977  0.5518  1.0000
208  16 -0.2230  0.5061  1.0000
240  16 -0.2347  0.3661  1.0000
272  16 -0.1189  0.1659  1.0000
304  16  0.0927  0.0058  1.0000
336  16  0.3425 -0.0223  1.0000
368  16  0.3632 -0.0204  1.0000
400  16  0.2020 -0.0100  1.0000
432  16  0.0002 -0.0002 14344664.0000
464  16 -0.0468 -0.0070  1.0000
496  16 -0.0079 -0.0190  1.0000
528  16  0.0474 -0.0233  1.0000
560  16  0.0623 -0.0145  1.0000
592  16  0.0002  0.0007 21.3202
624  16 -0.1516 -0.0000  1.0000
656  16 -0.2060 -0.0150  1.0000
688  16 -0.0948 -0.0335  1.0000
720  16 -0.1662  0.0311 41.0548
752  16 -0.1628  0.0319  1.0000
784  16 -0.1321  0.0326 123.9889
816  16 -0.0945  0.0557  1.0000
848  16 -0.0475  0.0777  1.0000
880  16 -0.0059  0.0673  1.0000
912  16  0.0140  0.0257  1.0000
944  16  0.0035 -0.0070  1.0000
976  16 -0.0141 -0.0116  1.0000
1008  16 -0.0058  0.0109  1.0000
1040  16  0.0096  0.0491  1.0000
1072  16  0.0167  0.0821  1.0000
1104  16  0.0156  0.0790  4.9325
1136  16  0.0288 -0.0012  1.0000
1168  16  0.0061 -0.0118 48.9800
1200  16 -0.0409  0.1842  1.0000
1232  16 -0.0556  0.3473  8.0260
1264  16 -0.0424  0.2078  1.0000
1296  16 -0.0062  0.1073 20.7193
1328  16  0.0913  0.1679  1.0000
1360  16  0.2145  0.2482  1.0000
1392  16  0.3453  0.1660  1.0000
1424  16  0.4074  0.0391  1.0000
1456  16  0.3342 -0.0047  1.0000
1488  16  0.1804 -0.0061  1.0000
1520  16 -0.0082  0.0085 20.6176
 16  48  0.1304 -0.1508 10.6967
 48  48  0.0928 -0.0152  1.0000
 80  48  0.1848  0.1228  8.8824
112  48  0.1291  0.2363  1.0000
144  48  0.0192  0.3174  1.0000
176  48 -0.1005  0.3630  1.0000
208  48 -0.1847  0.3698  1.0000
240  48 -0.1884  0.3145  1.0000
272  48 -0.0936  0.1531  1.0000
304  48 -0.0031 -0.0016 19.3474
336  48  0.2207  0.0134 12.8955
368  48  0.2282 -0.0021  1.0000
400  48  0.1531 -0.0017  1.0000
432  48  0.0398  0.0125  1.0000
464  48  0.0047 -0.0004  1.0000
496  48  0.0224 -0.0178  1.0000
528  48  0.0431 -0.0244  1.0000
560  48  0.0331 -0.0190  1.0000
592  48 -0.0482 -0.0046  1.0000
624  48 -0.1877  0.0327  1.0000
656  48 -0.2624  0.0610  9.6679
688  48  0.0103  0.0052 13.5075
720  48 -0.0606  0.0512  1.0000
752  48 -0.1198  0.0564  1.0000
784  48 -0.1342  0.0481  1.0000
816  48 -0.0972  0.0818  1.0000
848  48 -0.0517  0.1103  1.0000
880  48 -0.0155  0.0920  1.0000
912  48  0.0195  0.0303  1.0000
944  48  0.0120  0.0060  1.0000
976  48 -0.0103  0.0053 16.6754
1008  48  0.0003  0.0125  1.0000
1040  48  0.0063  0.0234  1.0000
1072  48  0.0174  0.0341  1.0000
1104  48  0.0355  0.0310  1.0000
1136  48  0.0638  0.0048  1.0000
1168  48  0.0752 -0.0058  7.7143
1200  48 -0.0003  0.0228 15.0217
1232  48  0.0003 -0.0210 18.9643
1264  48  0.0194 -0.0517  1.0000
1296  48  0.0593 -0.0979 13.2047
1328  48  0.0604  0.0724  1.0000
1360  48  0.0773  0.2086  9.4516
1392  48  0.1331  0.0754  5.7326
1424  48  0.1634 -0.0902 12.3204
1456  48  0.1389 -0.0058  1.0000
1488  48  0.0658  0.0585  1.0000
1520  48 -0.0404  0.1403  1.0000
 16  80 -0.0850 -0.0096 59.6429
 48  80 -0.1713  0.0024 16.1071
 80  80 -0.0239  0.0611  1.0000
112  80  0.0073  0.1186  1.0000
144  80 -0.0398  0.1628  1.0000
176  80 -0.1191  0.2023  1.0000
208  80 -0.1902  0.2578  1.0000
240  80 -0.1952  0.3033  1.0000
272  80 -0.0380  0.1415 52.8000
304  80 -0.0227  0.0156  1.0000
336  80  0.0007 -0.0010 12502014.0000
368  80  0.0819 -0.0120  1.0000
400  80  0.0879 -0.0000  1.0000
432  80 -0.0091  0.0463  1.0000
464  80  0.0037  0.0092 35.9244
496  80  0.0368 -0.0197  1.0000
528  80  0.0496 -0.0258  1.0000
560  80  0.0510 -0.0167  1.0000
592  80 -0.0283 -0.0098  1.0000
624  80 -0.1701  0.0653  1.0000
656  80 -0.2495  0.1451  1.0000
688  80 -0.1463  0.1758  1.0000
720  80 -0.1355  0.1787  1.0000
752  80 -0.1484  0.1357  1.0000
784  80 -0.1539  0.0793 138.8706
816  80 -0.0911  0.1211  1.0000
848  80 -0.0452  0.1571  1.0000
880  80 -0.0314  0.1215 31.5759
912  80  0.0352  0.0178  1.0000
944  80  0.0258  0.0160  1.0000
976  80  0.0121  0.0250  1.0000
1008  80  0.0078  0.0195  1.0000
1040  80 -0.0176  0.0082 16.4625
1072  80 -0.0114  0.0098 29.1322
1104  80  0.0167  0.0137  1.0000
1136  80  0.0540  0.0048  1.0000
1168  80  0.0639 -0.0159  1.0000
1200  80  0.0251 -0.0366  1.0000
1232  80  0.0143 -0.0736 26.7391
1264  80  0.0167 -0.0766  1.0000
1296  80  0.0255 -0.0706  1.0000
1328  80 -0.0037  0.0520  1.0000
1360  80 -0.0408  0.1381  1.0000
1392  80 -0.0632  0.0075 10.0750
1424  80 -0.1469 -0.3010 83.0521
1456  80  0.0011 -0.0013 26.9651
1488  80 -0.0048  0.0955  1.0000
1520  80 -0.0508  0.2376  1.0000
 16 112 -0.0090 -0.0402  1.0000
 48 112  0.0129  0.0129  6.3043
 80 112  0.0221 -0.0035  1.0000
112 112 -0.0006  0.0167  1.0000
144 112 -0.0431  0.0210  1.0000
176 112 -0.1054  0.0208  1.0000
208 112 -0.1817  0.0823  1.0000
240 112 -0.2446  0.2658 13.2333
272 112  0.0082 -0.0029 10.0804
304 112  0.0105 -0.0286  1.0000
336 112 -0.0178 -0.0271  1.0000
368 112  0.0041 -0.0212  1.0000
400 112  0.0125  0.0138 115.4246
432 112 -0.1563  0.1352  1.0000
464 112  0.0077  0.0025  1.0000
496 112  0.0402 -0.0240  1.0000
528 112  0.0242 -0.0178  1.0000
560 112  0.0634  0.0152  6.0475
592 112  0.0000  0.0021 17.6277
624 112 -0.1669  0.1106  1.0000
656 112 -0.2964  0.2400  1.0000
688 112 -0.3051  0.3654  1.0000
720 112 -0.2288  0.3432  1.0000
752 112 -0.1570  0.2691  1.0000
784 112 -0.0978  0.1944  1.0000
816 112 -0.0330  0.1732  1.0000
848 112 -0.0117  0.1750 85.3299
880 112 -0.0986  0.0772  9.9814
912 112  0.0146  0.0032 12.3367
944 112 -0.0127  0.0661  1.0000
976 112 -0.0036  0.0772  1.0000
1008 112 -0.0115  0.0482 13.5410
1040 112 -0.1109  0.0023  1.0000
1072 112 -0.1065  0.0048  1.0000
1104 112 -0.0425  0.0206  1.0000
1136 112  0.0220  0.0236  1.0000
1168 112  0.0377 -0.0034  1.0000
1200 112  0.0191 -0.0292  1.0000
1232 112  0.0068 -0.0361  1.0000
1264 112 -0.0050 -0.0112 10.6306
1296 112 -0.0060 -0.0113  1.0000
1328 112 -0.0503  0.0825  1.0000
1360 112 -0.1184  0.1893  1.0000
1392 112 -0.1736  0.2089  7.6447
1424 112 -0.0598 -0.0469  1.0000
1456 112  0.1631 -0.0099 12.2920
1488 112 -0.0004  0.0604  1.0000
1520 112 -0.0285  0.2762  1.0000
 16 144  0.1025 -0.1948  1.0000
 48 144  0.2004 -0.3194 26.0000
 80 144  0.1025 -0.1530  1.0000
112 144  0.0231 -0.0624  1.0000
144 144 -0.0108 -0.0811  1.0000
176 144 -0.0405 -0.1647  1.0000
208 144 -0.0619 -0.2333 12.8485
240 144 -0.1053 -0.0180  1.0000
272 144  0.0074 -0.0207  1.0000
304 144  0.0008 -0.0003 52.8845
336 144 -0.0579 -0.0145  1.0000
368 144 -0.1396  0.0079  1.0000
400 144 -0.2881  0.1246  1.0000
432 144 -0.4913  0.3321 509.1363
464 144 -0.0046 -0.0063 88.4023
496 144 -0.0025 -0.0031  6.6847
528 144 -0.0922  0.0015  9.3813
560 144 -0.0455  0.0773  5.0910
592 144 -0.0552  0.1669 40.0474
624 144 -0.1978  0.1652  1.0000
656 144 -0.3430  0.2537  1.0000
688 144 -0.4019  0.4799 31.2036
720 144 -0.2498  0.4271  1.0000
752 144 -0.1188  0.3500  1.0000
784 144 -0.0174  0.2561  1.0000
816 144  0.0522  0.1402  1.0000
848 144  0.0718  0.0582  1.0000
880 144  0.0078  0.0795 41.0522
912 144 -0.2264  0.3214 51.9610
944 144 -0.1645  0.2332  1.0000
976 144 -0.0640  0.1644  1.0000
1008 144 -0.0617  0.1088  1.0000
1040 144 -0.2646  0.0003  1.0000
1072 144 -0.2214  0.0230  1.0000
1104 144 -0.1027  0.0489  1.0000
1136 144 -0.0041  0.0579 30.8944
1168 144  0.0124  0.0159  1.0000
1200 144  0.0034 -0.0134  1.0000
1232 144  0.0055 -0.0133  1.0000
1264 144  0.0000 -0.0153  1.0000
1296 144  0.0035 -0.0146 30.8953
1328 144 -0.0365  0.0641  1.0000
1360 144 -0.0807  0.1407  1.0000
1392 144 -0.0887  0.1581  1.0000
1424 144 -0.0176  0.0752  1.0000
1456 144 -0.0083  0.0710  1.0000
1488 144 -0.1491 -0.0013 10.6776
1520 144  0.0025  0.2587 16.6378
 16 176  0.0032 -0.0135 45.5833
 48 176  0.0002  0.0071 14.7895
 80 176  0.0339 -0.0120  1.0000
112 176 -0.0045  0.0074 13.5789
144 176  0.0069 -0.0498  1.0000
176 176 -0.0152 -0.1464  1.0000
208 176 -0.0433 -0.1914  1.0000
240 176 -0.0628 -0.0736  1.0000
272 176 -0.0030 -0.0023 70.4654
304 176 -0.0430  0.0012  1.0000
336 176 -0.0668 -0.0277  1.0000
368 176 -0.1541 -0.0385  1.0000
400 176 -0.2901  0.0263  1.0000
432 176 -0.3985  0.2306  1.0000
464 176 -0.1981  0.1567  1.0000
496 176 -0.1173  0.0848 10.7547
528 176 -0.1264  0.0356  1.0000
560 176 -0.1276  0.0571  1.0000
592 176 -0.1314  0.0889  1.0000
624 176 -0.1945  0.0457  1.0000
656 176 -0.2633  0.0178 35.2480
688 176 -0.2175  0.2111  1.0000
720 176 -0.1175  0.2884  1.0000
752 176 -0.0391  0.3279  1.0000
784 176  0.0520  0.2739  1.0000
816 176  0.1157  0.0514  1.0000
848 176  0.1224 -0.1871  1.0000
880 176 -0.0058 -0.3373 45.3452
912 176 -0.1372  0.0388 25.6204
944 176 -0.1817  0.1265  1.0000
976 176 -0.0457  0.1202  1.0000
1008 176  0.0068  0.0961 79.8238
1040 176 -0.3713  0.0030 40.9145
1072 176 -0.2495  0.1017  1.0000
1104 176 -0.1120  0.0959  1.0000
1136 176 -0.0359  0.0613  1.0000
1168 176 -0.0102  0.0200  1.0000
1200 176 -0.0080  0.0053 548.0988
1232 176  0.0135  0.0242 48.4984
1264 176  0.0007  0.0004 164.1114
1296 176  0.0099  0.0119  1.0000
1328 176 -0.0077  0.0442  1.0000
1360 176 -0.0224  0.0628  1.0000
1392 176  0.0046  0.0542  1.0000
1424 176  0.0687  0.0948 26.2000
1456 176  0.0167  0.1816  4.8909
1488 176  0.0235 -0.0155 13.7329
1520 176  0.0364  0.0690  1.0000
 16 208  0.0304  0.0140  1.0000
 48 208  0.1098 -0.0100  8.2184
 80 208  0.1020  0.0098  1.0000
112 208  0.0235  0.0208  1.0000
144 208  0.0380  0.0013 15.0263
176 208 -0.0130 -0.0731  1.0000
208 208 -0.0688 -0.1001  1.0000
240 208 -0.1149 -0.0440  1.0000
272 208 -0.1049  0.0022 149.3783
304 208 -0.0836  0.0115 65.9406
336 208  0.0164 -0.0167  1.0000
368 208 -0.0424 -0.0450  1.0000
400 208 -0.1224 -0.0428 21.0865
432 208 -0.2406  0.2328  1.0000
464 208 -0.2592  0.3093 122.9024
496 208 -0.1483  0.1559  1.0000
528 208 -0.1075  0.0342  1.0000
560 208 -0.1670  0.0155 65.5156
592 208 -0.1446  0.0258  1.0000
624 208 -0.1214 -0.0101  1.0000
656 208 -0.0940 -0.0535  1.0000
688 208 -0.0093  0.0049 1162.0403
720 208 -0.0079  0.1154 33.2921
752 208 -0.0467  0.2850  1.0000
784 208  0.0067  0.3378 10127616.0000
816 208  0.1245  0.0452  1.0000
848 208  0.2630 -0.1668  1.0000
880 208  0.2401 -0.1726  1.0000
912 208  0.0917  0.0800 18.9021
944 208 -0.2172  0.0801  1.0000
976 208 -0.0470  0.0058  1.0000
1008 208  0.0097 -0.3835 23.5781
1040 208  0.0744  0.3672  8.2716
1072 208 -0.0075  0.3656  1.0000
1104 208 -0.0109  0.1880 21.3709
1136 208 -0.0237  0.0699  1.0000
1168 208  0.0040  0.0295  1.0000
1200 208  0.0486  0.0822  1.0000
1232 208  0.0356  0.0818  1.0000
1264 208  0.0055  0.0464  1.0000
1296 208  0.0288  0.0525  1.0000
1328 208  0.0142  0.0397  1.0000
1360 208 -0.0042  0.0026 32.6639
1392 208  0.0060 -0.0723 15.4286
1424 208  0.0037  0.0025 20.7393
1456 208  0.2908 -0.0549  9.8278
1488 208 -0.0109 -0.0015  7.9771
1520 208 -0.0015 -0.0069 18.8933
 16 240  0.0121  0.0035  1.0000
 48 240  0.1043 -0.0040  1.0000
 80 240  0.1788  0.0187  1.0000
112 240  0.0100  0.0046 61.8333
144 240 -0.0108 -0.0124 53.1500
176 240 -0.0357 -0.0323  1.0000
208 240 -0.0782 -0.0302  1.0000
240 240 -0.1174  0.0103 82.9363
272 240 -0.0261  0.0429  1.0000
304 240  0.1228  0.0654  1.0000
336 240  0.2674  0.0622  1.0000
368 240  0.1132  0.1500  1.0000
400 240  0.1767  0.4669  8.4318
432 240 -0.0141  0.4194  1.0000
464 240 -0.1004  0.3136  1.0000
496 240 -0.0435  0.1242  1.0000
528 240  0.0032 -0.0110 34.8690
560 240 -0.1631 -0.0047 14.2686
592 240 -0.0948  0.0338 10.6358
624 240 -0.0350  0.0162  1.0000
656 240 -0.0294 -0.0581  1.0000
688 240 -0.0588 -0.1190  7.3682
720 240 -0.1695  0.0104  1.0000
752 240 -0.2718  0.2165 28.9094
784 240 -0.4416  0.3713 22.3620
816 240 -0.0751  0.0146 78.0681
848 240  0.3559 -0.0869  1.0000
880 240  0.4604  0.0850  1.0000
912 240  0.3422  0.3712  8.8347
944 240 -0.3793  0.2812 14.3475
976 240  0.0063  0.5425 11.3446
1008 240  0.0524  0.2441  1.0000
1040 240  0.0841  0.4947  1.0000
1072 240  0.0349  0.4956  1.0000
1104 240 -0.0136  0.2036  1.0000
1136 240 -0.0531  0.0297 32.4458
1168 240 -0.0033 -0.0149 41.8155
1200 240  0.1018  0.1436 37.9453
1232 240  0.0469  0.1103  1.0000
1264 240 -0.0111  0.0457 65.5274
1296 240  0.0542  0.0768 63.4352
1328 240  0.0251  0.0457  1.0000
1360 240 -0.0067  0.0018  1.0000
1392 240 -0.0199 -0.0144  1.0000
1424 240 -0.0220  0.0760 37.1915
1456 240  0.0031  0.0140  9.1163
1488 240 -0.0485  0.0079  1.0000
1520 240  0.0156  0.0069 30.4299
 16 272 -0.0210  0.0038  4.2532
 48 272  0.0576  0.0057 15.8933
 80 272  0.3377  0.0506  7.2360
112 272  0.1562  0.0260  3.5772
144 272  0.0410  0.0061  1.0000
176 272 -0.0109 -0.0019  1.0000
208 272 -0.0284  0.0064  1.0000
240 272 -0.0299  0.0315  1.0000
272 272  0.0641  0.0663  1.0000
304 272  0.2638  0.1138  1.0000
336 272  0.4756  0.0400 90.0318
368 272 -0.0388  0.0086  7.7468
400 272  0.0031  0.2744  1.0000
432 272 -0.0352  0.3064  1.0000
464 272 -0.0576  0.2129  1.0000
496 272 -0.0014  0.0677 14.4216
528 272  0.0417  0.0244  8.4821
560 272  0.0118  0.0706  1.0000
592 272  0.0721  0.1332 12.8104
624 272  0.0951  0.1250  1.0000
656 272 -0.0006  0.0026 39.8031
688 272 -0.1454 -0.2072 164.2143
720 272 -0.3216 -0.0838  1.0000
752 272 -0.2054 -0.0068  1.0000
784 272 -0.3211 -0.0047 18.2612
816 272 -0.4318 -0.0029  7.9767
848 272  0.3237  0.0220 72.9344
880 272  0.3898  0.2626  1.0000
912 272  0.2119  0.4688  1.0000
944 272 -0.2027  0.5234  1.0000
976 272 -0.1332  0.6508  1.0000
1008 272 -0.0525  0.5415  5.8038
1040 272 -0.0072  0.5804 33.7587
1072 272  0.0032  0.6039 21.2990
1104 272 -0.0302  0.1344 38.2581
1136 272 -0.0512 -0.0456  1.0000
1168 272 -0.0349 -0.0976 117.7723
1200 272  0.0160  0.0542 49.8619
1232 272 -0.0014  0.0105 11.8413
1264 272  0.0114 -0.0364 51.4823
1296 272  0.0442  0.0064  1.0000
1328 272  0.0083  0.0199  1.0000
1360 272 -0.0230 -0.0148  1.0000
1392 272 -0.0532 -0.0393  1.0000
1424 272 -0.0744 -0.0124 22.0857
1456 272 -0.0785 -0.0080  1.0000
1488 272 -0.0744 -0.0158  1.0000
1520 272 -0.0080 -0.0539 37.1618
 16 304  0.0205  0.0298 23.0000
 48 304 -0.0617  0.0548 24.9811
 80 304  0.1256  0.0497  1.0000
112 304  0.0869  0.0241  1.0000
144 304  0.0119  0.0132  1.0000
176 304 -0.0301  0.0094  1.0000
208 304 -0.0201  0.0138 29.6075
240 304 -0.0232  0.0170  1.0000
272 304 -0.0172  0.0392 17.2211
304 304  0.0596  0.1901 27.7933
336 304  0.1953  0.0057  5.3673
368 304 -0.0610 -0.0145 17.5039
400 304 -0.1000  0.1121  1.0000
432 304 -0.1143  0.1574  1.0000
464 304 -0.1176  0.1167  1.0000
496 304 -0.0452  0.0638  1.0000
528 304  0.0567  0.0834  8.0047
560 304  0.1494  0.1708  1.0000
592 304  0.2510  0.2654  1.0000
624 304  0.2470  0.2629  1.0000
656 304 -0.0295  0.0460  1.0000
688 304 -0.2798 -0.0263  1.0000
720 304 -0.4896  0.0730 33.6479
752 304 -0.0081 -0.0042 39.4410
784 304 -0.2135  0.0265  1.0000
816 304 -0.3353  0.1849 16.8401
848 304 -0.0103  0.5563  8.7320
880 304  0.0956  0.5279  1.0000
912 304  0.0330  0.5344 45.5568
944 304 -0.1649  0.6099  1.0000
976 304 -0.2453  0.6443  1.0000
1008 304 -0.1038  0.5987  1.0000
1040 304  0.0264  0.6012  1.0000
1072 304  0.0296  0.5144  1.0000
1104 304 -0.0134  0.1458 19.1835
1136 304 -0.0205  0.0145  1.0000
1168 304 -0.0024  0.0055 73.2772
1200 304 -0.0564  0.0768 90.3006
1232 304 -0.1667 -0.3325 447.4417
1264 304 -0.0022 -0.1965 157.7162
1296 304  0.0528 -0.0580  1.0000
1328 304  0.0052  0.0232 133.4297
1360 304 -0.0029  0.0057 35.0635
1392 304 -0.0457 -0.0521  1.0000
1424 304 -0.0583 -0.0334  1.0000
1456 304 -0.0834 -0.0176  1.0000
1488 304 -0.0903 -0.0228  1.0000
1520 304 -0.0043 -0.0907 12.3306
 16 336 -0.0026  0.0028 10.5876
 48 336 -0.0313  0.0141  1.0000
 80 336  0.0241  0.0126  1.0000
112 336 -0.0007 -0.0010 38.4793
144 336 -0.0589  0.0074  1.0000
176 336 -0.1259  0.0014  1.0000
208 336 -0.1692 -0.0045  9.1947
240 336 -0.0952 -0.0289  1.0000
272 336 -0.1838 -0.1201  1.0000
304 336 -0.1851  0.2663  1.0000
336 336 -0.1135  0.1405  1.0000
368 336 -0.1891  0.0205 125.8361
400 336 -0.1843  0.0299  1.0000
432 336 -0.1944  0.0560  1.0000
464 336 -0.2368  0.0403  4.9653
496 336 -0.1399  0.0478  1.0000
528 336  0.0262  0.1093  1.0000
560 336  0.2052  0.2252  1.0000
592 336  0.3704  0.3521  6.2443
624 336  0.4266  0.3908 35.1984
656 336  0.0022  0.0042 48.8364
688 336 -0.1062  0.0932  1.0000
720 336 -0.0798  0.3829 84.8572
752 336 -0.0212  0.0894  1.0000
784 336 -0.2527  0.0107 27.1397
816 336 -0.3016  0.0579  1.0000
848 336 -0.0864  0.5495  1.0000
880 336 -0.1103  0.4796  1.0000
912 336 -0.0458  0.3952  1.0000
944 336 -0.0625  0.5494  1.0000
976 336 -0.2562  0.4742 10.1862
1008 336 -0.0372  0.4521  1.0000
1040 336  0.1419  0.5349  6.7908
1072 336  0.0760  0.5438 12.1373
1104 336 -0.0022  0.4847 12.3840
1136 336 -0.0171  0.1517  1.0000
1168 336  0.0017 -0.0041 39.8650
1200 336 -0.0062  0.4453 22.5169
1232 336 -0.0783  0.0350 113.5131
1264 336  0.0022 -0.0570  1.0000
1296 336  0.0927  0.0059 278.6717
1328 336  0.0780  0.0694  1.0000
1360 336  0.1298  0.1992 48.5347
1392 336  0.0040 -0.0044 3592.6304
1424 336  0.0017 -0.0013 39.5395
1456 336 -0.0547 -0.0020  1.0000
1488 336 -0.1229  0.0068 22.2830
1520 336 -0.0923 -0.0444  1.0000
 16 368  0.0016  0.0045 18.5254
 48 368  0.0077 -0.0198 14.1364
 80 368  0.0091 -0.0095  1.0000
112 368 -0.0005 -0.0004 58.0528
144 368 -0.0575  0.0116 79.4441
176 368 -0.1559 -0.0151  1.0000
208 368 -0.2966 -0.0160 31.5488
240 368 -0.1122 -0.0017 20.5018
272 368 -0.3794 -0.3858 94.2937
304 368 -0.4028  0.4577 16.2328
336 368 -0.2831  0.2058  1.0000
368 368 -0.2607 -0.0020 94.3568
400 368 -0.1911 -0.0366 14.0490
432 368 -0.2207 -0.0020 78.5821
464 368 -0.3936 -0.0044 117.1731
496 368 -0.2525  0.0238  1.0000
528 368 -0.0446  0.0840  1.0000
560 368  0.1497  0.1812  1.0000
592 368  0.2814  0.2572  1.0000
624 368  0.2827  0.2147  1.0000
656 368  0.0681 -0.0565 12.6107
688 368  0.0497 -0.1858  1.0000
720 368  0.1368 -0.4418 22.8317
752 368  0.0190 -0.3412  1.0000
784 368 -0.2057 -0.3129  1.0000
816 368 -0.2917 -0.2892 12.9957
848 368 -0.0081  0.5986  7.2480
880 368 -0.2612  0.3540 30.3415
912 368 -0.0009  0.1253 16.6469
944 368  0.3129  0.4277 17.7216
976 368  0.2857 -0.0272 160.1954
1008 368  0.1983  0.0896 9610367.0000
1040 368  0.1520  0.2361  1.0000
1072 368  0.0307  0.2911  1.0000
1104 368 -0.0726  0.2619 211.1509
1136 368 -0.0507  0.1137  9.3294
1168 368  0.0040  0.0062 25.1705
1200 368  0.0016 -0.0054 36.9684
1232 368 -0.0086  0.0048 48.2641
1264 368  0.0155  0.0106 36.0295
1296 368 -0.0225  0.1295  1.0000
1328 368  0.0142  0.0005 42.3533
1360 368  0.0810  0.1703  1.0000
1392 368  0.0603  0.1399 76.1936
1424 368  0.0323  0.0487  1.0000
1456 368 -0.0004 -0.0022 327.5716
1488 368 -0.0722  0.0000  1.0000
1520 368 -0.1101 -0.0137  1.0000
 16 400 -0.0011  0.0116  1.0000
 48 400 -0.0034  0.0053 60.5000
 80 400 -0.0019 -0.0030 78.5019
112 400  0.0284  0.0026  1.0000
144 400  0.1028  0.0044 61.6116
176 400  0.0373 -0.0643  1.0000
208 400 -0.0035 -0.0606 43.5528
240 400 -0.2371  0.1013  1.0000
272 400 -0.5616  0.0002 54.4076
304 400 -0.4347  0.1842  1.0000
336 400 -0.2016 -0.0352 66.4650
368 400  0.0010 -0.0848  5.5712
400 400 -0.0508 -0.1148  1.0000
432 400 -0.1913 -0.0652 18.6313
464 400 -0.5474  0.0855 20.2224
496 400 -0.2793  0.0318  1.0000
528 400 -0.0829  0.0424 69.2912
560 400  0.0743  0.1130  1.0000
592 400  0.1480  0.1616  1.0000
624 400  0.1207  0.1284  1.0000
656 400  0.0009  0.0000 114.4493
688 400  0.0315  0.0220  1.0000
720 400  0.0893 -0.2170  1.0000
752 400  0.0098 -0.2365  1.0000
784 400 -0.1503 -0.1148  4.7311
816 400 -0.2582  0.1861 79.0219
848 400 -0.1541  0.5664  1.0000
880 400 -0.2298  0.5222 30.1371
912 400 -0.0436  0.2739  1.0000
944 400  0.2223  0.2588  1.0000
976 400  0.3077  0.0099 13.1271
1008 400  0.1885 -0.0065 11.7938
1040 400  0.0758  0.0285  1.0000
1072 400 -0.0542  0.0264  9.1962
1104 400 -0.1714  0.0008 447.7343
1136 400 -0.0820  0.0545  1.0000
1168 400 -0.0007  0.0744  1.0000
1200 400  0.0002  0.0024 38.4901
1232 400  0.1215  0.0013 23.2685
1264 400  0.3835  0.0140 26.6129
1296 400 -0.0143  0.3672 13.1216
1328 400  0.1441 -0.0121 35.7252
1360 400  0.0118  0.1535 29.7988
1392 400 -0.0058  0.0055 17.5507
1424 400  0.0001  0.0014 115.9818
1456 400 -0.0007 -0.0030 55.3347
1488 400 -0.0356 -0.0016  1.0000
1520 400 -0.0779 -0.0010  1.0000
 16 432  0.0010  0.0048  1.0000
 48 432  0.0005  0.0000 279.1396
 80 432 -0.0026 -0.0022 31.7910
112 432 -0.0607  0.0003 62.8519
144 432 -0.0555  0.0039 21.6858
176 432 -0.0231 -0.1377  1.0000
208 432 -0.0245 -0.1778 45.1089
240 432 -0.2705  0.2650 20.4573
272 432 -0.3578  0.2425  6.6078
304 432 -0.2475  0.1601 10.6446
336 432 -0.1771  0.0149 57.7622
368 432 -0.0037 -0.0936  1.0000
400 432  0.0150 -0.1456  5.2856
432 432 -0.0092  0.0051 32.0973
464 432 -0.1620  0.0494  9.9983
496 432 -0.0110 -0.0006 30.6965
528 432 -0.0501  0.0020  1.0000
560 432  0.0342  0.0720  1.0000
592 432  0.0495  0.1242  1.0000
624 432  0.0307  0.1712  1.0000
656 432 -0.0117  0.2642  1.0000
688 432  0.0004  0.4645 20.0324
720 432  0.0370  0.1399  1.0000
752 432  0.0132 -0.0337  1.0000
784 432 -0.0636  0.0040  1.0000
816 432 -0.1568  0.1974 142.3754
848 432 -0.1987  0.3748  1.0000
880 432 -0.2999  0.3731  1.0000
912 432 -0.2145  0.2592  1.0000
944 432 -0.0522  0.2019  1.0000
976 432  0.0162  0.0876 1299.5630
1008 432 -0.0318  0.0312  1.0000
1040 432 -0.0527 -0.0359  1.0000
1072 432 -0.0690 -0.0919  1.0000
1104 432 -0.0856 -0.0567  1.0000
1136 432  0.0064  0.1082  1.0000
1168 432  0.1047  0.2636  1.0000
1200 432  0.0795  0.1283  1.0000
1232 432  0.1393  0.1334  1.0000
1264 432  0.2120  0.2126  1.0000
1296 432 -0.0260  0.3370  1.0000
1328 432 -0.0996  0.1620  1.0000
1360 432 -0.3376  0.2376 25.7157
1392 432 -0.0535  0.0007 43.3588
1424 432  0.0126 -0.0002 21.8575
1456 432  0.0250 -0.0002  1.0000
1488 432 -0.0003 -0.0012 120.7251
1520 432 -0.0357  0.0017  1.0000
 16 464  0.0009 -0.0027  1.0000
 48 464 -0.0019 -0.0012 51.6493
 80 464 -0.0069  0.0058  1.0000
112 464 -0.0696  0.0101 32.2016
144 464 -0.0750 -0.0021 31.8206
176 464 -0.1802 -0.1345  1.0000
208 464 -0.2626 -0.2712 113.8470
240 464 -0.2306  0.1806  1.0000
272 464 -0.0678  0.4020  1.0000
304 464  0.2016  0.5400 18.7373
336 464  0.1002  0.2444 21.0678
368 464  0.0593 -0.0248  1.0000
400 464  0.0065 -0.2574 181.9907
432 464  0.0165 -0.2276  1.0000
464 464  0.0028 -0.0195  1.0000
496 464 -0.0060  0.2152 15.3463
528 464 -0.2073  0.0880 50.1295
560 464 -0.0130  0.0776 30.1822
592 464 -0.0356  0.0776  1.0000
624 464 -0.0218  0.1076  1.0000
656 464 -0.0090  0.1779  1.0000
688 464  0.0072  0.2572 19.2384
720 464  0.0001  0.1332  1.0000
752 464  0.0131  0.0003 16.5065
784 464  0.0146 -0.0046 46.3967
816 464 -0.0611  0.0884  1.0000
848 464 -0.1764  0.1467  1.0000
880 464 -0.4325  0.1575  1.0000
912 464 -0.4166  0.1605  1.0000
944 464 -0.3189  0.1766  1.0000
976 464 -0.2863  0.1731  1.0000
1008 464 -0.3040  0.1469  1.0000
1040 464 -0.1814  0.0031  1.0000
1072 464 -0.0510 -0.1015  1.0000
1104 464 -0.0108 -0.0027 722.1999
1136 464  0.0789  0.1574  1.0000
1168 464  0.2036  0.4367 13.0954
1200 464  0.0708  0.1085  1.0000
1232 464  0.0758  0.2213  1.0000
1264 464  0.0630  0.3764  1.0000
1296 464 -0.0643  0.3170 8334.2656
1328 464 -0.0236  0.0833  1.0000
1360 464  0.0024  0.0103 182.0738
1392 464 -0.0091  0.0176 47.1916
1424 464 -0.0156  0.0053  1.0000
1456 464  0.0274  0.0061 101.1248
1488 464 -0.0010  0.0002 33.6778
1520 464 -0.0148  0.0017  1.0000
 16 496  0.0001 -0.0046  1.0000
 48 496 -0.0027 -0.0030 44.6151
 80 496  0.0019  0.0145 178.5296
112 496 -0.1126  0.0341  1.0000
144 496 -0.2458  0.0572 71.0852
176 496 -0.3579  0.1816  1.0000
208 496 -0.4473  0.4552 13.2485
240 496 -0.2459  0.3250 41.3752
272 496 -0.0411  0.3058  1.0000
304 496  0.1540  0.3163  1.0000
336 496  0.1334  0.2357  1.0000
368 496  0.0696  0.1130  1.0000
400 496  0.0017  0.0038 28.7620
432 496  0.0061 -0.3505 143.5351
464 496  0.0719 -0.1844  1.0000
496 496  0.0149  0.0017 21.4496
528 496 -0.5284  0.4424 18.4992
560 496 -0.0128  0.0038 222.4825
592 496 -0.1117 -0.0017 58.7611
624 496 -0.0462 -0.0134  1.0000
656 496 -0.0112 -0.0128  1.0000
688 496 -0.0121 -0.0033 25.3681
720 496 -0.1010  0.0660  1.0000
752 496 -0.0636  0.0216  1.0000
784 496 -0.0026 -0.0049 85.3114
816 496 -0.0058  0.0420  1.0000
848 496 -0.0743  0.0026 92.6673
880 496 -0.5542 -0.0014 34.3648
912 496 -0.5085  0.0733  1.0000
944 496 -0.4175  0.1535  1.0000
976 496 -0.4194  0.2298  1.0000
1008 496 -0.4892  0.2822 23.3028
1040 496 -0.2388  0.0894  1.0000
1072 496  0.0011  0.0054 36.1269
1104 496 -0.0079  0.4865 16.5964
1136 496 -0.0023  0.0166 20.8657
1168 496  0.0236 -0.0180  1.0000
1200 496 -0.0902 -0.2871 32.5228
1232 496  0.0184  0.2322  1.0000
1264 496  0.0062  0.5190  8.5030
1296 496 -0.1239  0.3079 20.8679
1328 496  0.0037  0.0159 40.8316
1360 496 -0.0062 -0.0092 142.8405
1392 496 -0.0080  0.0069 131.2076
1424 496 -0.0762 -0.0051 32.9173
1456 496  0.0067  0.0058 27.1676
1488 496  0.0025 -0.0015  1.0000
1520 496 -0.0005  0.0012 782.0492
 16 528  0.0012  0.0006 37.9774
 48 528 -0.0057 -0.0068  1.0000
 80 528 -0.0127 -0.0010 12.7898
112 528 -0.1233  0.0438  1.0000
144 528 -0.3326  0.0012 26.8267
176 528 -0.3355  0.0513  1.0000
208 528 -0.3201  0.0141 32.8315
240 528 -0.2061 -0.0037 12.1100
272 528 -0.1227  0.0040  1.0000
304 528  0.0089 -0.0112 48.5617
336 528  0.0520  0.1381  1.0000
368 528  0.0295  0.1014  1.0000
400 528 -0.0087  0.0020 26.3267
432 528  0.0050  0.0023 21.8071
464 528  0.0529 -0.0171  1.0000
496 528  0.0093  0.0128 14.8720
528 528 -0.6497  0.0134 23.4287
560 528 -0.4209  0.3456 19.4024
592 528 -0.0074  0.0155 11.6596
624 528  0.0100 -0.0574  2.9352
656 528 -0.0309 -0.0774  4.0790
688 528 -0.1570 -0.0092 67.6914
720 528 -0.3231  0.1880  1.0000
752 528 -0.1749  0.1233  1.0000
784 528  0.0028 -0.0093 33.2892
816 528 -0.0172  0.1868  7.0335
848 528 -0.0146  0.1086 47.0542
880 528 -0.3261  0.0734  8.3914
912 528 -0.3086  0.0758 13.5583
944 528 -0.2367  0.1151  1.0000
976 528 -0.2114  0.1549  1.0000
1008 528 -0.2582  0.1685  5.1425
1040 528 -0.1442  0.0762  1.0000
1072 528 -0.0110  0.0442 17.9657
1104 528  0.0036  0.0020 21.3880
1136 528 -0.0092 -0.0892  1.0000
1168 528  0.0140 -0.0079 30.7830
1200 528  0.0193  0.0659  1.0000
1232 528  0.1414  0.4774 14.5024
1264 528  0.1310  0.4047 855.1458
1296 528  0.0940  0.0783  6.7125
1328 528 -0.0009  0.2476 12.3848
1360 528  0.0014 -0.0061 69.6045
1392 528 -0.0104 -0.0025 260.8474
1424 528  0.0087  0.0030 27.9390
1456 528 -0.0011  0.0408 28.3084
1488 528 -0.0033  0.0005 37.2877
1520 528  0.0028 -0.0020 44.6314
 16 560  0.0009  0.0001 52.5782
 48 560  0.0107 -0.0067  1.0000
 80 560  0.1024 -0.0112 14.3729
112 560  0.0331  0.1348  1.0000
144 560 -0.1909  0.1598 11.3467
176 560 -0.1499  0.0970  1.0000
208 560 -0.0694  0.1247 28.8812
240 560 -0.4621 -0.0567 12744704.0000
272 560 -0.3127 -0.0828  1.0000
304 560 -0.1571  0.0621  9.1152
336 560 -0.0435  0.2444  1.0000
368 560 -0.0568  0.1432  1.0000
400 560 -0.1654  0.0005 36.0291
432 560 -0.2481  0.1552  7.1789
464 560 -0.1858  0.1032  1.0000
496 560 -0.1763  0.0197  1.0000
528 560 -0.3973 -0.0106 232.0712
560 560 -0.2522  0.1467  1.0000
592 560 -0.0213  0.0351  1.0000
624 560  0.0061 -0.0056 32.7742
656 560 -0.0133  0.0023 13.8355
688 560 -0.2120  0.2530 11.9839
720 560 -0.5682  0.5316  8.1023
752 560 -0.2364  0.4246  1.0000
784 560  0.1991  0.3899 15.8222
816 560 -0.0035  0.6417  7.4305
848 560  0.2568  0.5913 12.0035
880 560 -0.1959  0.2509 35.4826
912 560 -0.0684  0.1036  1.0000
944 560  0.0235  0.0787  1.0000
976 560  0.1196  0.0482  1.0000
1008 560  0.0128  0.0219  1.0000
1040 560 -0.0053 -0.0507  8.4741
1072 560 -0.0011 -0.1382 139.6091
1104 560 -0.0119  0.0062 15.6194
1136 560 -0.0037  0.0070 23.3372
1168 560  0.0955  0.1593 16.3431
1200 560  0.0563  0.3024  1.0000
1232 560  0.0899  0.4649  1.0000
1264 560  0.1460  0.3425 100.6173
1296 560  0.1628  0.1351  1.0000
1328 560  0.0681  0.1777 247.2150
1360 560  0.0035  0.0056 7076096.0000
1392 560  0.0096  0.0062 32.6902
1424 560  0.0169 -0.0058  1.0000
1456 560  0.0076  0.0117  1.0000
1488 560  0.0038 -0.0021 38.5999
1520 560 -0.0024 -0.0021 53.9337
 16 592  0.0019  0.0000 39.9645
 48 592 -0.0091  0.0008 33.9303
 80 592  0.2327 -0.0728 28.9998
112 592  0.1444 -0.0186 359.7665
144 592 -0.3786 -0.4389 104.6603
176 592 -0.1562 -0.1755  1.0000
208 592 -0.0784 -0.0343  1.0000
240 592 -0.2852 -0.1205 33.0868
272 592 -0.1971 -0.2630  1.0000
304 592 -0.0138 -0.3357 81.9759
336 592 -0.0012  0.2803  7.8719
368 592 -0.0679  0.2075  1.0000
400 592 -0.2943  0.1942  1.0000
432 592 -0.5254  0.3647 12.1362
464 592 -0.3917  0.1656  1.0000
496 592 -0.2437 -0.0164  1.0000
528 592 -0.1824 -0.0677  1.0000
560 592 -0.0115 -0.0104 54.1081
592 592  0.0542  0.0060  1.0000
624 592  0.0871  0.0124  1.0000
656 592  0.1134  0.0873  1.0000
688 592  0.0001  0.3335 15.2510
720 592 -0.4721  0.4953 14.8467
752 592 -0.3570  0.3902  1.0000
784 592 -0.0425  0.3241  1.0000
816 592 -0.0210  0.2863  1.0000
848 592 -0.0131  0.0087 64.3100
880 592 -0.5893  0.0028 30.7292
912 592 -0.0154  0.0202  5.0821
944 592  0.0794  0.0716  1.0000
976 592  0.3495 -0.0021 15.6845
1008 592  0.1471 -0.0287  1.0000
1040 592  0.1195 -0.0140  1.0000
1072 592  0.0922 -0.0022  5.9953
1104 592  0.0465  0.1769  1.0000
1136 592 -0.0083  0.3896 17.6030
1168 592 -0.0011  0.4057  8.0711
1200 592 -0.0609  0.4583  1.0000
1232 592 -0.0690  0.4504  1.0000
1264 592  0.1054  0.2715  1.0000
1296 592  0.2263  0.1161  9.7017
1328 592  0.1289  0.2511  1.0000
1360 592  0.0061  0.4313  6.6883
1392 592  0.0149  0.0088 17.0885
1424 592  0.0100 -0.0262  1.0000
1456 592  0.0059 -0.0090  1.0000
1488 592  0.0039 -0.0039 35.0921
1520 592 -0.0005  0.0008  1.0000
 16 624 -0.0002 -0.0015 40.3116
 48 624  0.0279  0.0049 36.2400
 80 624 -0.0136  0.0072 33.6970
112 624  0.0325 -0.4058 36.6384
144 624 -0.5019  0.0110 22.7203
176 624 -0.0134  0.0001 24.2873
208 624  0.0045  0.0105 24.7196
240 624 -0.1674 -0.0004 19.1710
272 624 -0.1113 -0.1050 85.1938
304 624  0.0131 -0.1585  1.0000
336 624 -0.0039  0.0246  6.0397
368 624 -0.0017  0.0069 22.4265
400 624 -0.2508  0.0852 21.8128
432 624 -0.4995  0.1605  7.2218
464 624 -0.3901 -0.0092 22.3999
496 624 -0.1859 -0.1743  1.0000
528 624 -0.0700 -0.1361  1.0000
560 624 -0.0111 -0.0078 58.5749
592 624  0.0253  0.0282  1.0000
624 624  0.0758 -0.0127  1.0000
656 624  0.1319 -0.0235  1.0000
688 624 -0.0000  0.0036 25.4090
720 624 -0.6147  0.0002 18.9298
752 624 -0.5314  0.0761 26.1881
784 624 -0.2491  0.1093  1.0000
816 624 -0.1464  0.0749  1.0000
848 624 -0.2782 -0.0461  1.0000
880 624 -0.6602  0.0041 31.7275
912 624 -0.3260  0.0939 33.7190
944 624 -0.3467  0.2114 14.8406
976 624  0.0341  0.1263 213.2846
1008 624  0.0096  0.0082 17.6794
1040 624  0.1934  0.0733 561.0229
1072 624  0.1983  0.0692  1.0000
1104 624  0.1572  0.1521  1.0000
1136 624  0.0842  0.2629  1.0000
1168 624 -0.0590  0.3458  1.0000
1200 624 -0.1980  0.4256  5.4230
1232 624 -0.2674  0.3559  7.0456
1264 624  0.0774  0.1175 20.4917
1296 624  0.3210 -0.1146 52.4386
1328 624  0.1765 -0.0417  1.0000
1360 624 -0.0112 -0.0094 68.1849
1392 624  0.0163  0.0016 31.5714
1424 624 -0.0009 -0.0005 30.8380
1456 624 -0.0001  0.0002  1.0000
1488 624 -0.0003  0.0005 39.2287
1520 624  0.0007  0.0042 30.2850
 16 656 -0.0027 -0.0003 50.2358
 48 656  0.1050  0.0126 43.9848
 80 656 -0.2542  0.0393  1.0000
112 656 -0.3723  0.0051 15.4103
144 656  0.2099 -0.0136 13.2787
176 656  0.1537 -0.0236  1.0000
208 656 -0.0012  0.0083 18.6639
240 656 -0.1825  0.1941 18.6638
272 656 -0.0921  0.1648  8.0085
304 656  0.0494  0.1716  1.0000
336 656  0.0037  0.3298 15.9201
368 656 -0.0374  0.0074 10.9927
400 656 -0.1759 -0.0012  1.0000
432 656 -0.4587  0.0013 23.0279
464 656 -0.2823 -0.2044 39.6554
496 656 -0.0031 -0.3874  1.0000
528 656  0.1061 -0.1869  5.6544
560 656  0.0823  0.0675  8.3441
592 656 -0.0079  0.1272  1.0000
624 656  0.0095  0.0008 31.8526
656 656  0.0883 -0.0490  1.0000
688 656 -0.0033 -0.0130 64.7234
720 656 -0.4313 -0.0703 641.0000
752 656 -0.4574 -0.0488 50.2735
784 656 -0.2561 -0.0050  1.0000
816 656 -0.1179  0.0003  1.0000
848 656 -0.2872 -0.0451  1.0000
880 656 -0.7308 -0.0605  5.0454
912 656 -0.7183 -0.0468 22.9340
944 656 -0.3400  0.1988  1.0000
976 656  0.1854  0.2596  1.0000
1008 656  0.3924  0.0527 53.0233
1040 656  0.3372  0.0412  1.0000
1072 656  0.2683  0.0272  1.0000
1104 656  0.2259  0.0329  1.0000
1136 656  0.1664  0.0035 26.1819
1168 656 -0.1100  0.0942 4981.7495
1200 656 -0.3102  0.1287  1.0000
1232 656 -0.2138  0.0209 11.1285
1264 656  0.1253 -0.0155 116.4932
1296 656  0.2517 -0.1278  1.0000
1328 656  0.1670 -0.1174  1.0000
1360 656  0.0377 -0.0719  1.0000
1392 656  0.0142  0.0046 25.1370
1456 656  0.0091  0.0020  1.0000
1488 656  0.0005  0.0002 58.2866
1520 656 -0.0083 -0.0068  1.0000
 16 688 -0.0001 -0.0006 329.5512
 48 688 -0.0028  0.0078  1.0000
 80 688 -0.0336 -0.0431  1.0000
112 688 -0.2858 -0.0002 33.3301
144 688  0.1692 -0.0022 52.3275
176 688 -0.4462  0.2201 37.3667
208 688 -0.1813 -0.0078  1.0000
240 688 -0.1848  0.1052  1.0000
272 688 -0.3364  0.4075  9.7485
304 688 -0.1455  0.2716  1.0000
336 688  0.0002  0.1216 37.1746
368 688 -0.4151 -0.0085 32.3492
400 688 -0.1699 -0.0714  1.0000
432 688 -0.0167  0.0024 16.8150
464 688 -0.2865  0.0307 63.4109
496 688 -0.1049 -0.2146  1.0000
528 688  0.2512 -0.4920 151.8880
560 688  0.3272 -0.0864  1.0000
592 688  0.2494  0.2896  8.6558
624 688  0.0062  0.3207 17.4050
656 688  0.0228  0.0649  1.0000
688 688 -0.0019  0.0068 32.4783
720 688 -0.1261  0.2381 20.6731
752 688 -0.3950  0.0041  7.9766
784 688 -0.4085 -0.0649  1.0000
816 688 -0.2292 -0.0246  1.0000
848 688 -0.0085  0.0129  6.2440
880 688 -0.0551  0.0106 27.7429
912 688 -0.5443 -0.0115 117.2477
944 688 -0.4533  0.0495  1.0000
976 688 -0.0982  0.2921  9.4963
1008 688  0.3554  0.4856 16.4823
1040 688  0.3672  0.2182  8.2025
1072 688  0.2410  0.0635  8.8785
1104 688  0.1716  0.0123 10.4517
1136 688  0.1353  0.0304  1.0000
1168 688  0.0459 -0.0493 10.4301
1200 688 -0.1769 -0.0373  1.0000
1232 688 -0.3054 -0.0021 103.9350
1264 688  0.2460  0.0035 115.2147
1296 688  0.2124 -0.0171  1.0000
1328 688  0.1647 -0.0688  1.0000
1360 688  0.1106 -0.0805  1.0000
1456 688  0.0256 -0.0412  1.0000
1488 688 -0.0053  0.0002 36.3831
1520 688  0.0034  0.0000 37.1740
 16 720 -0.0103 -0.0222  1.0000
 48 720 -0.0266  0.0058 38.2249
 80 720  0.0261  0.2035  1.0000
112 720 -0.0137  0.0630 22.8658
144 720 -0.0106 -0.0042 54.3014
176 720 -0.2803  0.3917  9.6746
208 720  0.0040  0.0060 24.7413
240 720 -0.1845 -0.0876  1.0000
272 720  0.0054 -0.3489 489.1060
304 720 -0.0534 -0.0984  1.0000
336 720 -0.1701  0.1661 16.2423
368 720 -0.1016  0.1482 31.9523
400 720 -0.0037 -0.0024 49.5594
432 720  0.0051 -0.0121 77.9493
464 720 -0.0588 -0.0263 38.0923
496 720 -0.1026  0.2219  1.0000
528 720 -0.3766  0.3420 26.1262
560 720 -0.1050  0.1826  1.0000
592 720  0.2695  0.1274 2868.5396
624 720  0.4353  0.3114  1.0000
656 720  0.4737  0.5721  8.1213
688 720  0.2223  0.3556  1.0000
720 720  0.0605  0.0157  4.1750
752 720 -0.2951  0.0150  6.2879
784 720  0.1377  0.5982  6.5191
816 720 -0.3647 -0.0017 22.5736
848 720 -0.4166 -0.0920  1.0000
880 720 -0.3567 -0.0183  1.0000
912 720 -0.3947  0.0209 32.8109
944 720 -0.0052  0.0175  5.4221
976 720  0.2070 -0.0017  7.4578
1008 720  0.0269  0.0366  1.0000
1040 720  0.0151  0.1798  1.0000
1072 720 -0.0051  0.2629 25.4962
1104 720  0.0665  0.1230 44.6002
1136 720 -0.0084  0.0134 15.3583
1168 720 -0.0069  0.0090 18.5830
1200 720  0.0262  0.1459 54.1560
1232 720 -0.0060 -0.0486 52.0782
1264 720 -0.1034 -0.0915 20.0981
1296 720 -0.1291 -0.0467 20.0648
1328 720  0.0732 -0.0176  9.8956
1360 720  0.0081  0.0124 24.5376
1456 720 -0.0127  0.0044 32.5986
1488 720  0.0035  0.0001 33.5183
1520 720 -0.0525  0.0669  1.0000
 16 752 -0.0770  0.1300  1.0000
 48 752 -0.0860  0.1398 18.8496
 80 752 -0.0415  0.0016  1.0000
112 752 -0.0736  0.0177 18.5750
144 752 -0.0155  0.4099  9.6463
176 752  0.0107  0.0171 114.8837
208 752 -0.0148 -0.0115 56.3206
240 752 -0.1359  0.1898  1.0000
272 752 -0.0319  0.0009 143.6307
304 752 -0.0258 -0.1307  1.0000
336 752  0.0896 -0.2446  1.0000
368 752  0.0921 -0.1050 14.0359
400 752 -0.0109  0.0671 21.3495
432 752 -0.0042  0.2528 12.5791
464 752  0.1125  0.5656  8.5413
496 752  0.1063  0.2102 13.9497
528 752  0.0006 -0.0080 10.0099
560 752  0.0067  0.3857 15.3077
592 752 -0.1760  0.4408  1.0000
624 752 -0.0647  0.3527  1.0000
656 752  0.1732  0.3179  1.0000
688 752  0.3166  0.3760  1.0000
720 752  0.3520  0.4196  1.0000
752 752  0.1872  0.2549  1.0000
784 752 -0.0761  0.0414  1.0000
816 752 -0.4633  0.0178 26.0202
848 752 -0.2366  0.1970  1.0000
880 752 -0.4207 -0.1433 419.6196
912 752 -0.3321 -0.1290 14.4918
944 752 -0.1806  0.0049 178.8298
976 752 -0.2085  0.0206  1.0000
1008 752 -0.0021  0.0124  1.0000
1040 752  0.1586 -0.0159  1.0000
1072 752  0.1170 -0.0494  1.0000
1104 752  0.1278  0.0235 10257408.0000
1136 752  0.0661  0.0150 13.6869
1168 752 -0.0032 -0.0337 35.4107
1200 752 -0.0039 -0.0011 40.3520
1232 752 -0.1039  0.0897 11.5253
1264 752 -0.0136  0.3652  8.4399
1296 752  0.0039 -0.0651 1190.3077
1328 752 -0.0084 -0.0974  1.0000
1360 752 -0.0055  0.0048 28.7143
1488 752 -0.0004 -0.0016 36.8806
1520 752  0.0259 -0.0008  1.0000
 16 784  0.0007  0.0014 104.6360
 48 784 -0.1576  0.1074  1.0000
 80 784 -0.1596  0.1845 11.2074
112 784 -0.1016  0.2430  1.0000
144 784 -0.1021  0.2826 16.4794
176 784 -0.0103 -0.0031 61.5408
208 784 -0.2376  0.0061 37.6339
240 784 -0.2597  0.2428  1.0000
272 784 -0.0336  0.1639  9.9618
304 784 -0.0534  0.1273  6.0814
336 784 -0.0852  0.1448  1.0000
368 784 -0.0325  0.0357  1.0000
400 784  0.0216 -0.0481  1.0000
432 784  0.1141 -0.0702  1.0000
464 784  0.1739 -0.0053 52.1993
496 784  0.0489 -0.0198  1.0000
528 784  0.0535  0.1639 11.9567
560 784  0.0802  0.3349 37.5360
592 784  0.1475  0.1366  1.0000
624 784  0.0970  0.0415  1.0000
656 784  0.0281  0.2400  1.0000
688 784 -0.1005  0.3124  1.0000
720 784 -0.0880  0.2846  1.0000
752 784  0.0487  0.2600  1.0000
784 784  0.1140  0.2640  1.0000
816 784  0.1736  0.1871  1.0000
848 784  0.1461  0.1095  1.0000
880 784  0.0241  0.0167  9.6310
912 784 -0.2215 -0.0131  9.2686
944 784 -0.2080  0.0144 19.1407
976 784 -0.2670 -0.0946  1.0000
1008 784 -0.1982 -0.1235  1.0000
1040 784 -0.0946 -0.0503  1.0000
1072 784 -0.0902 -0.0158  1.0000
1104 784 -0.0336  0.0029  1.0000
1136 784  0.0023 -0.0122 40.8986
1168 784 -0.0115 -0.1167 53.9242
1200 784  0.0064  0.0045  8.6557
1232 784 -0.3974  0.0628 335.2589
1264 784 -0.2445 -0.1400 66.2676
1296 784 -0.0135 -0.0105 12.5180
1328 784 -0.2953 -0.1738 195.3984
1360 784 -0.0035  0.0000 37.3662
1488 784 -0.0027  0.0043 29.6943
1520 784  0.0371 -0.0088  1.0000
 16 816  0.0408  0.2548  1.0000
 48 816  0.0084  0.1901  1.0000
 80 816  0.0238  0.0481 24.3945
112 816 -0.4131  0.0235 24.4495
144 816 -0.4692  0.2522 109.6703
176 816 -0.2421  0.2373  1.0000
208 816  0.0664  0.1416 10.1917
240 816  0.3535 -0.0052 14.1234
272 816  0.2068 -0.1041  1.0000
304 816 -0.0753 -0.0779  1.0000
336 816 -0.2730  0.0180  1.0000
368 816 -0.1207  0.4213  1.0000
400 816 -0.1059  0.2971  1.0000
432 816 -0.0947  0.1954 7397504.0000
464 816 -0.0557  0.0803  1.0000
496 816 -0.0181  0.0296  1.0000
528 816  0.0038  0.0715 258.1046
560 816 -0.0300  0.1685 10.1253
592 816 -0.0592 -0.1343 12.3197
624 816  0.0677  0.0402  1.0000
656 816 -0.0335  0.0901  1.0000
688 816  0.1828 -0.0726  1.0000
720 816  0.1522 -0.0525  1.0000
752 816  0.0229  0.0623  1.0000
784 816 -0.1132  0.1276  1.0000
816 816 -0.1719  0.1230  1.0000
848 816 -0.0442  0.1172  1.0000
880 816 -0.1152  0.1694  1.0000
912 816 -0.0144 -0.0019 14.1126
944 816  0.0868  0.0141 109.9522
976 816  0.1486 -0.0032 45.4860
1008 816 -0.0233 -0.0233  1.0000
1040 816 -0.0719 -0.0055  1.0000
1072 816 -0.1030  0.0318  1.0000
1104 816 -0.0675 -0.0748  1.0000
1136 816 -0.0015 -0.0062 54.2255
1168 816 -0.0077 -0.0038 20.0455
1200 816  0.0015  0.0036 41.1906
1232 816  0.0929 -0.0021 45.9278
1264 816  0.0022 -0.0096 117.0114
1296 816 -0.2026 -0.0048 43.9725
1328 816  0.2875  0.4058  9.1116
1360 816 -0.1150  0.0033 225.0256
1488 816 -0.0046  0.0000 34.4375
1520 816 -0.0921 -0.0356  1.0000
 16 848  0.0182  0.0899 16.7354
 48 848  0.0060  0.0146 24.1915
 80 848  0.0103  0.0098 16.9328
112 848 -0.0128  0.5532 14.1108
144 848 -0.0109  0.3328 28.3939
176 848  0.3787  0.0026 115.5569
208 848  0.0052  0.5353  9.0791
240 848 -0.4392  0.5311 10.1674
272 848 -0.2089  0.2558  1.0000
304 848  0.0801  0.0667  1.0000
336 848  0.2911 -0.0757  1.0000
368 848  0.2387 -0.1498  1.0000
400 848  0.0387 -0.1268  1.0000
432 848 -0.1536 -0.1034 22.9012
464 848 -0.1986  0.6222  1.0000
496 848 -0.1532  0.4392  1.0000
528 848 -0.1190  0.2481 79.0492
560 848 -0.0761  0.0783  1.0000
592 848 -0.0449  0.0085  7.4126
624 848 -0.0309  0.0005  8.5535
656 848 -0.0003  0.0113  5.9244
688 848  0.0045 -0.0175 53.1429
720 848  0.2338  0.1306  7.5608
752 848 -0.2110  0.0712 15.0951
784 848  0.2295 -0.2015 11.9484
816 848  0.1285 -0.0944 437.6250
848 848 -0.0369 -0.0437  1.0000
880 848 -0.1380  0.0055  1.0000
912 848 -0.2648 -0.0013 57.2429
944 848 -0.0056  0.0001 25.9506
976 848 -0.3178  0.2480 15.8611
1008 848 -0.1873  0.1114  1.0000
1040 848 -0.0825  0.0736  1.0000
1072 848 -0.1063 -0.0013 13.4138
1104 848 -0.0465 -0.0227  1.0000
1136 848  0.0008 -0.0009 18.3539
1168 848 -0.0026  0.2173 15.1627
1200 848  0.0023 -0.0007 25.0729
1232 848  0.0158  0.3656 21.7443
1264 848  0.0048  0.1567 11.8441
1296 848  0.0056 -0.0026 32.0155
1328 848  0.0401 -0.0099  1.0000
1360 848 -0.0014 -0.0030 38.3614
1392 848  0.0093  0.0000 35.2632
1488 848  0.1721  0.1616  1.0000
1520 848 -0.0020 -0.0005 43.4819
 16 880  0.0097 -0.0034 38.6808
 48 880 -0.0063 -0.0019 37.2925
 80 880 -0.0097 -0.0448 190.9290
112 880 -0.1443  0.1093  1.0000
144 880 -0.3073  0.4347 13.7030
176 880 -0.4705  0.3250 14.0636
208 880 -0.2115  0.1548  1.0000
240 880 -0.0532  0.2007 66.1098
272 880 -0.3711  0.6183  8.8979
304 880 -0.0005  0.0070 13.4370
336 880  0.0202 -0.0549  7.0303
368 880  0.0896 -0.0693  1.0000
400 880  0.1578 -0.0942  1.0000
432 880  0.1860 -0.1411 201.3750
464 880  0.0777 -0.0919  1.0000
496 880 -0.0355 -0.0657  1.0000
528 880 -0.2170  0.6046  1.0000
560 880 -0.1695  0.4950 52.2803
592 880 -0.1271  0.2534  4.2818
624 880 -0.0676  0.0294  1.0000
656 880 -0.0393 -0.0152  1.0000
688 880 -0.0686 -0.0375 11.7028
720 880 -0.0770 -0.0819  1.0000
752 880 -0.0034 -0.2632 10.6692
784 880  0.2079  0.1120  1.0000
816 880  0.0928  0.3496 10.8572
848 880 -0.0760  0.2133  9.0298
880 880 -0.1843  0.0732  1.0000
912 880 -0.2080 -0.0406  1.0000
944 880 -0.0449  0.0090 35.1724
976 880 -0.0959  0.0238  7.1782
1008 880  0.0001  0.0430  2.7944
1040 880 -0.0847  0.0001  3.8589
1072 880 -0.0800  0.0570  1.0000
1104 880 -0.0114  0.1133 19.2583
1136 880  0.0040 -0.0019 26.8132
1168 880 -0.0061 -0.0116 140.1567
1200 880  0.0004 -0.0061 8528896.0000
1232 880  0.0399  0.0964  1.0000
1264 880  0.0541 -0.0302  1.0000
1296 880 -0.0146 -0.0022 34.6909
1328 880 -0.0117  0.0283  1.0000
1360 880 -0.0011 -0.0039 35.9054
1456 880  0.0014 -0.0015 40.7527
1488 880 -0.0177 -0.0008 38.1647
1520 880 -0.0105 -0.0284  1.0000
 16 912 -0.0032 -0.0006 37.7735
 48 912 -0.0334  0.0038 64.7173
 80 912 -0.0023  0.0072 47.3249
112 912 -0.2154  0.0353  5.2203
144 912 -0.5455 -0.3315 15.1156
176 912 -0.2573 -0.1339  1.0000
208 912  0.0734  0.0052 23.2245
240 912 -0.0032  0.0082 33.4271
272 912  0.0184 -0.1941 533.1976
304 912 -0.0255 -0.0590  1.0000
336 912 -0.1756 -0.0061  6.8454
368 912 -0.0228 -0.1824 24.4870
400 912  0.0210 -0.1803  1.0000
432 912  0.0266 -0.1062  1.0000
464 912 -0.0052 -0.0127 16.7471
496 912  0.0622 -0.0059  1.0000
528 912  0.0488  0.0456  1.0000
560 912  0.0145  0.1032  1.0000
592 912 -0.1457  0.3008  1.0000
624 912 -0.1276  0.3368  1.0000
656 912 -0.1038  0.1885  1.0000
688 912 -0.0006 -0.0367 11.6425
720 912  0.0572  0.0753  1.0000
752 912  0.0232  0.2287 19.5192
784 912 -0.1254  0.2062 23.2500
816 912 -0.0462  0.0380  6.9964
848 912  0.1452  0.2715  1.0000
880 912  0.2456  0.6562 33.3302
912 912 -0.4745  0.5644 10.4576
944 912 -0.5162  0.2534 16.1261
976 912 -0.4313 -0.0166 108.3964
1008 912 -0.0352  0.0686  1.0000
1040 912 -0.0314  0.0848  1.0000
1072 912  0.0038  0.1931 41.0508
1104 912 -0.0328  0.0151 30.6066
1136 912 -0.0247  0.0061  1.0000
1168 912  0.0075 -0.0066 28.4335
1200 912 -0.0008 -0.0853 93.3333
1232 912 -0.0051 -0.0874 36.8871
1264 912  0.0056  0.2337 19.1990
1296 912  0.0655  0.1221 10.9202
1328 912  0.1221  0.0037  5.7549
1360 912  0.0119  0.0103 31.7663
1456 912 -0.0019  0.0102  1.0000
1488 912  0.0088  0.0062 35.8919
1520 912 -0.0014  0.0018 38.7589
 16 944  0.0009  0.0010 36.8533
 48 944 -0.0012 -0.0293  1.0000
 80 944  0.0026  0.0018 40.4921
112 944 -0.0206  0.0379  1.0000
144 944 -0.0780  0.2849 275.0493
176 944 -0.1013  0.4972 12.8573
208 944 -0.2636  0.0048 82.6762
240 944 -0.2943  0.1032  1.0000
272 944 -0.3277  0.3375  6.3805
304 944 -0.1972  0.2643  1.0000
336 944  0.0957 -0.0348  1.0000
368 944  0.0023  0.0044  8.1411
400 944 -0.2081 -0.0375  1.0000
432 944 -0.1348 -0.1585  1.0000
464 944 -0.0294 -0.1778  1.0000
496 944  0.0385 -0.1037  1.0000
528 944  0.0677  0.0371  1.0000
560 944  0.0435  0.1027  1.0000
592 944  0.0234  0.1897  1.0000
624 944  0.0026  0.2952  1.0000
656 944 -0.0072 -0.0107 11.9119
688 944 -0.0449  0.2268  1.0000
720 944 -0.0701  0.2000 15.8165
752 944  0.1213  0.0714  1.0000
784 944  0.1864  0.1687  1.0000
816 944  0.1028  0.2644  1.0000
848 944 -0.0813  0.2087  1.0000
880 944 -0.1939  0.0452  1.0000
912 944 -0.3120  0.0005 29.9407
944 944 -0.5716 -0.0011 52.4559
976 944 -0.6476  0.2484  1.0000
1008 944 -0.4614  0.2786 16.9710
1040 944 -0.1483  0.2225  1.0000
1072 944  0.2271  0.2018 15.7168
1104 944  0.0034 -0.0102 37.7353
1136 944  0.0031  0.0018  7.7644
1168 944  0.0051  0.0046 12.7219
1200 944 -0.0017  0.0074  8.2677
1232 944 -0.0021 -0.0008 33.7784
1264 944 -0.0367 -0.0850  1.0000
1296 944 -0.0332 -0.0348  1.0000
1328 944 -0.0216  0.1010  1.0000
1360 944  0.0036  0.0063 28.7437
1392 944  0.0138  0.0050 35.9523
1424 944  0.0130 -0.0128 50.7000
1456 944  0.0012 -0.0027  1.0000
1488 944  0.0006  0.0025 29.9823
1520 944  0.0022  0.0016 23.2900
 16 976  0.0015 -0.0012 45.7509
 48 976 -0.0055  0.0023 22.5893
 80 976 -0.0111  0.2372 26.4883
112 976  0.0043  0.0071 15.2335
144 976 -0.1319  0.3290 26.6850
176 976  0.1308  0.3449  1.0000
208 976  0.0038  0.2936 19.2645
240 976 -0.1095  0.2450 21.9659
272 976 -0.1984  0.3735  1.0000
304 976 -0.3800  0.4311 21.5173
336 976  0.1773 -0.0081  8.5668
368 976 -0.1173 -0.0111  1.0000
400 976 -0.3985 -0.0055  5.6292
432 976 -0.2490 -0.1177  1.0000
464 976 -0.0582 -0.1518  1.0000
496 976  0.0664 -0.1023 11.1020
528 976  0.1540  0.0820 13.7814
560 976  0.0076  0.1460 16.1429
592 976 -0.0213  0.2677  6.5336
624 976 -0.0479  0.3900  1.0000
656 976  0.1294  0.0845  1.0000
688 976  0.0677  0.1833  5.6382
720 976  0.0018 -0.0112 18.0769
752 976  0.2640  0.0108  7.8990
784 976  0.3119  0.1989  1.0000
816 976  0.1860  0.2483 81.3418
848 976 -0.0361  0.1470  9.1772
880 976 -0.2448 -0.0276  1.0000
912 976 -0.4228 -0.1378 9696734.0000
944 976 -0.5560 -0.1273  1.0000
976 976 -0.4790  0.0799  1.0000
1008 976 -0.2684  0.2104  1.0000
1040 976 -0.0154  0.2548 14.4962
1072 976  0.0076  0.0174 16.0629
1104 976 -0.0039 -0.0018 17.4398
1136 976  0.0040  0.0380 36.3819
1168 976 -0.0018 -0.0032  1.0000
1200 976  0.0073  0.0082 39.6061
1232 976  0.0063 -0.0508 71.9556
1264 976  0.0034 -0.1112 587.5833
1296 976  0.0121  0.0076 31.9144
1328 976 -0.0152  0.0532  1.0000
1392 976 -0.0378 -0.0007  1.0000
1424 976  0.0057  0.0040 27.2168
1456 976  0.0003  0.0023  1.0000
1488 976 -0.0018  0.0039 32.6725
1520 976  0.0041  0.0015 33.0251
 16 1008  0.0005  0.0011 68.3630
 48 1008  0.0026 -0.0357  1.0000
 80 1008 -0.0021 -0.1093  1.0000
112 1008  0.0043 -0.2239 50.1517
144 1008 -0.0233  0.0101 37.5044
176 1008 -0.0098  0.4871 15.0599
208 1008  0.4035 -0.0271 25.3470
240 1008 -0.1907  0.0095 23.3737
272 1008 -0.0024  0.0106 20.7399
304 1008  0.1675  0.0041 148.0245
336 1008 -0.3552 -0.1371 60.0817
368 1008 -0.1086  0.0349  1.0000
400 1008 -0.3024 -0.0568 19.4213
432 1008 -0.3563 -0.2416  8.4907
464 1008 -0.1954 -0.1738  1.0000
496 1008 -0.0029 -0.1253  1.0000
528 1008  0.0598 -0.0700  1.0000
560 1008  0.0141  0.0244  1.0000
592 1008 -0.1629  0.0651  7.6212
624 1008 -0.1184  0.1863  1.0000
656 1008 -0.0933  0.3146  1.0000
688 1008  0.1589  0.2150  1.0000
720 1008  0.0529  0.1030  1.0000
752 1008 -0.0198 -0.1034  1.0000
784 1008  0.0864 -0.1087  8.9961
816 1008  0.2626  0.2102 15.1525
848 1008  0.1847  0.2127  1.0000
880 1008 -0.0284  0.0675  1.0000
912 1008 -0.2465 -0.1213  1.0000
944 1008 -0.3808 -0.2368  1.0000
976 1008 -0.3672 -0.1850  1.0000
1008 1008 -0.2135 -0.0158  1.0000
1040 1008 -0.1023  0.0487  1.0000
1072 1008 -0.0062  0.0017 37.1193
1104 1008  0.0213  0.0234  1.0000
1136 1008  0.0441  0.0769  1.0000
1168 1008  0.0159  0.0275  1.0000
1200 1008  0.0009 -0.0121 140.2619
1232 1008  0.0751  0.1141  1.0000
1264 1008  0.2198  0.0736  1.0000
1296 1008  0.4512  0.0093 12.7086
1328 1008  0.2713  0.0121  1.0000
1360 1008  0.0721  0.0487  1.0000
1392 1008 -0.0332 -0.0114 46.0274
1424 1008  0.1184  0.0003 45.4284
1456 1008  0.0149  0.0152 40.9083
1488 1008  0.0002  0.0086  1.0000
1520 1008 -0.0012  0.0004 47.1851
 16 1040 -0.0039 -0.0018  1.0000
 48 1040 -0.0013  0.0025 47.2869
 80 1040 -0.0293  0.0385 35.7779
112 1040 -0.0647 -0.0177 35.0393
144 1040 -0.0223  0.0855  1.0000
176 1040 -0.0157  0.2325 26.1193
208 1040  0.1812 -0.0171  1.0000
240 1040 -0.0016 -0.0153 50.7529
272 1040 -0.0053 -0.0062 24.1463
304 1040  0.2146 -0.1018 138.5316
336 1040 -0.2313  0.2506  1.0000
368 1040 -0.0225  0.4942 48.8144
400 1040 -0.0142 -0.0023 69.3384
432 1040 -0.1523 -0.4436 7222720.0000
464 1040 -0.0476 -0.1017  1.0000
496 1040  0.1309 -0.0332  1.0000
528 1040  0.0896 -0.0111  1.0000
560 1040 -0.0182  0.0220  1.0000
592 1040 -0.0989  0.0633 15.1209
624 1040 -0.0831  0.0991  1.0000
656 1040 -0.0400  0.1549  1.0000
688 1040  0.1073  0.3400  1.0000
720 1040  0.0029  0.1041  1.0000
752 1040 -0.1241 -0.1769  1.0000
784 1040 -0.2202 -0.3429 121.0874
816 1040 -0.0590  0.0349 11.6719
848 1040  0.0651  0.0969 14.8380
880 1040 -0.0833 -0.0353  1.0000
912 1040 -0.2772 -0.2214  1.0000
944 1040 -0.3654 -0.3466 16.8552
976 1040 -0.2284 -0.2388 31.2789
1008 1040  0.0133 -0.0349  7.6873
1040 1040 -0.0009  0.0290  1.0000
1072 1040 -0.0058  0.0988 28.1429
1104 1040  0.0464  0.1789  1.0000
1136 1040  0.1217  0.2763  1.0000
1168 1040  0.0365  0.0770  1.0000
1200 1040  0.0202  0.1096  1.0000
1232 1040  0.0458  0.3129  4.0353
1264 1040  0.0933  0.1963  1.0000
1296 1040  0.1643  0.0285 26.4886
1328 1040  0.2095  0.0000 82.8532
1360 1040  0.0700  0.1194  1.0000
1392 1040 -0.0004 -0.0125 47.7111
1424 1040  0.0304 -0.0135  1.0000
1456 1040  0.0030  0.0023 41.4675
1488 1040  0.0066  0.0036 25.1750
1520 1040  0.0059  0.0023  1.0000
 16 1072 -0.0056 -0.0107 53.2308
 48 1072  0.0005 -0.0003 57.7260
 80 1072 -0.0062  0.0109 29.3814
112 1072 -0.0216  0.0272  1.0000
144 1072 -0.0056  0.0659 60.6308
176 1072 -0.2235  0.0079 45.1360
208 1072 -0.0301 -0.0525  1.0000
240 1072 -0.0037  0.0037 20.6484
272 1072 -0.0145  0.0030 21.3360
304 1072  0.3266 -0.2082 11419776.0000
336 1072 -0.4927  0.6042  9.2616
368 1072 -0.2708  0.5751  1.0000
400 1072 -0.0894  0.1614  1.0000
432 1072 -0.0861 -0.0112  2.9141
464 1072 -0.0051  0.3383 31.4057
496 1072  0.2092  0.1363  5.4116
528 1072  0.0425  0.0599  1.0000
560 1072 -0.0946  0.0155  7.7774
592 1072 -0.1046  0.0071  1.0000
624 1072 -0.0285 -0.0042 10.1186
656 1072  0.0929 -0.0045  1.0000
688 1072  0.0032  0.4315  1.0000
720 1072  0.0028  0.2088  7.7973
752 1072 -0.0477 -0.0171  1.0000
784 1072 -0.0558 -0.1078 19.9047
816 1072 -0.0444 -0.0003  1.0000
848 1072 -0.0211  0.0036  1.0000
880 1072 -0.1412 -0.0983  1.0000
912 1072 -0.3268 -0.2491  1.0000
944 1072 -0.4324 -0.4118 109.3646
976 1072 -0.2585 -0.2960  1.0000
1008 1072 -0.0689 -0.1757  1.0000
1040 1072 -0.0862 -0.0838  1.0000
1072 1072 -0.1668  0.0129  9.7867
1104 1072 -0.0247  0.1972  4.6367
1136 1072  0.1699  0.4626  6.6230
1168 1072 -0.0055 -0.0118  3.0532
1200 1072  0.0176  0.0468  1.0000
1232 1072 -0.0118  0.2308  1.0000
1264 1072 -0.1015  0.2036  1.0000
1296 1072 -0.2462 -0.0014 16.9592
1328 1072 -0.0664  0.0763  1.0000
1360 1072 -0.0134  0.3116 18.9524
1392 1072  0.0931  0.0062 28.7514
1424 1072 -0.0148 -0.0053 37.3984
1456 1072  0.0028  0.0029 117.2748
1488 1072  0.0014 -0.0002 54.4294
1520 1072  0.0297  0.0251  1.0000
 16 1104  0.0190 -0.0013  1.0000
 48 1104 -0.0160 -0.0056  1.0000
 80 1104 -0.0077  0.0026  1.0000
112 1104 -0.0411  0.0125 41.6730
144 1104 -0.0834 -0.0082 24.0318
176 1104 -0.1267 -0.0293  1.0000
208 1104 -0.0219  0.0026 67.7078
240 1104 -0.0084  0.2985  9.5323
272 1104 -0.0907  0.1007 22.3169
304 1104 -0.2788  0.5455  9.2209
336 1104 -0.4514  0.6292  1.0000
368 1104 -0.2680  0.3802  6.5492
400 1104 -0.0949  0.0095  1.0000
432 1104 -0.1237 -0.0434  1.0000
464 1104 -0.1771  0.1502  9.6978
496 1104 -0.2081  0.1138  1.0000
528 1104 -0.2414  0.0912  1.0000
560 1104 -0.2277  0.0242  1.0000
592 1104 -0.1438 -0.0210  1.0000
624 1104  0.0273 -0.0432  1.0000
656 1104  0.2393 -0.0830  1.0000
688 1104 -0.1525  0.4030  1.0000
720 1104 -0.0477  0.2161  1.0000
752 1104 -0.0191  0.1082  1.0000
784 1104 -0.0098  0.0717  1.0000
816 1104 -0.0122  0.0497  1.0000
848 1104 -0.0214 -0.0115  1.0000
880 1104 -0.1077 -0.0641  1.0000
912 1104 -0.2594 -0.0620 45.0303
944 1104 -0.3513 -0.0279  1.0000
976 1104 -0.2284 -0.1242  1.0000
1008 1104 -0.0746 -0.2254  1.0000
1040 1104 -0.0675 -0.1476  1.0000
1072 1104 -0.0989 -0.0698  1.0000
1104 1104 -0.1519 -0.0442 42.3720
1136 1104 -0.0844  0.1585  1.0000
1168 1104 -0.0717 -0.0049  1.0000
1200 1104  0.0411  0.0140 12.8588
1232 1104  0.0156  0.1831  1.0000
1264 1104 -0.0110  0.2586 20.0485
1296 1104  0.0100  0.0121 278.1809
1328 1104 -0.0143 -0.0118 39.2304
1360 1104  0.0327  0.1607 22.0892
1392 1104  0.0654  0.0381  1.0000
1424 1104  0.0058 -0.0041  1.0000
1456 1104 -0.0061 -0.0136  1.0000
1488 1104  0.0002  0.0002 985.4164
1520 1104  0.0772  0.0873  1.0000
 16 1136  0.0541  0.0089  1.0000
 48 1136 -0.0673 -0.0079  1.0000
 80 1136  0.0008  0.0001 64.9656
112 1136 -0.0039  0.0078 275.7083
144 1136  0.0034  0.0397  1.0000
176 1136 -0.0142  0.0096 1189.8257
208 1136 -0.0197  0.0122 49.7338
240 1136 -0.0800  0.1839  1.0000
272 1136 -0.1277  0.1133  1.0000
304 1136 -0.2123  0.2226  1.0000
336 1136 -0.2093  0.2412  1.0000
368 1136 -0.1133  0.0293  1.0000
400 1136 -0.0067 -0.3204 148.6288
432 1136 -0.1569 -0.2557  1.0000
464 1136 -0.3030 -0.0770 71.2969
496 1136 -0.5114  0.0136  4.2189
528 1136 -0.4525  0.1265  1.0000
560 1136 -0.3228  0.0292  1.0000
592 1136 -0.2037 -0.0371  1.0000
624 1136  0.0478 -0.0361  1.0000
656 1136  0.2869 -0.0749  1.0000
688 1136 -0.2583  0.2685 14.8678
720 1136 -0.0683  0.1446  1.0000
752 1136 -0.0050  0.1750  1.0000
784 1136  0.0030  0.2264  1.0000
816 1136  0.0016  0.1265  1.0000
848 1136  0.0090 -0.0040 18.4250
880 1136  0.0039 -0.0525  5.6211
912 1136 -0.0029 -0.0039 16.7320
944 1136 -0.2394  0.3757 43.1272
976 1136 -0.1586  0.1033  1.0000
1008 1136 -0.0065 -0.2288 29.0726
1040 1136  0.0081 -0.0618  1.0000
1072 1136  0.1089  0.0871  1.0000
1104 1136 -0.1209  0.0826  1.0000
1136 1136 -0.3191  0.1028 10.1794
1168 1136 -0.2581  0.0176  1.0000
1200 1136 -0.1204  0.0154  1.0000
1232 1136 -0.0549  0.0969  1.0000
1264 1136 -0.0183  0.1319  1.0000
1296 1136  0.0118  0.0210  1.0000
1328 1136 -0.0037 -0.0013 329.8218
1360 1136  0.0235  0.0491  1.0000
1392 1136  0.0299  0.0148  1.0000
1424 1136  0.0092 -0.0050  1.0000
1456 1136 -0.0006  0.0007 57.6670
1488 1136  0.0393  0.0764  1.0000
1520 1136  0.1378  0.2009 21.5970
 16 1168  0.0964  0.0040 19.9493
 48 1168 -0.1983 -0.0017 16.0909
 80 1168 -0.0675  0.0081  1.0000
112 1168  0.0093  0.0454  1.0000
144 1168  0.0563  0.1093 26.6471
176 1168 -0.0419  0.0058 43.9870
208 1168 -0.0666  0.0382  1.0000
240 1168 -0.1398  0.0994 61.2212
272 1168 -0.0880 -0.0060  1.0000
304 1168 -0.0574 -0.2096 31.0674
336 1168 -0.0067 -0.0144 52.8110
368 1168 -0.0611 -0.0277  1.0000
400 1168 -0.1073 -0.2202 10.7022
432 1168 -0.2092 -0.2439 168.6473
464 1168 -0.1037 -0.1164  4.0539
496 1168  0.0539  0.0109  8.1375
528 1168 -0.2682  0.2653 36.2018
560 1168 -0.2308  0.0293  1.0000
592 1168 -0.2966 -0.0525  1.0000
624 1168 -0.0100  0.0147 38.8629
656 1168  0.1175 -0.0034  1.0000
688 1168 -0.1660  0.0421  1.0000
720 1168 -0.0132  0.0070  2.7020
752 1168  0.0265  0.1820  3.3706
784 1168  0.0027  0.3475  5.4545
816 1168 -0.0318  0.1812  1.0000
848 1168 -0.0637  0.0545  1.0000
880 1168 -0.0607  0.0078  1.0000
912 1168 -0.0729  0.0793  1.0000
944 1168 -0.2086  0.3062 246.0787
976 1168 -0.1265  0.2468  1.0000
1008 1168 -0.0516 -0.0939 63.7448
1040 1168 -0.0148  0.1743  6.6832
1072 1168  0.3722  0.3603 10.6790
1104 1168 -0.0696  0.2762  1.0000
1136 1168 -0.5397  0.1682 125.4893
1168 1168 -0.4165  0.0530 10.3578
1200 1168 -0.2594  0.0123  1.0000
1232 1168 -0.1430  0.0246  1.0000
1264 1168 -0.0685  0.0360  1.0000
1296 1168 -0.0350  0.0000 129.7771
1328 1168 -0.0657  0.0102 25.2477
1360 1168 -0.0010  0.0008 33.1089
1392 1168 -0.0048 -0.0038 51.6281
1424 1168  0.0004 -0.0011 45.9778
1456 1168 -0.0283  0.0105  1.0000
1488 1168 -0.0177  0.0012  1.0000
1520 1168 -0.0145 -0.0039 29.3837
 16 1200  0.0176  0.0517 105.2000
 48 1200 -0.0827  0.0510  1.0000
 80 1200 -0.0008  0.0021 15.1204
112 1200  0.0007 -0.0013 401.4844
144 1200 -0.0055  0.0063 64.6003
176 1200  0.0026  0.0604 36.6465
208 1200  0.0126  0.0726  1.0000
240 1200 -0.0008  0.0022 25.2709
272 1200 -0.0005  0.0188 32.9265
304 1200  0.0007 -0.3525 35.3347
336 1200 -0.1259  0.3352 20.8286
368 1200 -0.1350  0.2502  1.0000
400 1200 -0.2070  0.0645 17.3928
432 1200 -0.3262 -0.0422 74.1897
464 1200 -0.0933  0.0552  1.0000
496 1200  0.0820  0.1879  1.0000
528 1200 -0.0101  0.3612 30.7169
560 1200 -0.0040  0.0006 214.8726
592 1200 -0.4972 -0.0104 112.7336
624 1200 -0.3753  0.0704  1.0000
656 1200 -0.2963  0.1048  1.0000
688 1200 -0.0600  0.0364  1.0000
720 1200  0.0353  0.0505  1.0000
752 1200  0.0763  0.1278  1.0000
784 1200  0.0449  0.1623  4.2449
816 1200 -0.0587  0.0501  1.4592
848 1200 -0.1804  0.0484  7.0388
880 1200 -0.1620  0.0134  9.0619
912 1200 -0.0966  0.0635 69.2450
944 1200 -0.0868  0.3178 12.8933
976 1200 -0.0084  0.5319 15.5542
1008 1200  0.0215  0.2569  3.9068
1040 1200  0.0692  0.2717  1.0000
1072 1200  0.2063  0.3443  1.0000
1104 1200 -0.0591  0.3361  1.0000
1136 1200 -0.3820  0.2340  1.0000
1168 1200 -0.3928  0.1057  1.0000
1200 1200 -0.2914  0.0240  1.0000
1232 1200 -0.1771 -0.0091  1.0000
1264 1200 -0.0846  0.0042  1.0000
1296 1200 -0.0161 -0.0087 51.7324
1328 1200  0.0706  0.0703 80.1463
1360 1200  0.0246  0.0234  1.0000
1392 1200 -0.0166  0.0133  1.0000
1424 1200  0.0001 -0.0000 140.2273
1456 1200 -0.0085 -0.0078 17.3143
1488 1200  0.0081 -0.0624  1.0000
1520 1200  0.0087 -0.0644  1.0000
 16 1232  0.0643 -0.0063 17.5676
 48 1232 -0.0236  0.0778 21.5735
 80 1232 -0.0014 -0.0094  8.6813
112 1232 -0.0153 -0.0297  1.0000
144 1232  0.0026 -0.0029 67.9054
176 1232  0.0332  0.0785  1.0000
208 1232  0.0594  0.1389 26.5645
240 1232 -0.0026  0.0052 35.2535
272 1232 -0.0956  0.0599 41.1186
304 1232 -0.0347 -0.0210  1.0000
336 1232 -0.0122  0.3381 43.1006
368 1232 -0.0437  0.3458  1.0000
400 1232 -0.0580  0.3414  1.0000
432 1232 -0.0176  0.4182 29.9178
464 1232  0.0385  0.2870  1.0000
496 1232  0.0766  0.2295  1.0000
528 1232 -0.0141  0.2692 23.2890
560 1232 -0.0058  0.4250 10.4607
592 1232  0.0026  0.6524  8.2265
624 1232 -0.3766  0.3362  8.5960
656 1232 -0.5153  0.3031  1.0000
688 1232 -0.0050  0.1722 40.6665
720 1232  0.0794  0.1410  1.0000
752 1232  0.1442  0.1188  1.0000
784 1232  0.1415  0.0319  1.0000
816 1232 -0.0148 -0.1011 9550080.0000
848 1232 -0.3159  0.0873  1.0000
880 1232 -0.2535 -0.0312  1.0000
912 1232 -0.0749 -0.1442 219.4793
944 1232  0.0009  0.0617  1.0000
976 1232  0.0507  0.2715  1.0000
1008 1232  0.0656  0.2104  1.0000
1040 1232  0.0812  0.1772  1.0000
1072 1232  0.0980  0.2060  1.0000
1104 1232 -0.0331  0.3341  1.0000
1136 1232 -0.2367  0.2639  1.0000
1168 1232 -0.3035  0.1349  6.0057
1200 1232 -0.2491  0.0503  1.0000
1232 1232 -0.1539  0.0097 41.8390
1264 1232 -0.0681  0.0841  1.0000
1296 1232 -0.0054  0.1700 69.9863
1328 1232  0.0324  0.0900  1.0000
1360 1232 -0.0001 -0.0008 1562.0811
1392 1232 -0.0053 -0.0044 109.3920
1424 1232  0.1529 -0.1022  1.0000
1456 1232  0.2672 -0.2608 17.5217
1488 1232  0.0974 -0.1706  1.0000
1520 1232 -0.0387 -0.0917  1.0000
 16 1264 -0.1578  0.0017 32.0357
 48 1264 -0.0901  0.0383  1.0000
 80 1264 -0.0535 -0.0001  1.0000
112 1264 -0.0645 -0.0378  1.0000
144 1264 -0.0157 -0.0190  1.0000
176 1264  0.0179  0.0230  1.0000
208 1264  0.0336  0.0504  1.0000
240 1264 -0.0040  0.0033 31.0394
272 1264 -0.0390  0.0715  1.0000
304 1264 -0.0467  0.0983  1.0000
336 1264  0.0141  0.2414  1.0000
368 1264  0.0059  0.2139  1.0000
400 1264  0.0171  0.2887  1.0000
432 1264  0.0639  0.3588  1.0000
464 1264  0.1047  0.2477  1.0000
496 1264  0.1122  0.1144 67.4800
528 1264  0.0302  0.0626  1.0000
560 1264  0.0075  0.0949  1.0000
592 1264 -0.0036  0.0671 195.3032
624 1264 -0.1811  0.3413 60.7853
656 1264 -0.4216  0.4811  7.4794
688 1264 -0.0069  0.2606 45.8351
720 1264  0.0824  0.2695  1.0000
752 1264  0.1845  0.2366  1.0000
784 1264  0.2892  0.1246 57.0896
816 1264  0.2731  0.0150  7.4763
848 1264 -0.4300  0.3386 88.3142
880 1264 -0.2939 -0.0281  1.0000
912 1264 -0.0049 -0.4057 37.2514
944 1264  0.0614 -0.2033  1.0000
976 1264  0.0792  0.0076  1.0000
1008 1264  0.0739  0.0488 21.6400
1040 1264  0.0612  0.0165  5.3071
1072 1264  0.0400  0.0048 24.1314
1104 1264  0.0113  0.3297  9.3029
1136 1264 -0.1365  0.2451  1.0000
1168 1264 -0.2256  0.1179  1.0000
1200 1264 -0.1794  0.0967  1.0000
1232 1264 -0.0866  0.1219  1.0000
1264 1264 -0.0329  0.0997  1.0000
1296 1264 -0.0027  0.0517 42.9865
1328 1264  0.0021  0.0038 121.5681
1360 1264  0.0099 -0.0248  1.0000
1392 1264  0.0519 -0.0149  1.0000
1424 1264  0.1484 -0.0128  8.1455
1456 1264  0.0018  0.0077 45.2857
1488 1264  0.0023 -0.0611  1.0000
1520 1264 -0.0045 -0.0661  1.0000
 16 1296  0.0053 -0.0048 22.7879
 48 1296  0.0016  0.0041  8.5676
 80 1296 -0.0110  0.0462  1.0000
112 1296 -0.0635  0.0036 22.2857
144 1296  0.0033  0.0039  6.7232
176 1296  0.0065 -0.0161  1.0000
208 1296  0.0180 -0.0099  1.0000
240 1296  0.0151  0.0051  1.0000
272 1296  0.0012  0.0782 131.8037
304 1296 -0.1289  0.0944  1.0000
336 1296  0.0010  0.1543 57.1047
368 1296 -0.0038  0.0037 19.9073
400 1296  0.0148  0.1433  1.0000
432 1296  0.0535  0.2280  1.0000
464 1296  0.1043  0.1332  1.0000
496 1296  0.1241 -0.0301 1030.4445
528 1296  0.0057 -0.1036 52.9352
560 1296 -0.0559 -0.0549  1.0000
592 1296 -0.0892  0.0134  1.0000
624 1296 -0.1878  0.2697  1.0000
656 1296 -0.3344  0.5062  1.0000
688 1296 -0.1086  0.4767  1.0000
720 1296 -0.0158  0.4560 15.7818
752 1296  0.0594  0.4553  5.2516
784 1296  0.1610  0.3643  1.0000
816 1296  0.1193  0.2294  1.0000
848 1296 -0.2311  0.2481  1.0000
880 1296 -0.2051 -0.0070  1.0000
912 1296 -0.0335 -0.2462 10874367.0000
944 1296  0.0433 -0.1799  5.8483
976 1296  0.0637 -0.0571  1.0000
1008 1296  0.0569 -0.0016  1.0000
1040 1296  0.0420  0.0029  1.0000
1072 1296  0.0284  0.0210  1.0000
1104 1296  0.0068  0.1585  1.0000
1136 1296 -0.0837  0.1039  1.0000
1168 1296 -0.1829  0.0080  7.1483
1200 1296 -0.1141  0.0823  1.0000
1232 1296 -0.0109  0.1968 48.2707
1264 1296 -0.0019  0.0997  1.0000
1296 1296 -0.0011 -0.0017 71.8516
1328 1296 -0.0036 -0.0281  1.0000
1360 1296  0.0056 -0.0347  1.0000
1392 1296  0.0326 -0.0283  1.0000
1424 1296  0.0710 -0.0035  1.0000
1456 1296  0.0079  0.0058 12.9697
1488 1296 -0.0091 -0.0363  1.0000
1520 1296  0.0010 -0.0652 22.8226
 16 1328 -0.0364  0.0037  5.2031
 48 1328  0.0065 -0.0696 14.0400
 80 1328  0.1110  0.2033  1.0000
112 1328  0.1901  0.2588  8.0385
144 1328  0.0915  0.1406  1.0000
176 1328  0.0021  0.0042 11.4740
208 1328 -0.0039 -0.0372  1.0000
240 1328 -0.0254 -0.0294  1.0000
272 1328 -0.1242  0.0081  1.0000
304 1328 -0.3670 -0.0009 21.5517
336 1328 -0.1274  0.0680  1.0000
368 1328 -0.0218  0.0969 53.2752
400 1328 -0.0186  0.1401  1.0000
432 1328 -0.0065  0.1886 91.1610
464 1328  0.0301  0.0949  1.0000
496 1328  0.0182 -0.0231  1.0000
528 1328 -0.0826 -0.0677  1.0000
560 1328 -0.1690 -0.0184  1.0000
592 1328 -0.1944  0.0649  1.0000
624 1328 -0.2370  0.2473  1.0000
656 1328 -0.3079  0.4568  1.0000
688 1328 -0.3163  0.6851  1.0000
720 1328 -0.2264  0.6186  1.0000
752 1328 -0.1642  0.6231 87.0425
784 1328 -0.0152  0.5160 37.6446
816 1328 -0.0087  0.2821  1.0000
848 1328 -0.1422  0.1494  1.0000
880 1328 -0.1312  0.0044  1.0000
912 1328 -0.0372 -0.0862 258.8636
944 1328  0.0153 -0.0496  1.0000
976 1328  0.0324  0.0019  1.0000
1008 1328  0.0267  0.0406  1.0000
1040 1328  0.0155  0.0587  1.0000
1072 1328  0.0181  0.0551  1.0000
1104 1328  0.0207  0.0710  1.0000
1136 1328 -0.0017  0.0139 64.9522
1168 1328 -0.0699 -0.0381  1.0000
1200 1328 -0.0519 -0.0216  1.0000
1232 1328 -0.0128 -0.0090 22.7456
1264 1328 -0.0121  0.0101  1.0000
1296 1328 -0.0138 -0.0086  1.0000
1328 1328 -0.0118 -0.0053  1.0000
1360 1328 -0.0044  0.0020  6.1709
1392 1328  0.0014 -0.0063  7.4275
1424 1328  0.0281  0.0179  1.0000
1456 1328  0.0168  0.0214  1.0000
1488 1328  0.0021  0.0038 29.9259
1520 1328  0.0485 -0.0051  1.0000
 16 1360  0.2311 -0.0246  1.0000
 48 1360  0.1457  0.0636  1.0000
 80 1360  0.0922  0.3945  3.7455
112 1360  0.0765  0.3491  1.0000
144 1360  0.0491  0.2488  1.0000
176 1360  0.0054  0.1344  1.0000
208 1360  0.0043 -0.0069  7.0476
240 1360  0.0090 -0.0340  1.0000
272 1360 -0.0003  0.0009 49.7241
304 1360 -0.1366 -0.0145  1.0000
336 1360 -0.0158  0.0015 18.6924
368 1360 -0.0057  0.0466  1.0000
400 1360 -0.0398  0.0731 24.4487
432 1360 -0.0286  0.0969  1.0000
464 1360 -0.0211  0.0557  1.0000
496 1360 -0.0610  0.0044  1.0000
528 1360 -0.1622  0.0040  1.0000
560 1360 -0.2708  0.0693 23.2940
592 1360 -0.2650  0.1213  1.0000
624 1360 -0.2695  0.2339  1.0000
656 1360 -0.3061  0.3817  1.0000
688 1360 -0.5058  0.7546  1.0000
720 1360 -0.3749  0.5843 46.3177
752 1360 -0.2785  0.4530 21.7354
784 1360 -0.0625  0.2653 30.2277
816 1360 -0.0743  0.0845  1.0000
848 1360 -0.1328 -0.0316  1.0000
880 1360 -0.0953 -0.0446  1.0000
912 1360 -0.0221  0.0000  1.0000
944 1360 -0.0026  0.0599 11117952.0000
976 1360  0.0066  0.0650  1.0000
1008 1360 -0.0008  0.0920  1.0000
1040 1360 -0.0144  0.1223 24.0406
1072 1360 -0.0003  0.0889  1.0000
1104 1360  0.0119  0.0525  1.0000
1136 1360  0.0090 -0.0020  1.0000
1168 1360 -0.0090 -0.0417  1.0000
1200 1360  0.0044 -0.0464  1.0000
1232 1360  0.0212 -0.0373  1.0000
1264 1360 -0.0006 -0.0042 58.1493
1296 1360 -0.0141  0.0152  1.0000
1328 1360 -0.0096  0.0559  1.0000
1360 1360  0.0074  0.1126  1.0000
1392 1360  0.0232  0.1527  1.0000
1424 1360  0.0240  0.0891  1.0000
1456 1360  0.0433  0.0525  1.0000
1488 1360  0.0316  0.0473 10.0502
1520 1360  0.0140  0.0602 11.9567
 16 1392  0.4749 -0.1125  8.9324
 48 1392  0.1300 -0.0831  1.0000
 80 1392 -0.3190 -0.0116 12.6863
112 1392 -0.1621  0.1387  1.0000
144 1392 -0.0150  0.2247 18.0000
176 1392  0.0033  0.2409  6.3722
208 1392 -0.0021  0.0310  1.0000
240 1392 -0.0014 -0.0078 12.9385
272 1392  0.0052  0.0240  1.0000
304 1392 -0.0374  0.0074  1.0000
336 1392 -0.0030  0.0035 21.6509
368 1392  0.0037  0.0111  1.0000
400 1392 -0.0054  0.0109 19.6338
432 1392 -0.0105  0.0268 17.9753
464 1392 -0.0230  0.0202  1.0000
496 1392 -0.0691  0.0099  1.0000
528 1392 -0.1452  0.0253  1.0000
560 1392 -0.2164  0.0716  1.0000
592 1392 -0.2317  0.1191  1.0000
624 1392 -0.2434  0.1948  1.0000
656 1392 -0.2811  0.2940  1.0000
688 1392 -0.5875  0.6795  1.0000
720 1392 -0.4176  0.4609  1.0000
752 1392 -0.2984  0.2686  1.0000
784 1392 -0.1730  0.0554  1.0000
816 1392 -0.1717 -0.1432  1.0000
848 1392 -0.1926 -0.2568  1.0000
880 1392 -0.0897 -0.1405  1.0000
912 1392  0.0069 -0.0087 22.5594
944 1392 -0.0050 -0.0084 6282752.0000
976 1392 -0.0006  0.0329  1.0000
1008 1392 -0.0055  0.0758  1.0000
1040 1392 -0.0126  0.1030  1.0000
1072 1392 -0.0057  0.0839  1.0000
1104 1392  0.0024  0.0464  1.0000
1136 1392  0.0054  0.0023 92.4839
1168 1392  0.0203 -0.0251  1.0000
1200 1392  0.0557 -0.0306  1.0000
1232 1392  0.1026 -0.0230  1.0000
1264 1392  0.1157  0.0013  1.0000
1296 1392  0.0147  0.0285  7.7551
1328 1392 -0.0020  0.0851  1.0000
1360 1392  0.0148  0.1681  1.0000
1392 1392  0.0336  0.2649  9.0162
1424 1392 -0.0182  0.0895  1.0000
1456 1392  0.0291  0.0235 11.6233
1488 1392 -0.0314  0.0324  1.0000
1520 1392 -0.0647  0.0729  1.0000
 16 1424  0.0378  0.0123 16.7647
 48 1424  0.1772 -0.0491  1.0000
 80 1424  0.1877 -0.0076  5.4688
112 1424  0.0007  0.0299 14.7397
144 1424  0.1186  0.1361  1.0000
176 1424  0.1304  0.1919  4.0805
208 1424  0.0232  0.0071 16.6274
240 1424  0.0034  0.1581  1.0000
272 1424  0.0028  0.1303  1.0000
304 1424 -0.0080  0.0465  1.0000
336 1424  0.0014  0.0072  1.0000
368 1424  0.0015 -0.0019 32.3471
400 1424 -0.0085  0.0029 48.2627
432 1424 -0.0039  0.0054  1.0000
464 1424 -0.0043  0.0015 10.7575
496 1424 -0.0371  0.0030  1.0000
528 1424 -0.0801  0.0171  1.0000
560 1424 -0.1174  0.0458  1.0000
592 1424 -0.1427  0.0823  1.0000
624 1424 -0.1673  0.1331  1.0000
656 1424 -0.2115  0.1971  1.0000
688 1424 -0.5427  0.5048  1.0000
720 1424 -0.3729  0.3076  1.0000
752 1424 -0.2660  0.1238  1.0000
784 1424 -0.2033 -0.0732  1.0000
816 1424 -0.2192 -0.2743  1.0000
848 1424 -0.2612 -0.4278 86.7957
880 1424 -0.0877 -0.1814  1.0000
912 1424 -0.0026 -0.0366  1.0000
944 1424  0.0035 -0.0116  1.0000
976 1424  0.0049  0.0110  1.0000
1008 1424 -0.0004  0.0497  1.0000
1040 1424 -0.0052  0.0736  1.0000
1072 1424 -0.0035  0.0635  1.0000
1104 1424  0.0004  0.0338  1.0000
1136 1424  0.0057  0.0024  1.0000
1168 1424  0.0240 -0.0100  1.0000
1200 1424  0.0662 -0.0065  1.0000
1232 1424  0.1447 -0.0038  1.0000
1264 1424  0.2300  0.0068 12.8919
1296 1424  0.0017  0.0123 18.0000
1328 1424 -0.0146  0.0431 23.7804
1360 1424 -0.0137  0.0301  1.0000
1392 1424 -0.0396 -0.0057  1.0000
1424 1424 -0.1393 -0.0449 17.2523
1456 1424 -0.0609 -0.1056 14.4867
1488 1424 -0.0736 -0.0063 28.7333
1520 1424 -0.0014  0.0357 16.1095
 16 1456  0.1756 -0.1734 12.4587
 48 1456  0.2746 -0.0936  1.0000
 80 1456  0.3347 -0.0854  4.7075
112 1456 -0.0315  0.0023 17.9394
144 1456  0.1757  0.0522 11.1077
176 1456  0.1344  0.1228  1.0000
208 1456 -0.0057  0.1352 21.8510
240 1456 -0.0016  0.3927  8.1984
272 1456 -0.0015  0.2113  1.0000
304 1456 -0.0021  0.0460  1.0000
336 1456  0.0072  0.0067 10.5242
368 1456  0.0206 -0.0492  1.0000
400 1456 -0.0028 -0.0126  1.0000
432 1456 -0.0038 -0.0006  1.0000
464 1456  0.0007 -0.0032  1.0000
496 1456 -0.0035 -0.0059  1.0000
528 1456 -0.0089 -0.0028  1.0000
560 1456 -0.0111  0.0080  8.9851
592 1456 -0.0348  0.0290  1.0000
624 1456 -0.0610  0.0579  1.0000
656 1456 -0.1003  0.0937  1.0000
688 1456 -0.3898  0.2785  1.0000
720 1456 -0.2481  0.1577  1.0000
752 1456 -0.1624  0.0459  1.0000
784 1456 -0.1262 -0.0616  1.0000
816 1456 -0.1225 -0.1415  1.0000
848 1456 -0.1305 -0.1727  1.0000
880 1456 -0.0095  0.0163 36.6182
912 1456 -0.0133  0.0403  1.0000
944 1456 -0.0169  0.0248  1.0000
976 1456 -0.0063  0.0132 16.6792
1008 1456 -0.0042  0.0454  1.0000
1040 1456 -0.0025  0.0593  1.0000
1072 1456 -0.0012  0.0382  1.0000
1104 1456 -0.0012 -0.0014 31.2835
1136 1456 -0.0021 -0.0275  1.0000
1168 1456 -0.0013 -0.0179  1.0000
1200 1456  0.0012  0.0065 32.8837
1232 1456  0.0249  0.0036  1.0000
1264 1456  0.1106  0.0019  1.0000
1296 1456  0.0021  0.0017 15.9281
1328 1456 -0.0169  0.0607  1.0000
1360 1456 -0.0052 -0.0315  1.0000
1392 1456  0.0098 -0.0886 14.0342
1424 1456 -0.0018  0.4645 11.9268
1456 1456 -0.0069  0.2785  1.0000
1488 1456 -0.0040  0.2600  6.9048
1520 1456 -0.0253  0.1879  1.0000
 16 1488 -0.0070  0.2003 19.1008
 48 1488  0.0832  0.2061  1.0000
 80 1488  0.0571  0.3465 10.8769
112 1488 -0.1527  0.1426  1.0000
144 1488 -0.1861  0.0099 19.0857
176 1488  0.0199  0.0024 13.1667
208 1488 -0.0048 -0.1682 19.3214
240 1488 -0.0077  0.0086 14.3333
272 1488 -0.0026  0.0219  1.0000
304 1488 -0.0061 -0.0352  8.0406
336 1488  0.0051  0.1289 32.1143
368 1488  0.0289 -0.0717 13.7879
400 1488 -0.0175  0.0034 52.7554
432 1488 -0.0143  0.0079  1.0000
464 1488 -0.0007 -0.0028  1.0000
496 1488  0.0202 -0.0153  1.0000
528 1488  0.0428 -0.0252  1.0000
560 1488  0.0619 -0.0306  1.0000
592 1488  0.0641 -0.0295  1.0000
624 1488  0.0571 -0.0234  1.0000
656 1488  0.0393 -0.0134  1.0000
688 1488 -0.1639  0.0322  1.0000
720 1488 -0.0634  0.0159  1.0000
752 1488 -0.0044  0.0066 14.7389
784 1488 -0.0030  0.0053 17.2157
816 1488 -0.0125  0.0456 20.1020
848 1488 -0.1158  0.0156  1.0000
880 1488 -0.1805  0.0457 12716030.0000
912 1488 -0.1513  0.0730  1.0000
944 1488 -0.1099  0.0747  1.0000
976 1488 -0.0635  0.0762  1.0000
1008 1488 -0.0277  0.0910  1.0000
1040 1488 -0.0060  0.0783  1.0000
1072 1488  0.0003  0.0103  1.0000
1104 1488 -0.0056 -0.0988  1.0000
1136 1488 -0.0039 -0.1181  1.0000
1168 1488 -0.0100 -0.0672  1.0000
1200 1488 -0.0511 -0.0105  1.0000
1232 1488 -0.1185 -0.0007 23.9268
1264 1488  0.0696  0.0295 11.8742
1296 1488  0.0538  0.1199  1.0000
1328 1488  0.0114  0.2301 12.9795
1360 1488 -0.0017  0.0657  1.0000
1392 1488 -0.0115 -0.0654  1.0000
1424 1488 -0.0309  0.0525 15.1374
1456 1488 -0.0069  0.1045  1.0000
1488 1488  0.0042  0.0950  1.0000
1520 1488 -0.0026 -0.0003  9.7143
 16 1520  0.0562 -0.0022 10.9643
 48 1520  0.0255  0.0003 13.7632
 80 1520 -0.0034 -0.0043  7.8750
112 1520 -0.1404 -0.0122  1.0000
144 1520 -0.1581 -0.0307  1.0000
176 1520  0.0018 -0.0084  1.0000
208 1520  0.0971 -0.0228 27.5143
240 1520  0.0750 -0.0199  1.0000
272 1520  0.0321 -0.0208  1.0000
304 1520 -0.0205 -0.0140  1.0000
336 1520 -0.0654  0.0693  1.0000
368 1520 -0.0930  0.0056  6.4171
400 1520 -0.0449  0.0111 14.9063
432 1520 -0.0306  0.0094  1.0000
464 1520 -0.0076 -0.0052 17.4133
496 1520  0.0377 -0.0264  1.0000
528 1520  0.0868 -0.0495  1.0000
560 1520  0.1307 -0.0716  1.0000
592 1520  0.1621 -0.0910  1.0000
624 1520  0.1828 -0.1076  1.0000
656 1520  0.1948 -0.1223  1.0000
688 1520  0.0957 -0.2197  1.0000
720 1520  0.1573 -0.1240  1.0000
752 1520  0.1851 -0.0228  1.0000
784 1520  0.1509  0.0810  1.0000
816 1520  0.0529  0.1662  1.0000
848 1520 -0.1307  0.1617  1.0000
880 1520 -0.2834  0.1327  1.0000
912 1520 -0.2973  0.1266  1.0000
944 1520 -0.2271  0.1364  1.0000
976 1520 -0.1312  0.1592  1.0000
1008 1520 -0.0490  0.1808  1.0000
1040 1520  0.0012  0.1537  1.0000
1072 1520  0.0127  0.0139  8.4551
1104 1520 -0.0163 -0.3040  5.7549
1136 1520  0.0137 -0.2940  1.0000
1168 1520  0.0524 -0.1378  1.0000
1200 1520  0.0384 -0.0027 10.0562
1232 1520 -0.1262 -0.0398 25.0390
1264 1520  0.1362 -0.0299 29.8113
1296 1520  0.1627  0.1601  1.0000
1328 1520  0.0883  0.2788  1.0000
1360 1520  0.0173  0.1334  1.0000
1392 1520 -0.0239 -0.0737  1.0000
1424 1520 -0.0276 -0.1443  1.0000
1456 1520  0.0144 -0.0974  9.5078
1488 1520  0.0346 -0.1013  5.7109
1520 1520  0.0491 -0.1749  1.0000
  0   0  0.0695 -0.2202  0.0000
  0   0  0.0126 -0.2461  0.0000
  0   0 -0.0651 -0.2501  0.0000
  0   0 -0.1538 -0.1824  0.0000
  0   0 -0.1345 -0.0946  0.0000
  0   0  0.0184 -0.0121  0.0000
  0   0  0.1571  0.0216  0.0000
  0   0  0.1642 -0.0066  0.0000
  0   0  0.0811 -0.0264  0.0000
  0   0 -0.0362 -0.0056  0.0000
  0   0 -0.1365  0.0436  0.0000
  0   0 -0.1753  0.0449  0.0000
  0   0 -0.1242  0.0352  0.0000
  0   0 -0.0704  0.0202  0.0000
  0   0 -0.0152 -0.0037  0.0000
  0   0  0.0549 -0.0360  0.0000
  0   0  0.1320 -0.0739  0.0000
  0   0  0.2048 -0.1140  0.0000
  0   0  0.2658 -0.1541  0.0000
  0   0  0.3150 -0.1933  0.0000
  0   0  0.3572 -0.2319  0.0000
