VARIABLES= "X m", "Y m", "U m/s", "V m/s", "CHC", ZONE I=48, J=48
 16  16  0.0000  0.0000  1.0000
 48  16  0.0000  0.0000  1.0000
 80  16  0.0000  0.0000  1.0000
112  16  0.0000  0.0000  1.0000
144  16  0.0000  0.0000  1.0000
176  16  0.0000  0.0000  1.0000
208  16  0.0000  0.0000  1.0000
240  16  0.0000  0.0000  1.0000
272  16  0.0000  0.0000  1.0000
304  16  0.0000  0.0000  1.0000
336  16  0.0000  0.0000  1.0000
368  16  0.0000  0.0000  1.0000
400  16  0.0000  0.0000  1.0000
432  16  0.0000  0.0000  1.0000
464  16  0.0000  0.0000  1.0000
496  16  0.0000  0.0000  1.0000
528  16  0.0000  0.0000  1.0000
560  16  0.0000  0.0000  1.0000
592  16  0.0000  0.0000  1.0000
624  16  0.0000  0.0000  1.0000
656  16  0.0000  0.0000  1.0000
688  16  0.0000  0.0000  1.0000
720  16  0.0000  0.0000  1.0000
752  16  0.0000  0.0000  1.0000
784  16  0.0000  0.0000  1.0000
816  16  0.0000  0.0000  1.0000
848  16  0.0000  0.0000  1.0000
880  16  0.0000  0.0000  1.0000
912  16  0.0000  0.0000  1.0000
944  16  0.0000  0.0000  1.0000
976  16  0.0000  0.0000  1.0000
1008  16  0.0000  0.0000  1.0000
1040  16  0.0000  0.0000  1.0000
1072  16  0.0000  0.0000  1.0000
1104  16  0.0000  0.0000  1.0000
1136  16  0.0000  0.0000  1.0000
1168  16 -0.0023  0.2639  8.0000
1200  16  0.0090  0.0113 13.6373
1232  16 -0.0008  0.1797 10.3939
1264  16  0.1488 -0.0369 17.7059
1296  16 -0.0609  0.0046 26.8182
1328  16  0.0000  0.0000  1.0000
1360  16  0.0000  0.0000  1.0000
1392  16  0.0000  0.0000  1.0000
1424  16  0.0000  0.0000  1.0000
1456  16  0.0000  0.0000  1.0000
1488  16  0.1468 -0.5281  7.6786
1520  16 -0.0047  0.8708  3.2500
 16  48 -0.0769  0.0127 14.9481
 48  48 -0.0021  0.0073 10.7952
 80  48 -0.0066  0.0017 15.4583
112  48  0.0000  0.0000  1.0000
144  48  0.0000  0.0000  1.0000
176  48 -0.0536 -0.0097 13.4000
208  48  0.0492 -0.0018  6.7879
240  48 -0.0528  0.7381  3.2648
272  48 -0.0025  0.1012  2.3868
304  48  0.0000  0.0000  1.0000
336  48  0.0000  0.0000  1.0000
368  48 -0.0049  0.0066 35.0099
400  48  0.0000  0.0000  1.0000
432  48  0.0000  0.0000  1.0000
464  48  0.0000  0.0000  1.0000
496  48 -0.0047 -0.0020 20.8306
528  48  0.0000  0.0000  1.0000
560  48  0.0000  0.0000  1.0000
592  48  0.0000  0.0000  1.0000
624  48  0.0000  0.0000  1.0000
656  48 -0.0113 -0.0095 31.7620
688  48  0.0000  0.0000  1.0000
720  48  0.0000  0.0000  1.0000
752  48  0.0000  0.0000  1.0000
784  48  0.0000  0.0000  1.0000
816  48  0.0000  0.0000  1.0000
848  48  0.0000  0.0000  1.0000
880  48  0.0000  0.0000  1.0000
912  48  0.0000  0.0000  1.0000
944  48  0.0000  0.0000  1.0000
976  48 -0.0063  0.0045 16.9420
1008  48  0.0000  0.0000  1.0000
1040  48  0.0000  0.0000  1.0000
1072  48  0.0000  0.0000  1.0000
1104  48  0.0000  0.0000  1.0000
1136  48  0.0001 -0.0018 361.2656
1168  48  0.0000  0.0000  1.0000
1200  48  0.2346  0.0019 17.8823
1232  48 -0.0070  0.0001 23.6064
1264  48  0.0056  0.0591 17.7143
1296  48  0.1022  0.1309 19.7835
1328  48 -0.0057  0.0751 13.1600
1360  48  0.0000  0.0000  1.0000
1392  48  0.3809  0.0021  5.4255
1424  48  0.0000  0.0000  1.0000
1456  48  0.0000  0.0000  1.0000
1488  48  0.0000  0.0000  1.0000
1520  48  0.0000  0.0000  1.0000
 16  80 -0.0046 -0.0013 25.8636
 48  80 -0.0071  0.0140 22.9167
 80  80  0.0000  0.0000  1.0000
112  80  0.0000  0.0000  1.0000
144  80 -0.0902 -0.0090 18.7714
176  80  0.0000  0.0000  1.0000
208  80 -0.0269 -0.0239 23.1304
240  80  0.0000  0.0000  1.0000
272  80  0.0000  0.0000  1.0000
304  80 -0.0330  0.3505 12.2857
336  80  0.0000  0.0000  1.0000
368  80  0.0000  0.0000  1.0000
400  80  0.0000  0.0000  1.0000
432  80 -0.0023 -0.0002 42.9686
464  80  0.0003  0.0055 23.0939
496  80  0.0000  0.0000  1.0000
528  80  0.0000  0.0000  1.0000
560  80  0.0000  0.0000  1.0000
592  80  0.0000  0.0000  1.0000
624  80  0.0000  0.0000  1.0000
656  80  0.0000  0.0000  1.0000
688  80  0.0000  0.0000  1.0000
720  80  0.0000  0.0000  1.0000
752  80  0.0000  0.0000  1.0000
784  80  0.0000  0.0000  1.0000
816  80 -0.0083  0.0804 13.8960
848  80  0.0000  0.0000  1.0000
880  80  0.0000  0.0000  1.0000
912  80  0.0000  0.0000  1.0000
944  80  0.0000  0.0000  1.0000
976  80  0.0000  0.0000  1.0000
1008  80  0.0000  0.0000  1.0000
1040  80  0.0055  0.0246  9.4752
1072  80  0.0000  0.0000  1.0000
1104  80  0.0000  0.0000  1.0000
1136  80  0.0000  0.0000  1.0000
1168  80  0.0000  0.0000  1.0000
1200  80  0.0016  0.0009 111.7342
1232  80 -0.0466  0.0040  8.0938
1264  80  0.0000  0.0000  1.0000
1296  80 -0.0094  0.0000 14.0518
1328  80  0.0087  0.0105 12.7900
1360  80  0.0000  0.0000  1.0000
1392  80  0.0000  0.0000  1.0000
1424  80  0.0000  0.0000  1.0000
1456  80  0.0000  0.0000  1.0000
1488  80  0.1607  0.0046 56.8182
1520  80 -0.0050  0.0641 20.6977
 16 112  0.0000  0.0000  1.0000
 48 112 -0.0086  0.0062 11.4833
 80 112  0.0000  0.0000  1.0000
112 112 -0.0094 -0.0604 9158656.0000
144 112  0.0000  0.0000  1.0000
176 112 -0.0326 -0.0486 19.0385
208 112  0.0000  0.0000  1.0000
240 112 -0.2908  0.2703 24.3429
272 112  0.0000  0.0000  1.0000
304 112  0.0000  0.0000  1.0000
336 112  0.0000  0.0000  1.0000
368 112 -0.0056 -0.0042 44.5231
400 112  0.0000  0.0000  1.0000
432 112  0.0000  0.0000  1.0000
464 112 -0.4196  0.2430 34.7010
496 112  0.0000  0.0000  1.0000
528 112  0.0000  0.0000  1.0000
560 112  0.0000  0.0000  1.0000
592 112  0.3671  0.8927  8.6969
624 112 -0.5002  0.2590 64.7527
656 112  0.0000  0.0000  1.0000
688 112  0.0000  0.0000  1.0000
720 112  0.0000  0.0000  1.0000
752 112  0.0000  0.0000  1.0000
784 112  0.0016  0.0117 19.2266
816 112  0.0000  0.0000  1.0000
848 112  0.0000  0.0000  1.0000
880 112  0.0000  0.0000  1.0000
912 112  0.0000  0.0000  1.0000
944 112  0.0000  0.0000  1.0000
976 112  0.0000  0.0000  1.0000
1008 112  0.0000  0.0000  1.0000
1040 112 -0.0219  0.0517 32.3053
1072 112  0.0000  0.0000  1.0000
1104 112  0.0000  0.0000  1.0000
1136 112  0.0000  0.0000  1.0000
1168 112  0.0000  0.0000  1.0000
1200 112  0.0000  0.0000  1.0000
1232 112 -0.0002 -0.0007 7408127.0000
1264 112  0.0000  0.0000  1.0000
1296 112  0.0000  0.0000  1.0000
1328 112  0.0000  0.0000  1.0000
1360 112  0.0000  0.0000  1.0000
1392 112  0.0000  0.0000  1.0000
1424 112 -0.0111  0.1710  8.6882
1456 112  0.0000  0.0000  1.0000
1488 112  0.0593  0.1134  9.7465
1520 112  0.0000  0.0000  1.0000
 16 144  0.0000  0.0000  1.0000
 48 144  0.0459  0.0059 22.5000
 80 144  0.0088  0.4624  6.7851
112 144  0.0000  0.0000  1.0000
144 144 -0.1158  0.0089  6.8929
176 144  0.0000  0.0000  1.0000
208 144  0.0000  0.0000  1.0000
240 144  0.0000  0.0000  1.0000
272 144  0.0000  0.0000  1.0000
304 144  0.0023  0.0016 54.6561
336 144  0.0000  0.0000  1.0000
368 144  0.0000  0.0000  1.0000
400 144  0.0000  0.0000  1.0000
432 144  0.0000  0.0000  1.0000
464 144  0.0000  0.0000  1.0000
496 144  0.0000  0.0000  1.0000
528 144 -0.2840 -0.0647 23.7128
560 144  0.0000  0.0000  1.0000
592 144  0.0000  0.0000  1.0000
624 144  0.0000  0.0000  1.0000
656 144  0.0000  0.0000  1.0000
688 144  0.0000  0.0000  1.0000
720 144 -0.5448  0.0912 21.0350
752 144  0.0000  0.0000  1.0000
784 144  0.0000  0.0000  1.0000
816 144  0.0000  0.0000  1.0000
848 144  0.0000  0.0000  1.0000
880 144 -0.0932  0.2669 40.4005
912 144  0.0000  0.0000  1.0000
944 144  0.0000  0.0000  1.0000
976 144  0.0000  0.0000  1.0000
1008 144  0.0000  0.0000  1.0000
1040 144  0.0000  0.0000  1.0000
1072 144  0.0000  0.0000  1.0000
1104 144  0.0000  0.0000  1.0000
1136 144  0.0000  0.0000  1.0000
1168 144  0.0000  0.0000  1.0000
1200 144  0.0000  0.0000  1.0000
1232 144  0.0000  0.0000  1.0000
1264 144  0.0000  0.0000  1.0000
1296 144  0.0000  0.0000  1.0000
1328 144  0.0000  0.0000  1.0000
1360 144  0.0004  0.0710 25.2000
1392 144  0.0000  0.0000  1.0000
1424 144  0.0081  0.4030  9.1504
1456 144  0.0000  0.0000  1.0000
1488 144 -0.2019  0.2646 12.4839
1520 144  0.0041  0.0964 13.9545
 16 176 -0.3152 -0.0050  8.9434
 48 176  0.0000  0.0000  1.0000
 80 176  0.0000  0.0000  1.0000
112 176  0.0000  0.0000  1.0000
144 176  0.0000  0.0000  1.0000
176 176  0.0000  0.0000  1.0000
208 176  0.0000  0.0000  1.0000
240 176  0.0000  0.0000  1.0000
272 176  0.0000  0.0000  1.0000
304 176  0.0000  0.0000  1.0000
336 176  0.0000  0.0000  1.0000
368 176 -0.0065  0.0070 26.4767
400 176  0.0000  0.0000  1.0000
432 176 -0.4818  0.4754 114.1710
464 176  0.0000  0.0000  1.0000
496 176  0.0000  0.0000  1.0000
528 176 -0.3658  0.2632 33.9921
560 176  0.0000  0.0000  1.0000
592 176  0.0000  0.0000  1.0000
624 176 -0.1847  0.0114 89.7468
656 176  0.0000  0.0000  1.0000
688 176  0.0000  0.0000  1.0000
720 176  0.0000  0.0000  1.0000
752 176 -0.0047  0.5894 28.8419
784 176 -0.0512  0.5129 66.5346
816 176  0.0000  0.0000  1.0000
848 176  0.0000  0.0000  1.0000
880 176  0.0000  0.0000  1.0000
912 176 -0.4975  0.0465 63.5913
944 176  0.0000  0.0000  1.0000
976 176  0.0000  0.0000  1.0000
1008 176 -0.2907  0.0145 43.6299
1040 176 -0.0273  0.0048 50.1307
1072 176  0.0000  0.0000  1.0000
1104 176  0.0000  0.0000  1.0000
1136 176  0.0000  0.0000  1.0000
1168 176 -0.0102  0.0122 2287.9998
1200 176  0.0000  0.0000  1.0000
1232 176  0.0984  0.0927 54.6933
1264 176 -0.0000 -0.0002 115.6313
1296 176  0.0000  0.0000  1.0000
1328 176  0.0000  0.0000  1.0000
1360 176 -0.2152  0.2642  8.5079
1392 176  0.0000  0.0000  1.0000
1424 176  0.0070  0.0383 11.6949
1456 176  0.0000  0.0000  1.0000
1488 176  0.0000  0.0000  1.0000
1520 176  0.0000  0.0000  1.0000
 16 208 -0.0050 -0.6339 23.8000
 48 208  0.0000 -0.0051 12.1333
 80 208  0.0000  0.0000  1.0000
112 208  0.0000  0.0000  1.0000
144 208  0.0791 -0.0314 20.1286
176 208  0.0000  0.0000  1.0000
208 208  0.0000  0.0000  1.0000
240 208 -0.0004 -0.0010 123.9676
272 208 -0.0126 -0.0085 1423.2693
304 208 -0.1611  0.1359 29.8729
336 208  0.0000  0.0000  1.0000
368 208  0.0000  0.0000  1.0000
400 208  0.0000  0.0000  1.0000
432 208  0.0000  0.0000  1.0000
464 208  0.0000  0.0000  1.0000
496 208  0.0000  0.0000  1.0000
528 208  0.0000  0.0000  1.0000
560 208  0.0000  0.0000  1.0000
592 208  0.0000  0.0000  1.0000
624 208 -0.3176  0.3034 1415.9272
656 208 -0.4768  0.4487  8.2332
688 208  0.0000  0.0000  1.0000
720 208  0.0000  0.0000  1.0000
752 208  0.0000  0.0000  1.0000
784 208  0.0000  0.0000  1.0000
816 208 -0.0113  0.5287 23.5266
848 208 -0.5364  0.0005 968.6832
880 208  0.0000  0.0000  1.0000
912 208  0.0000  0.0000  1.0000
944 208 -0.5681  0.1042 28.1149
976 208 -0.0937  0.4698 35.6232
1008 208  0.0000  0.0000  1.0000
1040 208  0.0000  0.0000  1.0000
1072 208  0.0000  0.0000  1.0000
1104 208  0.0000  0.0000  1.0000
1136 208  0.0000  0.0000  1.0000
1168 208  0.0000  0.0000  1.0000
1200 208  0.0000  0.0000  1.0000
1232 208  0.0000  0.0000  1.0000
1264 208  0.0000  0.0000  1.0000
1296 208  0.0000  0.0000  1.0000
1328 208  0.0000  0.0000  1.0000
1360 208  0.0058 -0.0013 12.3102
1392 208  0.0000  0.0000  1.0000
1424 208  0.0000  0.0000  1.0000
1456 208  0.0063  0.0659  9.6731
1488 208  0.0000  0.0000  1.0000
1520 208  0.0000  0.0000  1.0000
 16 240  0.0000  0.0000  1.0000
 48 240  0.0000  0.0000  1.0000
 80 240  0.0000  0.0000  1.0000
112 240  0.0119 -0.0136 10.5313
144 240  0.0033 -0.0027 47.1529
176 240  0.0000  0.0000  1.0000
208 240  0.0000  0.0000  1.0000
240 240  0.0372 -0.0002 69.8762
272 240  0.0000  0.0000  1.0000
304 240  0.0144 -0.0208 73.8355
336 240  0.0000  0.0000  1.0000
368 240  0.0000  0.0000  1.0000
400 240 -0.2253 -0.2129 41.4482
432 240  0.1922  0.3379 100.1624
464 240  0.0000  0.0000  1.0000
496 240  0.0000  0.0000  1.0000
528 240  0.0000  0.0000  1.0000
560 240  0.0000  0.0000  1.0000
592 240 -0.2550 -0.0095 11.2880
624 240  0.0000  0.0000  1.0000
656 240  0.0000  0.0000  1.0000
688 240  0.0000  0.0000  1.0000
720 240  0.0000  0.0000  1.0000
752 240  0.0000  0.0000  1.0000
784 240  0.0000  0.0000  1.0000
816 240  0.0000  0.0000  1.0000
848 240  0.3442  0.2196 30.1183
880 240 -0.0125  0.4282  9.6891
912 240 -0.0068 -0.3098 80.8076
944 240  0.0869  0.3647  9.6149
976 240  0.0000  0.0000  1.0000
1008 240 -0.1163 -0.0038 31.4565
1040 240  0.0000  0.0000  1.0000
1072 240  0.0000  0.0000  1.0000
1104 240  0.0000  0.0000  1.0000
1136 240  0.0000  0.0000  1.0000
1168 240  0.0045  0.2327 20.6878
1200 240  0.1892  0.2635 33.9479
1232 240  0.0459  0.2232 88.7268
1264 240  0.0000  0.0000  1.0000
1296 240  0.0006  0.0106 50.3492
1328 240  0.0000  0.0000  1.0000
1360 240  0.0000  0.0000  1.0000
1392 240 -0.0053  0.0000 11.2263
1424 240  0.0000  0.0000  1.0000
1456 240  0.0928  0.0061  9.1523
1488 240  0.0000  0.0000  1.0000
1520 240  0.0079 -0.0189  8.5746
 16 272 -0.3500  0.0022 29.5455
 48 272  0.0018  0.0096 19.3472
 80 272  0.0000  0.1107 16.1250
112 272  0.0000  0.0000  1.0000
144 272  0.0000  0.0000  1.0000
176 272 -0.0004 -0.0004 67.8283
208 272  0.0000  0.0000  1.0000
240 272  0.0000  0.0000  1.0000
272 272 -0.6455 -0.7426 17.6008
304 272  0.0000  0.0000  1.0000
336 272  0.1558 -0.0545 15.6492
368 272  0.0000  0.0000  1.0000
400 272  0.0000  0.0000  1.0000
432 272  0.2812  0.0639 11.6704
464 272  0.0000  0.0000  1.0000
496 272 -0.2046  0.6246  6.4288
528 272 -0.0107  0.0106 35.2208
560 272  0.0000  0.0000  1.0000
592 272 -0.0102 -0.0013 206.8322
624 272  0.0000  0.0000  1.0000
656 272 -0.2772  0.7126  6.8274
688 272  0.0000  0.0000  1.0000
720 272  0.0000  0.0000  1.0000
752 272  0.0000  0.0000  1.0000
784 272  0.0000  0.0000  1.0000
816 272  0.0000  0.0000  1.0000
848 272 -0.4370 -0.0012 18.6877
880 272  0.0032 -0.0915 244.8525
912 272  0.0000  0.0000  1.0000
944 272  0.0000  0.0000  1.0000
976 272  0.0000  0.0000  1.0000
1008 272  0.0000  0.0000  1.0000
1040 272 -0.1240  0.1999 128.2500
1072 272  0.0000  0.0000  1.0000
1104 272  0.0029  0.3715 35.8081
1136 272  0.0000  0.0000  1.0000
1168 272 -0.0018 -0.0009 39.2898
1200 272  0.0000  0.0000  1.0000
1232 272  0.0000  0.0000  1.0000
1264 272  0.0000  0.0000  1.0000
1296 272  0.0000  0.0000  1.0000
1328 272  0.0000  0.0000  1.0000
1360 272  0.0000  0.0000  1.0000
1392 272  0.0000  0.0000  1.0000
1424 272  0.0000  0.0000  1.0000
1456 272 -0.0171 -0.0003 70.7105
1488 272  0.0000  0.0000  1.0000
1520 272  0.0000  0.0000  1.0000
 16 304  0.0000  0.0000  1.0000
 48 304  0.0000  0.0000  1.0000
 80 304 -0.2696  0.0153  7.7381
112 304  0.0000  0.0000  1.0000
144 304  0.0000  0.0000  1.0000
176 304  0.0000  0.0000  1.0000
208 304  0.0012  0.0353 40.8726
240 304 -0.3596 -0.0176 37.9694
272 304 -0.1278  0.0413 18.0161
304 304 -0.0010 -0.0029 30.5511
336 304  0.0000  0.0000  1.0000
368 304 -0.4192  0.2786 57.5330
400 304  0.0000  0.0000  1.0000
432 304  0.0000  0.0000  1.0000
464 304  0.0000  0.0000  1.0000
496 304  0.0005  0.1399 2126.8118
528 304 -0.2876  0.3063 29.8566
560 304  0.0016 -0.0143 14.4993
592 304  0.0000  0.0000  1.0000
624 304  0.0000  0.0000  1.0000
656 304  0.0000  0.0000  1.0000
688 304  0.0000  0.0000  1.0000
720 304  0.0000  0.0000  1.0000
752 304  0.0000  0.0000  1.0000
784 304 -0.0883  0.2662 28.1164
816 304  0.0000  0.0000  1.0000
848 304 -0.0027 -0.0116 1509.4314
880 304 -0.3300  0.4657 17.7596
912 304 -0.1276  0.0550 35.9804
944 304 -0.3204  0.6003  9.7414
976 304  0.0000  0.0000  1.0000
1008 304 -0.5016  0.0136 10592704.0000
1040 304  0.0000  0.0000  1.0000
1072 304 -0.4589  0.0054  6.6917
1104 304  0.0000  0.0000  1.0000
1136 304  0.0159  0.2544 68.0449
1168 304  0.0015 -0.0107 57.9725
1200 304 -0.0044  0.4172 35.4493
1232 304  0.0131  0.3018 31.5060
1264 304  0.0000  0.0000  1.0000
1296 304  0.0502  0.0150 538.3911
1328 304  0.0000  0.0000  1.0000
1360 304  0.0077 -0.0031 40.3156
1392 304  0.0000  0.0000  1.0000
1424 304  0.0000  0.0000  1.0000
1456 304 -0.3877  0.5268 10.3250
1488 304  0.0000  0.0000  1.0000
1520 304  0.0000  0.0000  1.0000
 16 336  0.0000  0.0000  1.0000
 48 336  0.0404  0.0030 17.3659
 80 336  0.0000  0.0000  1.0000
112 336 -0.0007 -0.0006 43.5095
144 336  0.0000  0.0000  1.0000
176 336 -0.0186  0.0113 54.9311
208 336  0.0000  0.0000  1.0000
240 336  0.0000  0.0000  1.0000
272 336  0.0000  0.0000  1.0000
304 336 -0.5876  0.0156 31.1986
336 336  0.0000  0.0000  1.0000
368 336  0.0000  0.0000  1.0000
400 336 -0.3314  0.2875 42.0058
432 336 -0.6867 -0.1591 12.8512
464 336  0.0000  0.0000  1.0000
496 336  0.0000  0.0000  1.0000
528 336 -0.0063  0.6182  5.0836
560 336 -0.0056  0.0035 464.8282
592 336  0.0000  0.0000  1.0000
624 336  0.0000  0.0000  1.0000
656 336  0.0000  0.0000  1.0000
688 336  0.0000  0.0000  1.0000
720 336  0.0000  0.0000  1.0000
752 336 -0.0074  0.4072 43.0751
784 336  0.0000  0.0000  1.0000
816 336  0.0000  0.0000  1.0000
848 336 -0.2346  0.0262 127.8303
880 336  0.0000  0.0000  1.0000
912 336 -0.3494  0.6771 19.4267
944 336  0.0000  0.0000  1.0000
976 336  0.0000  0.0000  1.0000
1008 336 -0.0294  0.5646  5.8767
1040 336 -0.0151  0.6685 12.9768
1072 336  0.0000  0.0000  1.0000
1104 336  0.0000  0.0000  1.0000
1136 336  0.0000  0.0000  1.0000
1168 336  0.0000  0.0000  1.0000
1200 336 -0.0007 -0.0014 26.1949
1232 336 -0.7286 -0.0014 20.6808
1264 336 -0.0011  0.1943 29.8865
1296 336  0.0000  0.0000  1.0000
1328 336 -0.0042  0.0015 1479.4547
1360 336  0.0685  0.0911 40.2591
1392 336  0.0000  0.0000  1.0000
1424 336 -0.0008  0.0011 46.3832
1456 336  0.0000  0.0000  1.0000
1488 336  0.1073 -0.0544 26.3265
1520 336  0.0000  0.0000  1.0000
 16 368  0.0088 -0.0019 12.9750
 48 368 -0.0041 -0.0585  8.1313
 80 368  0.0006 -0.0001 1425.6097
112 368 -0.0002 -0.0023 49.5309
144 368  0.0045  0.0115 38.1635
176 368  0.0000  0.0000  1.0000
208 368  0.0000  0.0000  1.0000
240 368 -0.0631 -0.0376 418.7023
272 368  0.0000  0.0000  1.0000
304 368 -0.2102  0.3993  9.3838
336 368 -0.4581 -0.1623 15.2293
368 368  0.2848  0.3037 47.0687
400 368  0.0000  0.0000  1.0000
432 368  0.0000  0.0000  1.0000
464 368  0.0000  0.0000  1.0000
496 368  0.0000  0.0000  1.0000
528 368  0.0000  0.0000  1.0000
560 368 -0.0012  0.0019 25.8840
592 368 -0.0119  0.2449  5.4020
624 368 -0.1694  0.0068 28.7364
656 368 -0.6306 -0.0149 339.1331
688 368  0.6459 -0.1476  8.6410
720 368  0.0000  0.0000  1.0000
752 368  0.0000  0.0000  1.0000
784 368 -0.1707  0.6351 20.8217
816 368  0.0111 -0.0781 18.6281
848 368  0.0000  0.0000  1.0000
880 368 -0.8047  0.2532 11.1578
912 368  0.0000  0.0000  1.0000
944 368  0.0000  0.0000  1.0000
976 368  0.0000  0.0000  1.0000
1008 368  0.3520 -0.8639 37.9931
1040 368  0.0000  0.0000  1.0000
1072 368  0.0000  0.0000  1.0000
1104 368  0.0000  0.0000  1.0000
1136 368  0.0000  0.0000  1.0000
1168 368  0.0000  0.0000  1.0000
1200 368 -0.0004  0.3676 16.9366
1232 368  0.0000  0.0000  1.0000
1264 368  0.0000  0.0000  1.0000
1296 368  0.0000  0.0000  1.0000
1328 368 -0.0023  0.2564 16.0164
1360 368 -0.0029  0.0722 37.4843
1392 368  0.0000  0.0000  1.0000
1424 368  0.0000  0.0000  1.0000
1456 368  0.0011 -0.0004 1522.5767
1488 368  0.0000  0.0000  1.0000
1520 368  0.0000  0.0000  1.0000
 16 400 -0.0094  0.5259 22.0465
 48 400  0.0000  0.0000  1.0000
 80 400  0.0039  0.0033 70.4069
112 400  0.0000  0.0000  1.0000
144 400 -0.0431  0.0025 30.4566
176 400  0.5763  0.4983 22.3729
208 400  0.0000  0.0000  1.0000
240 400 -0.3280  0.0578 25.6147
272 400  0.0000  0.0000  1.0000
304 400  0.0000  0.0000  1.0000
336 400  0.0000  0.0000  1.0000
368 400 -0.5180 -0.4030 10049534.0000
400 400  0.0000  0.0000  1.0000
432 400  0.0072  0.0058 43.8725
464 400 -0.0161  0.0046 26.2658
496 400  0.0000  0.0000  1.0000
528 400  0.0000  0.0000  1.0000
560 400  0.0121  0.3406 10.4184
592 400  0.1089  0.2659  8.8457
624 400  0.3960  0.7276  5.1326
656 400 -0.6710  0.5180 16.9256
688 400 -0.0091 -0.0041  7.4245
720 400  0.0000  0.0000  1.0000
752 400 -0.0821 -0.3472 22.6181
784 400  0.0000  0.0000  1.0000
816 400  0.0000  0.0000  1.0000
848 400  0.2224 -0.0019  9.0801
880 400 -0.0055  0.0133 124.7744
912 400 -0.4280  0.6604 11.2769
944 400  0.0047 -0.0078 118.9596
976 400  0.1388  0.1174  2.3239
1008 400 -0.2774  0.2456 23.7829
1040 400  0.0000  0.0000  1.0000
1072 400  0.0000  0.0000  1.0000
1104 400  0.0000  0.0000  1.0000
1136 400  0.0000  0.0000  1.0000
1168 400  0.0007  0.0177 20.3789
1200 400  0.0000  0.0000  1.0000
1232 400  0.0000  0.0000  1.0000
1264 400  0.0000  0.0000  1.0000
1296 400  0.0000  0.0000  1.0000
1328 400  0.0000  0.0000  1.0000
1360 400  0.0000  0.0000  1.0000
1392 400 -0.0015  0.0028 23.8951
1424 400  0.0049 -0.0023 117.6763
1456 400  0.0027 -0.0008 56.0843
1488 400  0.0000  0.0000  1.0000
1520 400  0.0228  0.2837 15.2105
 16 432 -0.0442 -0.0136 28.0000
 48 432  0.0001 -0.0002 368.5034
 80 432  0.0000  0.0000  1.0000
112 432  0.0048 -0.1031 442.2823
144 432 -0.0678  0.0074 44.3269
176 432  0.0350 -0.6775 196.7618
208 432  0.0000  0.0000  1.0000
240 432 -0.4469  0.1268 12.3439
272 432 -0.0221  0.5704 15.2593
304 432 -0.0293  0.2227 62.2320
336 432  0.0000  0.0000  1.0000
368 432  0.0031 -0.0057  8.9059
400 432  0.0000  0.0000  1.0000
432 432  0.0000  0.0000  1.0000
464 432  0.0032  0.0040 129.0252
496 432 -0.2077  0.2829  8.2786
528 432  0.0172 -0.0051 32.4376
560 432  0.0000  0.0000  1.0000
592 432  0.0000  0.0000  1.0000
624 432  0.4766  0.1387 28.5982
656 432 -0.2611  0.0127 19.7742
688 432  0.0000  0.0000  1.0000
720 432  0.0000  0.0000  1.0000
752 432 -0.0149  0.6515  8.9253
784 432 -0.6186  0.0677  6.2318
816 432  0.0000  0.0000  1.0000
848 432  0.0037 -0.3893 167.0253
880 432 -0.0021  0.5252  9.9481
912 432  0.0000  0.0000  1.0000
944 432 -0.0046  0.0037 252.4670
976 432  0.0000  0.0000  1.0000
1008 432 -0.1110  0.1677 23.7296
1040 432  0.1737  0.6552  7.4079
1072 432 -0.0055 -0.0074 13.9498
1104 432  0.0040  0.1627 70.0149
1136 432  0.0000  0.0000  1.0000
1168 432  0.0078  0.0106 13.8278
1200 432 -0.0060  0.2117 25.3343
1232 432  0.0140 -0.0178 126.2308
1264 432  0.0041 -0.0065 68.3268
1296 432  0.0699  0.4839 14.8638
1328 432  0.0000  0.0000  1.0000
1360 432 -0.0077 -0.0013 195.4022
1392 432 -0.0495  0.0070 37.3927
1424 432  0.0009 -0.0013 23.1203
1456 432  0.0000  0.0000  1.0000
1488 432  0.0001  0.0004 173.7074
1520 432  0.0000  0.0000  1.0000
 16 464 -0.0025 -0.0218 196.5263
 48 464  0.0021  0.0013 56.5580
 80 464  0.0000  0.0000  1.0000
112 464 -0.0283  0.0056 16.9359
144 464  0.0000  0.0000  1.0000
176 464 -0.2929  0.0062 30.0352
208 464  0.0000  0.0000  1.0000
240 464 -0.3840  0.0083 11.9623
272 464 -0.7008 -0.4636 33.0627
304 464  0.0000  0.0000  1.0000
336 464  0.0000  0.0000  1.0000
368 464  0.0000  0.0000  1.0000
400 464  0.0006  0.4250  8.7800
432 464 -0.0009 -0.0011 309.4832
464 464  0.0000  0.0000  1.0000
496 464 -0.1966  0.6547  7.5534
528 464  0.0144 -0.0217  9.8039
560 464  0.0000  0.0000  1.0000
592 464  0.0000  0.0000  1.0000
624 464  0.0000  0.0000  1.0000
656 464 -0.0132 -0.0054 56.8824
688 464  0.0000  0.0000  1.0000
720 464  0.0000  0.0000  1.0000
752 464 -0.0087  0.0106 43.1808
784 464 -0.7281  0.2130 17.0940
816 464  0.6062 -0.0058 19.8531
848 464  0.0000  0.0000  1.0000
880 464  0.0000  0.0000  1.0000
912 464  0.0000  0.0000  1.0000
944 464 -0.0149  0.0034 191.8005
976 464  0.0000  0.0000  1.0000
1008 464  0.0000  0.0000  1.0000
1040 464 -0.5492 -0.4419 95.0420
1072 464  0.0000  0.0000  1.0000
1104 464  0.0000  0.0000  1.0000
1136 464  0.5311  0.0068 10.6100
1168 464 -0.6665  0.0002 68.9528
1200 464  0.0000  0.0000  1.0000
1232 464  0.0000  0.0000  1.0000
1264 464  0.0046  0.0038 39.1023
1296 464  0.1986  0.0385 53.2697
1328 464 -0.0019 -0.0019 143.6283
1360 464  0.0023 -0.0086 32.7996
1392 464 -0.0071  0.0147 288.1255
1424 464  0.0000  0.0000  1.0000
1456 464 -0.0102  0.0115 40.5796
1488 464  0.0006  0.0001 35.3091
1520 464  0.0000  0.0000  1.0000
 16 496  0.0003  0.0001 776.1801
 48 496  0.0034  0.0035 74.4632
 80 496 -0.0028  0.0118 22.7978
112 496  0.0203 -0.0080 25.9043
144 496  0.0000  0.0000  1.0000
176 496 -0.2261  0.1240 29.4970
208 496  0.0000  0.0000  1.0000
240 496  0.0000  0.0000  1.0000
272 496 -0.5384 -0.8097 812.7470
304 496  0.0000  0.0000  1.0000
336 496  0.0000  0.0000  1.0000
368 496  0.0000  0.0000  1.0000
400 496 -0.0008  0.6302  6.3490
432 496 -0.0037  0.0148 19.2844
464 496  0.2529  0.1029 57.6325
496 496  0.0000  0.0000  1.0000
528 496 -0.6860  0.0128 292.7973
560 496  0.0000  0.0000  1.0000
592 496 -0.5125 -0.0016 20.7923
624 496 -0.2347 -0.0120 10328832.0000
656 496 -0.0078  0.0009 67.9595
688 496 -0.0023 -0.0036 152.7766
720 496  0.0000  0.0000  1.0000
752 496 -0.0013 -0.0029 83.6631
784 496  0.0000  0.0000  1.0000
816 496 -0.0013 -0.0082 1480.2821
848 496  0.0000  0.0000  1.0000
880 496  0.0000  0.0000  1.0000
912 496  0.1179  0.5894  9.5649
944 496  0.0012  0.0543 15.2928
976 496  0.0035  0.5481 10.5317
1008 496  0.0000  0.0000  1.0000
1040 496  0.0000  0.0000  1.0000
1072 496  0.0000  0.0000  1.0000
1104 496  0.0000  0.0000  1.0000
1136 496  0.1693 -0.0045 36.3564
1168 496 -0.0626  0.5005  6.1801
1200 496 -0.1273  0.7259  8.8075
1232 496  0.0000  0.0000  1.0000
1264 496  0.0000  0.0000  1.0000
1296 496  0.4471 -0.0044 812.9444
1328 496 -0.8634 -0.1348 229.7846
1360 496  0.0004 -0.0052 38.9058
1392 496  0.0028  0.0124 18.1430
1424 496 -0.0480  0.0147 28.2938
1456 496 -0.0083  0.0145 61.7057
1488 496  0.0000  0.0000  1.0000
1520 496 -0.0001  0.0010 135.5260
 16 528 -0.0007  0.0006 37.1891
 48 528  0.0000  0.0000  1.0000
 80 528  0.1189 -0.1577 38.6300
112 528 -0.0827 -0.0065 196.2454
144 528  0.1358 -0.0030 43.3540
176 528 -0.2660 -0.1904 196.4917
208 528  0.0000  0.0000  1.0000
240 528  0.0000  0.0000  1.0000
272 528  0.0117  0.0092 16.9400
304 528  0.0000  0.0000  1.0000
336 528 -0.0624  0.0108 42.7195
368 528  0.0000  0.0000  1.0000
400 528  0.0077 -0.0032 6425087.0000
432 528 -0.2163  0.5444  8.2099
464 528  0.0000  0.0000  1.0000
496 528 -0.1036 -0.6321 877.6666
528 528 -0.7935 -0.0133 951.4347
560 528  0.0000  0.0000  1.0000
592 528  0.2332 -0.4431 672.2202
624 528 -0.5493 -0.5999 30.4208
656 528  0.0000  0.0000  1.0000
688 528  0.0000  0.0000  1.0000
720 528  0.0000  0.0000  1.0000
752 528  0.0000  0.0000  1.0000
784 528 -0.2064 -0.0095 15.2458
816 528 -0.0066  0.7295  5.0509
848 528 -0.2612  0.4685 13.2611
880 528  0.0000  0.0000  1.0000
912 528 -0.0060  0.6254  7.5294
944 528 -0.0942  0.1367 34.2558
976 528  0.2564 -0.2604 33.6874
1008 528 -0.0022 -0.0163  7.0688
1040 528  0.0000  0.0000  1.0000
1072 528 -0.0055  0.1524  7.9129
1104 528 -0.0018  0.2707  4.6201
1136 528  0.1973  0.0027 8261375.0000
1168 528  0.1242 -0.6242 317.0500
1200 528 -0.0031  0.4012 99.2108
1232 528 -0.3837  0.0118 16.1153
1264 528  0.0000  0.0000  1.0000
1296 528 -0.5786 -0.0134 1051.1111
1328 528  0.0023 -0.0002 14.3360
1360 528  0.0027  0.0147 25.5603
1392 528  0.2713 -0.0058 139.9524
1424 528  0.0000  0.0000  1.0000
1456 528  0.0257  0.0078 37.3636
1488 528 -0.0016  0.0004 47.9385
1520 528 -0.0015  0.0005 44.7814
 16 560 -0.0008 -0.0003 44.5280
 48 560  0.0000  0.0000  1.0000
 80 560 -0.0906  0.1779 23.3839
112 560  0.0000  0.0000  1.0000
144 560  0.4670  0.0016 37.5864
176 560 -0.2733  0.5404 12.9116
208 560  0.0000  0.0000  1.0000
240 560 -0.0005  0.0113 22.6686
272 560 -0.4238  0.0417  8.7827
304 560 -0.2496  0.3669 21.5697
336 560  0.0000  0.0000  1.0000
368 560  0.0130  0.0071 13.2846
400 560  0.0090  0.0876 19.1304
432 560 -0.3671 -0.4795 45459.0000
464 560  0.0000  0.0000  1.0000
496 560 -0.0043 -0.3820 202.2778
528 560 -0.6055  0.1116 44.0928
560 560  0.4184 -0.0059 36.0377
592 560  0.0000  0.0000  1.0000
624 560 -0.3923  0.0096 148.8743
656 560  0.0000  0.0000  1.0000
688 560  0.0000  0.0000  1.0000
720 560  0.0104  0.4671  7.7899
752 560  0.0000  0.0000  1.0000
784 560  0.7299  0.4321  5.6284
816 560 -0.6037  0.2742 24.8224
848 560  0.3070  0.4371 11.9600
880 560  0.0000  0.0000  1.0000
912 560  0.0000  0.0000  1.0000
944 560 -0.1932  0.0049 21.0183
976 560  0.0000  0.0000  1.0000
1008 560  0.0000  0.0000  1.0000
1040 560  0.0000  0.0000  1.0000
1072 560  0.0000  0.0000  1.0000
1104 560 -0.4520  0.0130 20.0711
1136 560 -0.4313  0.5060  7.2852
1168 560 -0.0026  0.3167 20.6051
1200 560  0.0007 -0.2862 162.6282
1232 560 -0.3435  0.0051 26.7510
1264 560  0.0000  0.0000  1.0000
1296 560  0.0000  0.0000  1.0000
1328 560  0.0000  0.0000  1.0000
1360 560  0.0030 -0.0054 45.9370
1392 560  0.0522  0.0036 28.5177
1424 560 -0.0081  0.0041 33.5484
1456 560  0.0045  0.0028 39.9708
1488 560 -0.0005  0.0008 61.1778
1520 560  0.0048  0.0006 49.9397
 16 592  0.0009  0.0017 34.6078
 48 592  0.0106  0.0132 36.4855
 80 592 -0.1362  0.0060 43.9090
112 592  0.1231 -0.5322 866.3304
144 592  0.4538 -0.0112 22.7461
176 592 -0.8771  0.0314 33.9408
208 592 -0.0008  0.2775 12.1581
240 592  0.0000  0.0000  1.0000
272 592  0.0000  0.0000  1.0000
304 592  0.0000  0.0000  1.0000
336 592 -0.0016  0.7342 10.5076
368 592  0.0000  0.0000  1.0000
400 592  0.0000  0.0000  1.0000
432 592  0.0000  0.0000  1.0000
464 592  0.0000  0.0000  1.0000
496 592 -0.0030  0.0094 24.6932
528 592  0.1473  0.0159 24.4649
560 592 -0.5964  0.4878  7.1964
592 592  0.3443  0.7017  6.8683
624 592 -0.0051  0.0107 23.3180
656 592  0.0000  0.0000  1.0000
688 592  0.0000  0.0000  1.0000
720 592  0.0000  0.0000  1.0000
752 592  0.0000  0.0000  1.0000
784 592  0.0000  0.0000  1.0000
816 592  0.0857 -0.0109 20.8880
848 592  0.0000  0.0000  1.0000
880 592  0.0000  0.0000  1.0000
912 592 -0.2243  0.3610  7.3022
944 592 -0.0758  0.3836 74.4485
976 592  0.0000  0.0000  1.0000
1008 592  0.0178 -0.2711 50.5223
1040 592 -0.0353  0.1991 30.4041
1072 592  0.0000  0.0000  1.0000
1104 592  0.0000  0.0000  1.0000
1136 592 -0.6753 -0.4346 83.0417
1168 592  0.0077 -0.0020 26.1509
1200 592  0.0082  0.2402 17.7942
1232 592 -0.3607  0.0139  9.7463
1264 592 -0.0335  0.3568  9.2828
1296 592  0.0008  0.0116 15.4670
1328 592  0.0000  0.0000  1.0000
1360 592  0.0024  0.0141 14.4381
1424 592  0.0051  0.0016 37.4540
1456 592 -0.0042 -0.0005 44.1203
1488 592  0.0034 -0.0002 27.6686
1520 592  0.0000  0.0000  1.0000
 16 624  0.0004 -0.0067 26.5033
 48 624  0.0614 -0.0066 32.4121
 80 624  0.0000  0.0000  1.0000
112 624 -0.0095  0.6466  7.6725
144 624 -0.2512  0.0026 24.3187
176 624  0.0000  0.0000  1.0000
208 624 -0.0115  0.2220 15.8696
240 624 -0.2264  0.0012 56.3766
272 624  0.0000  0.0000  1.0000
304 624  0.0000  0.0000  1.0000
336 624  0.0000  0.0000  1.0000
368 624  0.0000  0.0000  1.0000
400 624  0.0112  0.0683  7.6358
432 624  0.1250  0.3805 15.6711
464 624  0.0000  0.0000  1.0000
496 624 -0.0121  0.2046 809.8999
528 624  0.2298  0.0006 12.1581
560 624  0.0000  0.0000  1.0000
592 624 -0.4315  0.0980 37.0682
624 624 -0.2919  0.0100 12.8730
656 624  0.0000  0.0000  1.0000
688 624  0.0000  0.0000  1.0000
720 624  0.0000  0.0000  1.0000
752 624  0.0000  0.0000  1.0000
784 624  0.0000  0.0000  1.0000
816 624  0.0000  0.0000  1.0000
848 624  0.0000  0.0000  1.0000
880 624  0.0000  0.0000  1.0000
912 624  0.0000  0.0000  1.0000
944 624 -0.3159  0.1885 32.3602
976 624  0.0000  0.0000  1.0000
1008 624  0.0114  0.1464 28.1571
1040 624  0.0000  0.0000  1.0000
1072 624  0.0000  0.0000  1.0000
1104 624  0.1411  0.0031 11.8056
1136 624 -0.0073 -0.1542 50.0270
1168 624 -0.0081 -0.0062 77.1795
1200 624 -0.0076 -0.0126 37.8374
1232 624 -0.0048 -0.0135 59.8610
1264 624 -0.0118 -0.2887 23.5835
1296 624 -0.3264  0.0066 13.6841
1328 624  0.1677  0.6935  7.8369
1360 624  0.0000  0.0000  1.0000
1456 624  0.0003 -0.0002 34.6435
1488 624  0.0001  0.0005 39.3791
1520 624 -0.0008  0.0010 29.4995
 16 656  0.0072  0.2482 30.1033
 48 656 -0.0721  0.0160 33.0461
 80 656  0.0000  0.0000  1.0000
112 656  0.0863 -0.0127 21.5956
144 656 -0.2192  0.1322 22.4742
176 656  0.0000  0.0000  1.0000
208 656 -0.3326 -0.0009 20.7851
240 656 -0.2441 -0.3659 1924.4991
272 656  0.0000  0.0000  1.0000
304 656 -0.4065  0.6693 10.7337
336 656  0.0000  0.0000  1.0000
368 656  0.0000  0.0000  1.0000
400 656  0.0000  0.0000  1.0000
432 656  0.0000  0.0000  1.0000
464 656  0.0000  0.0000  1.0000
496 656 -0.6408  0.0077 27.4746
528 656  0.0000  0.0000  1.0000
560 656 -0.0355  0.2316 37.8030
592 656 -0.5203 -0.0025 80.7166
624 656  0.0000  0.0000  1.0000
656 656 -0.8607 -0.0067 27.2943
688 656  0.2544  0.6173 10.3069
720 656  0.2205 -0.0091  6.2908
752 656  0.0136 -0.0718 19.8443
784 656  0.0000  0.0000  1.0000
816 656  0.0000  0.0000  1.0000
848 656  0.0000  0.0000  1.0000
880 656 -0.7897 -0.4706 22.2102
912 656  0.0000  0.0000  1.0000
944 656 -0.3601 -0.1189 51.2513
976 656  0.0055 -0.1883 51.3810
1008 656 -0.7414 -0.0158 30.0000
1040 656  0.0000  0.0000  1.0000
1072 656 -0.0060 -0.0078 19.8762
1104 656 -0.0018  0.0353 13.2073
1136 656  0.0000  0.0000  1.0000
1168 656  0.0028 -0.0049 25.1636
1200 656 -0.0027  0.0073 25.0574
1232 656  0.0000  0.0000  1.0000
1264 656  0.0000  0.0000  1.0000
1296 656  0.0681  0.0805 18.0108
1328 656  0.0000  0.0000  1.0000
1360 656  0.0000  0.0000  1.0000
1456 656  0.0000  0.0000  1.0000
1488 656 -0.0010 -0.0002 56.7953
1520 656  0.0000  0.0000  1.0000
 16 688 -0.0002  0.0010 487.3436
 48 688  0.0000  0.0000  1.0000
 80 688  0.0000  0.0000  1.0000
112 688  0.0000  0.0000  1.0000
144 688 -0.3198  0.1688 11.5465
176 688  0.0000  0.0000  1.0000
208 688 -0.0031  0.0148 17.3712
240 688 -0.3055  0.5922 13.1813
272 688  0.0000  0.0000  1.0000
304 688 -0.3601 -0.7263 219.9952
336 688  0.0153 -0.5334 201.2944
368 688  0.0000  0.0000  1.0000
400 688  0.0000  0.0000  1.0000
432 688  0.0000  0.0000  1.0000
464 688  0.0082  0.0076 30.4157
496 688 -0.7286  0.0073 968.6354
528 688  0.0000  0.0000  1.0000
560 688  0.0000  0.0000  1.0000
592 688 -0.3730  0.0642 14.1124
624 688 -0.5966 -0.0062 46.8757
656 688 -0.0046  0.4951 26.6271
688 688  0.4052  0.1730 67.8560
720 688  0.0084  0.1147 24.3247
752 688 -0.0084 -0.0009 13.6046
784 688 -0.0013  0.0075 10.6187
816 688  0.0000  0.0000  1.0000
848 688  0.0000  0.0000  1.0000
880 688  0.0000  0.0000  1.0000
912 688  0.0000  0.0000  1.0000
944 688  0.0000  0.0000  1.0000
976 688 -0.0065  0.0047 18.5027
1008 688 -0.5769  0.2211 13.7061
1040 688 -0.0031  0.2392 13.4000
1072 688  0.0000  0.0000  1.0000
1104 688  0.0000  0.0000  1.0000
1136 688  0.0000  0.0000  1.0000
1168 688 -0.0017 -0.0064 28.3333
1200 688 -0.0021  0.1048 18.3534
1232 688 -0.0019  0.0018 41.3951
1264 688  0.0000  0.0000  1.0000
1296 688 -0.0126 -0.0046 47.0646
1328 688 -0.2240  0.0104 37.1472
1456 688  0.0016  0.0120 27.7008
1488 688  0.0019 -0.0004 37.2492
1520 688  0.0000  0.0000  1.0000
 16 720 -0.0016  0.0023 368.5320
 48 720  0.0174  0.0072 39.7381
 80 720  0.0000  0.0000  1.0000
112 720 -0.1390 -0.1939 10.5189
144 720  0.0148 -0.6155 181.9407
176 720  0.0000  0.0000  1.0000
208 720 -0.0006  0.3720  9.6812
240 720 -0.5525  0.5179  9.3648
272 720 -0.6374  0.1156 28.3856
304 720  0.0000  0.0000  1.0000
336 720  0.0000  0.0000  1.0000
368 720  0.0000  0.0000  1.0000
400 720 -0.0358 -0.0039  5.7104
432 720  0.0000  0.0000  1.0000
464 720  0.0000  0.0000  1.0000
496 720 -0.3277 -0.1737 38.8798
528 720  0.0000  0.0000  1.0000
560 720  0.0000  0.0000  1.0000
592 720  0.0000  0.0000  1.0000
624 720 -0.0735  0.0744 20.0954
656 720  0.0023  0.2325 22.2244
688 720  0.0000  0.0000  1.0000
720 720  0.0000  0.0000  1.0000
752 720 -0.1735  0.4930  9.6460
784 720  0.0000  0.0000  1.0000
816 720  0.0000  0.0000  1.0000
848 720  0.0000  0.0000  1.0000
880 720  0.0000  0.0000  1.0000
912 720 -0.0139  0.1608 216.6316
944 720  0.0000  0.0000  1.0000
976 720  0.0090  0.0054 12.5132
1008 720 -0.0250 -0.0015 23.1141
1040 720 -0.5601  0.0110 18.5685
1072 720  0.0000  0.0000  1.0000
1104 720  0.6352  0.7911  7.7004
1136 720  0.0030 -0.0050 30.3163
1168 720  0.0035  0.0045 16.5092
1200 720 -0.0004 -0.0060 64.3060
1232 720  0.0102  0.0105 46.1996
1264 720  0.0000  0.0000  1.0000
1296 720 -0.0068 -0.0030 34.2256
1328 720  0.0086  0.2333 18.3833
1456 720  0.0021 -0.0042 44.0625
1488 720  0.0180  0.0010 37.4553
1520 720  0.0000  0.0000  1.0000
 16 752  0.0012 -0.0019 14794094.0000
 48 752  0.0000  0.0000  1.0000
 80 752 -0.0090  0.0151 28.0518
112 752  0.5721  0.2326 13.1215
144 752  0.0000  0.0000  1.0000
176 752  0.0000  0.0000  1.0000
208 752  0.0000  0.0000  1.0000
240 752  0.0000  0.0000  1.0000
272 752 -0.7910  0.0866 14.9327
304 752 -0.0745  0.4690 15.0923
336 752 -0.5985  0.8791  2.4260
368 752  0.0024  0.3426 44.3970
400 752  0.0122 -0.0042 25.7164
432 752  0.0000  0.0000  1.0000
464 752  0.0000  0.0000  1.0000
496 752 -0.2234  0.0051 15.2974
528 752 -0.0015 -0.1272  4.0812
560 752  0.0000  0.0000  1.0000
592 752  0.0000  0.0000  1.0000
624 752  0.0143  0.0091 102.3216
656 752  0.0000  0.0000  1.0000
688 752  0.0000  0.0000  1.0000
720 752  0.0000  0.0000  1.0000
752 752  0.0000  0.0000  1.0000
784 752  0.0000  0.0000  1.0000
816 752 -0.0016  0.0084 39.4385
848 752  0.0000  0.0000  1.0000
880 752 -0.2779  0.0066 93.9038
912 752 -0.0123 -0.1338 23.7739
944 752  0.0009  0.4694 27.6301
976 752 -0.0052 -0.1763 14.9497
1008 752  0.0000  0.0000  1.0000
1040 752  0.0110  0.0018 14.9412
1072 752 -0.5022 -0.2360 16.1855
1104 752  0.0000  0.0000  1.0000
1136 752  0.0007  0.2685 15.8708
1168 752 -0.0380  0.0012 99.5231
1200 752  0.0020 -0.0024 106.6633
1232 752  0.0000  0.0000  1.0000
1264 752  0.0009  0.0015 92.8946
1296 752 -0.0058 -0.0012 52.5637
1328 752 -0.0058 -0.0004 32.0000
1488 752 -0.0049  0.0042 35.3333
1520 752  0.0000  0.0000  1.0000
 16 784  0.0018  0.0007 81.2716
 48 784  0.0005  0.1484 20.0928
 80 784  0.0000  0.0000  1.0000
112 784  0.7616  0.0108 17.6939
144 784  0.6965  0.2343  9.0597
176 784 -0.3850 -0.0065  5.1994
208 784 -0.2488 -0.0013 24.9883
240 784  0.0000  0.0000  1.0000
272 784  0.3807 -0.0040 21.1406
304 784 -0.0072  0.2293 14.0056
336 784  0.1664 -0.1776 33.3310
368 784  0.6059 -0.0054  4.1442
400 784  0.0000  0.0000  1.0000
432 784  0.0537  0.2306 11.7108
464 784  0.0000  0.0000  1.0000
496 784  0.0000  0.0000  1.0000
528 784  0.0000  0.0000  1.0000
560 784  0.0000  0.0000  1.0000
592 784  0.2086  0.5256 14.8508
624 784  0.0000  0.0000  1.0000
656 784  0.0000  0.0000  1.0000
688 784  0.0000  0.0000  1.0000
720 784 -0.0012  0.0011 20.2857
752 784  0.0000  0.0000  1.0000
784 784  0.0000  0.0000  1.0000
816 784  0.0000  0.0000  1.0000
848 784  0.0000  0.0000  1.0000
880 784  0.0000  0.0000  1.0000
912 784 -0.6601  0.1668 19.1921
944 784  0.0000  0.0000  1.0000
976 784 -0.0142  0.0141  3.1176
1008 784 -0.5896 -0.0063 47.2421
1040 784 -0.0013 -0.3773 99.5751
1072 784  0.0000  0.0000  1.0000
1104 784  0.0000  0.0000  1.0000
1136 784  0.0073 -0.0002 27.9123
1168 784  0.0060  0.0061 25.1723
1200 784  0.0021  0.0035 21.0551
1232 784  0.0000  0.0000  1.0000
1264 784 -0.0000 -0.0094 67.2461
1296 784 -0.0026  0.0069 23.9838
1328 784 -0.0131  0.0117 14.1919
1520 784  0.0000  0.0000  1.0000
 16 816  0.0000  0.0000  1.0000
 48 816  0.0364  0.3779 18.2862
 80 816 -0.0234  0.0009 79.1983
112 816 -0.4380 -0.1441 39.7080
144 816  0.0062 -0.1626 29.8329
176 816  0.0000  0.0000  1.0000
208 816 -0.1043 -0.0020 74.9660
240 816 -0.0060 -0.0025 45.7020
272 816  0.0000  0.0000  1.0000
304 816  0.0115 -0.0025 43.0316
336 816  0.0000  0.0000  1.0000
368 816 -0.0698  0.4651 11.2606
400 816  0.0000  0.0000  1.0000
432 816  0.0000  0.0000  1.0000
464 816  0.0000  0.0000  1.0000
496 816  0.0000  0.0000  1.0000
528 816  0.0000  0.0000  1.0000
560 816  0.0000  0.0000  1.0000
592 816  0.0000  0.0000  1.0000
624 816  0.0000  0.0000  1.0000
656 816  0.0538  0.2082 12.0637
688 816  0.0000  0.0000  1.0000
720 816  0.0042 -0.0081  5.1964
752 816 -0.2113 -0.0249 24.4615
784 816  0.1970 -0.2344 13.4656
816 816 -0.0005  0.0097 12.7484
848 816  0.0013 -0.0087 15.0043
880 816  0.0000  0.0000  1.0000
912 816  0.0000  0.0000  1.0000
944 816  0.0000  0.0000  1.0000
976 816 -0.0696 -0.0074 110.5123
1008 816 -0.6887 -0.2730 73.8749
1040 816  0.0000  0.0000  1.0000
1072 816  0.0388 -0.2997 13.9977
1104 816  0.0000  0.0000  1.0000
1136 816 -0.0051 -0.0086 111.2121
1168 816  0.0015  0.7255  5.4041
1200 816 -0.3213  0.0041 44.1344
1232 816 -0.0125 -0.3433 290.1515
1264 816  0.0059 -0.0988 180.8182
1296 816 -0.0003  0.0132 25.5999
1328 816  0.0000  0.0000  1.0000
1360 816  0.0069  0.0054 25.0657
1520 816  0.0000  0.0000  1.0000
 16 848 -0.0006 -0.0016 40.2963
 48 848 -0.0361  0.0009 39.1349
 80 848  0.0041 -0.0062 94.0838
112 848 -0.1536  0.7397  4.7386
144 848 -0.0575  0.6364 13.9593
176 848  0.0000  0.0000  1.0000
208 848  0.0034 -0.0103 87.4803
240 848  0.0000  0.0000  1.0000
272 848 -0.1085  0.1781 17.2365
304 848  0.0538 -0.6372 66.7790
336 848  0.0000  0.0000  1.0000
368 848 -0.2321  0.0088 25.5488
400 848 -0.4111 -0.5309 159.2250
432 848  0.0000  0.0000  1.0000
464 848  0.0000  0.0000  1.0000
496 848  0.0000  0.0000  1.0000
528 848  0.0000  0.0000  1.0000
560 848  0.0000  0.0000  1.0000
592 848  0.0000  0.0000  1.0000
624 848  0.0000  0.0000  1.0000
656 848 -0.1328  0.0589 12.0990
688 848  0.0000  0.0000  1.0000
720 848  0.1080  0.0998  4.8511
752 848  0.0000  0.0000  1.0000
784 848 -0.2755  0.0042 24.0976
816 848  0.0000  0.0000  1.0000
848 848 -0.1792  0.0708 10.8681
880 848 -0.0072  0.0556  9.4815
912 848  0.0000  0.0000  1.0000
944 848  0.0000  0.0000  1.0000
976 848 -0.0130  0.1387 10.3212
1008 848 -0.2707  0.5426  7.9627
1040 848  0.0000  0.0000  1.0000
1072 848  0.0000  0.0000  1.0000
1104 848  0.0000  0.0000  1.0000
1136 848 -0.0016  0.0526 21.3615
1168 848  0.0011 -0.0491 346.8261
1200 848  0.0000  0.0000  1.0000
1232 848 -0.0009  0.3079 15.9431
1264 848 -0.0055  0.0016 16.6824
1296 848  0.0000  0.0000  1.0000
1328 848 -0.0103 -0.0061 76.4987
1360 848  0.0000  0.0000  1.0000
1488 848  0.0057  0.0044 35.8333
1520 848  0.0000  0.0000  1.0000
 16 880  0.0072 -0.0051 47.9323
 48 880 -0.0257  0.0052 29.0526
 80 880  0.0032 -0.0023 23.3562
112 880  0.0000  0.0000  1.0000
144 880 -0.0459 -0.7675 20.8500
176 880  0.0000  0.0000  1.0000
208 880 -0.0118  0.0085 54.2067
240 880  0.0000  0.0000  1.0000
272 880  0.3163 -0.6355 77.5765
304 880  0.2990  0.6361 15.8917
336 880 -0.0102  0.5211 96.0444
368 880  0.0000  0.0000  1.0000
400 880 -0.5204 -0.1071 44.4053
432 880 -0.8043  0.2582 16.8493
464 880  0.0432  0.1270 19.9547
496 880  0.0000  0.0000  1.0000
528 880  0.0000  0.0000  1.0000
560 880  0.0000  0.0000  1.0000
592 880  0.0000  0.0000  1.0000
624 880  0.0833  0.5958  6.9450
656 880  0.0000  0.0000  1.0000
688 880 -0.0963  0.1483 16.1791
720 880  0.0000  0.0000  1.0000
752 880 -0.0047  0.0923  6.5738
784 880 -0.0020 -0.2632 21.4242
816 880  0.0000  0.0000  1.0000
848 880 -0.0577 -0.2003 37.8408
880 880  0.0000  0.0000  1.0000
912 880  0.0000  0.0000  1.0000
944 880 -0.0127 -0.0103 16.2329
976 880 -0.0135 -0.0111 44.8192
1008 880 -0.3452 -0.0073 103.5747
1040 880  0.0000  0.0000  1.0000
1072 880  0.0000  0.0000  1.0000
1104 880  0.0000  0.0000  1.0000
1136 880 -0.0010 -0.2951 62.7612
1168 880  0.0000  0.0000  1.0000
1200 880  0.0000  0.0000  1.0000
1232 880  0.0023 -0.2263 255.8947
1264 880  0.0021 -0.0019 48.5623
1296 880 -0.0049 -0.4050 46.8073
1328 880  0.0103  0.0059 21.2504
1424 880  0.0000  0.0000  1.0000
1456 880  0.0086  0.0018 34.9038
1488 880 -0.0075  0.0051 34.5518
1520 880  0.0000  0.0000  1.0000
 16 912 -0.0008 -0.0011 39.2749
 48 912 -0.0091  0.0076 36.9870
 80 912 -0.0038  0.0047 58.7278
112 912 -0.1020  0.3718 21.6039
144 912 -0.1215  0.0077 40.8204
176 912  0.0000  0.0000  1.0000
208 912 -0.0277  0.5370  8.7005
240 912 -0.3770  0.0052 26.4813
272 912  0.0000  0.0000  1.0000
304 912  0.0000  0.0000  1.0000
336 912 -0.2329  0.2144  6.6974
368 912  0.0000  0.0000  1.0000
400 912  0.0000  0.0000  1.0000
432 912 -0.1022 -0.1807 78.5292
464 912  0.0000  0.0000  1.0000
496 912  0.0000  0.0000  1.0000
528 912  0.0000  0.0000  1.0000
560 912  0.0000  0.0000  1.0000
592 912  0.0000  0.0000  1.0000
624 912  0.0000  0.0000  1.0000
656 912  0.0000  0.0000  1.0000
688 912 -0.0522 -0.4012 16.7245
720 912  0.0000  0.0000  1.0000
752 912  0.0000  0.0000  1.0000
784 912  0.0532  0.0687 23.0123
816 912  0.0000  0.0000  1.0000
848 912  0.0000  0.0000  1.0000
880 912 -0.0242  0.0027 24.9425
912 912  0.0000  0.0000  1.0000
944 912  0.0112  0.2921 13.0936
976 912  0.0000  0.0000  1.0000
1008 912 -0.7395  0.1705 30.1247
1040 912  0.0032 -0.0027 112.7115
1072 912  0.0074 -0.0051  7.5266
1104 912  0.0072 -0.0004 15.6063
1136 912  0.0000  0.0000  1.0000
1168 912 -0.0009  0.2915 23.3419
1200 912  0.0000  0.0000  1.0000
1232 912  0.0000  0.0000  1.0000
1264 912  0.0000  0.0000  1.0000
1296 912  0.0000  0.0000  1.0000
1328 912 -0.0025  0.0102 19.3780
1360 912  0.0000  0.0000  1.0000
1392 912  0.0268  0.0149 29.4676
1424 912  0.0009  0.0001 35.6702
1456 912 -0.0014  0.0005 37.5148
1488 912 -0.0032 -0.0016 35.8310
1520 912 -0.0023 -0.0015 73.4442
 16 944  0.0022 -0.0013 37.1144
 48 944  0.0000  0.0000  1.0000
 80 944 -0.0079  0.0296 22.6712
112 944  0.0066  0.3003 38.9606
144 944 -0.0355  0.0082 19.7053
176 944 -0.0081  0.5690 12.7671
208 944  0.0000  0.0000  1.0000
240 944  0.0050  0.2595  7.9296
272 944 -0.0039  0.0128 20.2921
304 944 -0.0044  0.4804  6.5918
336 944 -0.6953 -0.3889 1177.6450
368 944 -0.3210  0.6864  9.7955
400 944  0.0000  0.0000  1.0000
432 944 -0.3328  0.0065 21.3609
464 944 -0.3039 -0.0592 70.7298
496 944  0.0000  0.0000  1.0000
528 944  0.0000  0.0000  1.0000
560 944 -0.0056 -0.0063  7.7569
592 944  0.1810  0.0025 14.8110
624 944  0.0000  0.0000  1.0000
656 944  0.0000  0.0000  1.0000
688 944  0.0000  0.0000  1.0000
720 944  0.0288 -0.0391  9.4196
752 944  0.0057  0.0209  8.3778
784 944  0.0000  0.0000  1.0000
816 944  0.0533  0.3478  7.0098
848 944  0.0000  0.0000  1.0000
880 944  0.0760 -0.0332  8.8339
912 944 -0.0021 -0.0053 10.9013
944 944  0.0000  0.0000  1.0000
976 944  0.0000  0.0000  1.0000
1008 944  0.0000  0.0000  1.0000
1040 944 -0.0140 -0.0091 15.6966
1072 944  0.0141 -0.3407 529.6774
1104 944  0.0000  0.0000  1.0000
1136 944  0.0000  0.0000  1.0000
1168 944 -0.9156  0.4602 10.3913
1200 944  0.0000  0.0000  1.0000
1232 944  0.0000  0.0000  1.0000
1264 944 -0.7048  0.9209  2.6774
1296 944  0.0000  0.0000  1.0000
1328 944  0.0000  0.0000  1.0000
1360 944  0.0000  0.0000  1.0000
1392 944  0.0000  0.0000  1.0000
1424 944 -0.0042 -0.0024 38.4036
1456 944  0.0033  0.0118 40.1041
1488 944  0.0008  0.0017 50.5694
1520 944  0.0043  0.0039 39.5804
 16 976 -0.0007  0.0003 42.5003
 48 976 -0.0084  0.0152 41.4262
 80 976  0.0005  0.1760 69.8670
112 976  0.0000  0.0000  1.0000
144 976 -0.0979  0.0019 38.0410
176 976  0.0000  0.0000  1.0000
208 976 -0.4306  0.0342 10.4703
240 976 -0.0033 -0.4273 58.6498
272 976 -0.0021  0.0017 26.6406
304 976  0.0000  0.0000  1.0000
336 976  0.0099  0.3829  5.0184
368 976  0.0145  0.4538 15.8272
400 976  0.0000  0.0000  1.0000
432 976  0.0000  0.0000  1.0000
464 976 -0.7263  0.7848  3.2078
496 976  0.0135  0.5220 17.5958
528 976  0.0000  0.0000  1.0000
560 976  0.0014 -0.0056  7.2852
592 976  0.0000  0.0000  1.0000
624 976  0.0000  0.0000  1.0000
656 976  0.0000  0.0000  1.0000
688 976  0.0000  0.0000  1.0000
720 976  0.0013 -0.1056 13.7722
752 976 -0.5275 -0.2107 14.9483
784 976  0.0040  0.0336 13.9187
816 976  0.0000  0.0000  1.0000
848 976  0.0000  0.0000  1.0000
880 976  0.0000  0.0000  1.0000
912 976 -0.0345  0.0449 22.1161
944 976  0.0000  0.0000  1.0000
976 976  0.0000  0.0000  1.0000
1008 976  0.0000  0.0000  1.0000
1040 976  0.0000  0.0000  1.0000
1072 976  0.0000  0.0000  1.0000
1104 976  0.0000  0.0000  1.0000
1136 976  0.0000  0.0000  1.0000
1168 976  0.0000  0.0000  1.0000
1200 976 -0.8077  0.0318 24.5591
1232 976  0.0000  0.0000  1.0000
1264 976 -0.2725  0.0028 79.4702
1296 976  0.0000  0.0000  1.0000
1328 976 -0.2572  0.0108 32.2664
1360 976  0.0000  0.0000  1.0000
1392 976  0.0050 -0.0044 94.5781
1424 976 -0.1173  0.0017 25.5000
1456 976  0.0000  0.0000  1.0000
1488 976 -0.0038 -0.0018 36.5064
1520 976 -0.0034  0.0004 32.1128
 16 1008 -0.0004  0.0009 67.3477
 48 1008  0.0000  0.0000  1.0000
 80 1008  0.0250  0.2433 21.0127
112 1008 -0.0497  0.0127 41.5276
144 1008 -0.0051  0.0159 124.7816
176 1008 -0.0417  0.3463 22.5667
208 1008  0.0000  0.0000  1.0000
240 1008 -0.0038  0.0042 17.6128
272 1008 -0.0025 -0.0033 30.7171
304 1008  0.0000  0.0000  1.0000
336 1008  0.0000  0.0000  1.0000
368 1008  0.0051  0.5215 13.6567
400 1008 -0.5002  0.0156 16.2791
432 1008  0.0000  0.0000  1.0000
464 1008 -0.3380  0.5026 12.0667
496 1008 -0.0153  0.7974  4.3613
528 1008  0.0000  0.0000  1.0000
560 1008  0.0000  0.0000  1.0000
592 1008 -0.1619  0.0011 11.7183
624 1008 -0.4721  0.1964 16.4211
656 1008  0.0000  0.0000  1.0000
688 1008  0.0000  0.0000  1.0000
720 1008  0.0000  0.0000  1.0000
752 1008  0.0000  0.0000  1.0000
784 1008  0.0000  0.0000  1.0000
816 1008  0.0000  0.0000  1.0000
848 1008  0.0000  0.0000  1.0000
880 1008  0.0243  0.0278 16.0201
912 1008  0.0000  0.0000  1.0000
944 1008  0.0375  0.2670  5.1663
976 1008  0.0047 -0.2663 11.7457
1008 1008  0.0000  0.0000  1.0000
1040 1008  0.0029  0.0144 30.4033
1072 1008  0.0000  0.0000  1.0000
1104 1008  0.0000  0.0000  1.0000
1136 1008  0.0000  0.0000  1.0000
1168 1008  0.0000  0.0000  1.0000
1200 1008  0.0000  0.0000  1.0000
1232 1008  0.1421  0.6075  8.0451
1264 1008  0.0106  0.3244  9.8258
1296 1008  0.0000  0.0000  1.0000
1328 1008 -0.0319  0.0871 14.2211
1360 1008  0.0000  0.0000  1.0000
1392 1008  0.0023  0.0023 35.9122
1424 1008 -0.0021 -0.0004 41.2538
1456 1008  0.0000  0.0000  1.0000
1488 1008  0.0000  0.0000  1.0000
1520 1008  0.0010  0.0004 56.6933
 16 1040  0.0000  0.0000  1.0000
 48 1040 -0.0006  0.0007 51.9750
 80 1040 -0.0053  0.0718 89.2121
112 1040  0.0000  0.0000  1.0000
144 1040  0.0000  0.0000  1.0000
176 1040 -0.1061 -0.0004 155.1029
208 1040  0.0000  0.0000  1.0000
240 1040  0.0000  0.0000  1.0000
272 1040 -0.2563  0.0135 20.9228
304 1040  0.5562 -0.0048 10.6497
336 1040 -0.0952  0.6317  5.7638
368 1040 -0.0006  0.4909 13.2988
400 1040 -0.5747  0.4881  9.9311
432 1040  0.0000  0.0000  1.0000
464 1040  0.0000  0.0000  1.0000
496 1040 -0.7418  0.0125 89.6958
528 1040 -0.5254  0.0349  7.6205
560 1040  0.0000  0.0000  1.0000
592 1040 -0.0911  0.0889 13.2740
624 1040  0.0000  0.0000  1.0000
656 1040  0.0000  0.0000  1.0000
688 1040  0.0000  0.0000  1.0000
720 1040 -0.2325  0.5448  5.8810
752 1040 -0.5253  0.4509 10.7125
784 1040 -0.3701  0.5155  3.4553
816 1040 -0.0448  0.3928  8.3426
848 1040  0.0000  0.0000  1.0000
880 1040  0.0000  0.0000  1.0000
912 1040  0.1661 -0.0028  8.4495
944 1040 -0.0028  0.1023 11.3419
976 1040  0.0000  0.0000  1.0000
1008 1040  0.0000  0.0000  1.0000
1040 1040 -0.3787  0.2361  9.5804
1072 1040 -0.2426  0.0237 10.9879
1104 1040 -0.0352  0.0532 31.3636
1136 1040  0.0000  0.0000  1.0000
1168 1040  0.0100  0.1109 16.4762
1200 1040  0.0000  0.0000  1.0000
1232 1040  0.0000  0.0000  1.0000
1264 1040  0.0000  0.0000  1.0000
1296 1040  0.0000  0.0000  1.0000
1328 1040  0.0000  0.0000  1.0000
1360 1040  0.0024  0.0115 53.0317
1392 1040  0.0052  0.0033 25.2846
1424 1040  0.0000  0.0000  1.0000
1456 1040 -0.0041  0.0029 40.5996
1488 1040  0.0002 -0.0064 34.4055
1520 1040  0.0000  0.0000  1.0000
 16 1072  0.0000  0.0000  1.0000
 48 1072  0.0010 -0.0018 49.4696
 80 1072 -0.0056  0.0124 49.7827
112 1072  0.0000  0.0000  1.0000
144 1072  0.0049  0.1210 31.4119
176 1072 -0.0054  0.0123 43.8271
208 1072 -0.0125  0.0129 40.3725
240 1072  0.0360 -0.1632 25.8984
272 1072 -0.3740  0.0032 26.3770
304 1072  0.0000  0.0000  1.0000
336 1072 -0.0945 -0.1482 27.5225
368 1072  0.0000  0.0000  1.0000
400 1072  0.0000  0.0000  1.0000
432 1072 -0.0674  0.6603  3.9070
464 1072  0.2561 -0.3980  4.2472
496 1072  0.0000  0.0000  1.0000
528 1072 -0.7319  0.2005 42.2160
560 1072  0.0000  0.0000  1.0000
592 1072  0.0000  0.0000  1.0000
624 1072  0.0000  0.0000  1.0000
656 1072  0.1252 -0.0067 15.2990
688 1072  0.0709 -0.5610 76.5146
720 1072  0.0000  0.0000  1.0000
752 1072  0.0000  0.0000  1.0000
784 1072  0.0000  0.0000  1.0000
816 1072 -0.7880  0.7178  6.8098
848 1072 -0.0103  0.7995  1.8911
880 1072  0.0000  0.0000  1.0000
912 1072  0.0091 -0.1630 10.9543
944 1072 -0.0126  0.0061 10.0812
976 1072  0.0000  0.0000  1.0000
1008 1072  0.3768  0.6204 101.0409
1040 1072 -0.6205  0.3358 77.0159
1072 1072  0.5612  0.6652  6.0846
1104 1072  0.0083 -0.0068 18.0128
1136 1072  0.3564  0.9413  2.0772
1168 1072  0.3510  0.1008  4.5519
1200 1072 -0.5913  0.6003  9.8203
1232 1072 -0.1051 -0.2192 92.2004
1264 1072  0.0000  0.0000  1.0000
1296 1072  0.0000  0.0000  1.0000
1328 1072  0.0000  0.0000  1.0000
1360 1072  0.0028 -0.0092 1433.3014
1392 1072  0.0593  0.0033 114.9668
1424 1072  0.0000  0.0000  1.0000
1456 1072 -0.0025 -0.0045 100.0182
1488 1072 -0.0010 -0.0012 48.9066
1520 1072  0.0000  0.0000  1.0000
 16 1104  0.0000  0.0000  1.0000
 48 1104  0.0004 -0.0003 1136.2686
 80 1104  0.0000  0.0000  1.0000
112 1104 -0.0115  0.0153 32.7143
144 1104 -0.0330  0.0020 30.5695
176 1104  0.0048 -0.0065 16.8709
208 1104 -0.1379  0.0049 33.2132
240 1104  0.0000  0.0000  1.0000
272 1104  0.0000  0.0000  1.0000
304 1104 -0.3360  0.5123 14.8396
336 1104  0.0969 -0.0516 119.1646
368 1104  0.0000  0.0000  1.0000
400 1104 -0.0023 -0.0433 10.9157
432 1104  0.0000  0.0000  1.0000
464 1104  0.0000  0.0000  1.0000
496 1104 -0.2437 -0.0019 60.2839
528 1104  0.0262 -0.0172 56.4512
560 1104 -0.1638  0.7613  5.6745
592 1104 -0.4800  0.0128  3.8790
624 1104  0.0000  0.0000  1.0000
656 1104  0.0000  0.0000  1.0000
688 1104  0.0000  0.0000  1.0000
720 1104  0.0000  0.0000  1.0000
752 1104  0.0000  0.0000  1.0000
784 1104  0.0000  0.0000  1.0000
816 1104  0.0000  0.0000  1.0000
848 1104 -0.2587  0.3022 12.2381
880 1104  0.3768  0.2023  5.6075
912 1104 -0.0035  0.1074 13.1956
944 1104  0.1152  0.8356  6.3754
976 1104  0.2035  0.3886  5.6706
1008 1104  0.1615  0.3814 14.9007
1040 1104  0.0007  0.6781  8.9523
1072 1104 -0.0051  0.0132  8.6280
1104 1104  0.0000  0.0000  1.0000
1136 1104  0.0000  0.0000  1.0000
1168 1104  0.0000  0.0000  1.0000
1200 1104 -0.1281  0.0079 16.3973
1232 1104 -0.0080 -0.0015 105.8100
1264 1104  0.0000  0.0000  1.0000
1296 1104  0.1642 -0.1803 414.7142
1328 1104  0.0000  0.0000  1.0000
1360 1104  0.0000  0.0000  1.0000
1392 1104  0.0000  0.0000  1.0000
1424 1104 -0.0026  0.0032 45.2343
1456 1104  0.0000  0.0000  1.0000
1488 1104 -0.0008 -0.0012 1551.6118
1520 1104  0.0000  0.0000  1.0000
 16 1136  0.0000  0.0000  1.0000
 48 1136  0.0000  0.0000  1.0000
 80 1136 -0.0004 -0.0003 54.3404
112 1136 -0.0076  0.0083 57.3918
144 1136  0.0000  0.0000  1.0000
176 1136 -0.0209  0.0001 93.3048
208 1136 -0.0009 -0.0104 76.1825
240 1136 -0.0055  0.0729 40.0364
272 1136  0.0000  0.0000  1.0000
304 1136 -0.0126 -0.3884 42.7172
336 1136 -0.0140 -0.4297 8931360.0000
368 1136  0.2722 -0.0368 14.3512
400 1136  0.0000  0.0000  1.0000
432 1136  0.1962  0.1569 55.7016
464 1136  0.0000  0.0000  1.0000
496 1136  0.0000  0.0000  1.0000
528 1136  0.0000  0.0000  1.0000
560 1136 -0.1614  0.3260 12.5256
592 1136 -0.0083  0.1607 33.6197
624 1136  0.0000  0.0000  1.0000
656 1136 -0.5414  0.5395 26.3855
688 1136  0.0133  0.0073 15.8568
720 1136  0.1084  0.2775 13.7171
752 1136  0.0000  0.0000  1.0000
784 1136  0.4893 -0.1698  4.2413
816 1136  0.0000  0.0000  1.0000
848 1136  0.0000  0.0000  1.0000
880 1136  0.0000  0.0000  1.0000
912 1136  0.0000  0.0000  1.0000
944 1136  0.0000  0.0000  1.0000
976 1136  0.0000  0.0000  1.0000
1008 1136  0.0000  0.0000  1.0000
1040 1136  0.0000  0.0000  1.0000
1072 1136  0.0000  0.0000  1.0000
1104 1136  0.0000  0.0000  1.0000
1136 1136  0.0029  0.2979  5.5897
1168 1136  0.0000  0.0000  1.0000
1200 1136  0.0000  0.0000  1.0000
1232 1136 -0.0084 -0.5272 118.6438
1264 1136  0.0000  0.0000  1.0000
1296 1136  0.0000  0.0000  1.0000
1328 1136 -0.0320 -0.0237 49.3256
1360 1136 -0.3824 -0.1785 22.8898
1392 1136 -0.0011  0.1182  5.3792
1424 1136  0.0000  0.0000  1.0000
1456 1136 -0.0052 -0.0026 52.4103
1488 1136 -0.0003 -0.0021 17.7704
1520 1136  0.0000  0.0000  1.0000
 16 1168  0.0000  0.0000  1.0000
 48 1168  0.0000  0.0000  1.0000
 80 1168  0.0000  0.0000  1.0000
112 1168  0.0000  0.0000  1.0000
144 1168  0.0000  0.0000  1.0000
176 1168 -0.0334  0.0011 148.1600
208 1168  0.0000  0.0000  1.0000
240 1168 -0.0900  0.0037 102.6845
272 1168  0.0000  0.0000  1.0000
304 1168  0.0124 -0.4230 49.0625
336 1168 -0.1503  0.2615 33.1133
368 1168 -0.0104  0.4725 19.6935
400 1168 -0.0084  0.3089 16.3448
432 1168 -0.0007  0.4702 12.4755
464 1168 -0.0580  0.8240  4.1550
496 1168  0.0000  0.0000  1.0000
528 1168  0.0000  0.0000  1.0000
560 1168 -0.0091  0.2873 291.4980
592 1168  0.5245  0.0843 10.5736
624 1168 -0.0054  0.2608 12.0194
656 1168 -0.2093  0.2627 68.9007
688 1168  0.0000  0.0000  1.0000
720 1168  0.0000  0.0000  1.0000
752 1168  0.0000  0.0000  1.0000
784 1168  0.0000  0.0000  1.0000
816 1168 -0.0039 -0.0023 13.1075
848 1168  0.0000  0.0000  1.0000
880 1168  0.0000  0.0000  1.0000
912 1168  0.0000  0.0000  1.0000
944 1168 -0.0060 -0.0108 33.1321
976 1168 -0.4589 -0.0065 16.5766
1008 1168  0.0000  0.0000  1.0000
1040 1168  0.0000  0.0000  1.0000
1072 1168  0.0000  0.0000  1.0000
1104 1168  0.0000  0.0000  1.0000
1136 1168  0.0000  0.0000  1.0000
1168 1168  0.0000  0.0000  1.0000
1200 1168  0.0245  0.0066 30.5736
1232 1168  0.0000  0.0000  1.0000
1264 1168  0.0000  0.0000  1.0000
1296 1168  0.0000  0.0000  1.0000
1328 1168  0.0000  0.0000  1.0000
1360 1168 -0.0078 -0.0017 38.4133
1392 1168  0.0062  0.0053 73.0219
1424 1168 -0.0041 -0.0097 73.0890
1456 1168  0.0000  0.0000  1.0000
1488 1168  0.0000  0.0000  1.0000
1520 1168  0.0000  0.0000  1.0000
 16 1200 -0.0053  0.0009  9.5714
 48 1200  0.0000  0.0000  1.0000
 80 1200  0.0000  0.0000  1.0000
112 1200 -0.0006  0.0000 279.0737
144 1200 -0.0032  0.0020 31.3273
176 1200  0.0007  0.0519 31.6163
208 1200  0.0000  0.0000  1.0000
240 1200  0.0000  0.0000  1.0000
272 1200 -0.0088  0.1443 91.0491
304 1200 -0.0073  0.0055 53.9953
336 1200 -0.0418  0.3780 21.4615
368 1200  0.0000  0.0000  1.0000
400 1200  0.0000  0.0000  1.0000
432 1200  0.0000  0.0000  1.0000
464 1200 -0.1785  0.5965 13.4990
496 1200  0.0000  0.0000  1.0000
528 1200  0.0000  0.0000  1.0000
560 1200  0.0000  0.0000  1.0000
592 1200  0.0000  0.0000  1.0000
624 1200 -0.0119  0.0080 6816607.0000
656 1200 -0.6827 -0.0913 19.2991
688 1200 -0.6025  0.2690 388.3319
720 1200  0.0000  0.0000  1.0000
752 1200  0.0000  0.0000  1.0000
784 1200  0.0000  0.0000  1.0000
816 1200  0.0000  0.0000  1.0000
848 1200  0.0000  0.0000  1.0000
880 1200  0.0000  0.0000  1.0000
912 1200 -0.3036 -0.4891 170.5692
944 1200  0.0084  0.3696 85.9807
976 1200  0.0000  0.0000  1.0000
1008 1200  0.0000  0.0000  1.0000
1040 1200  0.0000  0.0000  1.0000
1072 1200 -0.2705  0.6483 12.9824
1104 1200  0.0000  0.0000  1.0000
1136 1200  0.0029 -0.0044 18.9115
1168 1200 -0.0079  0.4070 30.8293
1200 1200  0.0000  0.0000  1.0000
1232 1200  0.0000  0.0000  1.0000
1264 1200  0.0000  0.0000  1.0000
1296 1200 -0.3822  0.5236 11.3018
1328 1200 -0.2169  0.3471 21.6028
1360 1200  0.0000  0.0000  1.0000
1392 1200  0.0000  0.0000  1.0000
1424 1200  0.0016  0.0013 164.2878
1456 1200  0.0000  0.0000  1.0000
1488 1200  0.0000  0.0000  1.0000
1520 1200  0.0000  0.0000  1.0000
 16 1232 -0.0872 -0.0149  9.1034
 48 1232  0.0000  0.0000  1.0000
 80 1232 -0.0100  0.0044  9.2029
112 1232  0.0000  0.0000  1.0000
144 1232 -0.0021  0.0018 47.6774
176 1232  0.0000  0.0000  1.0000
208 1232  0.0000  0.0000  1.0000
240 1232  0.0000  0.0000  1.0000
272 1232 -0.0065  0.1825 32.7625
304 1232  0.0020  0.2720 66.6721
336 1232 -0.0674 -0.0041 32.5323
368 1232  0.2008  0.0566 58.4975
400 1232  0.0000  0.0000  1.0000
432 1232 -0.2693  0.4893 10066944.0000
464 1232  0.0000  0.0000  1.0000
496 1232 -0.0789  0.0050 21.0384
528 1232 -0.3721  0.5344  9.5507
560 1232  0.0000  0.0000  1.0000
592 1232  0.0000  0.0000  1.0000
624 1232  0.0013  0.0037 367.6968
656 1232  0.0000  0.0000  1.0000
688 1232  0.0000  0.0000  1.0000
720 1232  0.0074  0.8730  4.1410
752 1232 -0.2317  0.7360  6.0131
784 1232  0.0000  0.0000  1.0000
816 1232  0.0000  0.0000  1.0000
848 1232  0.0000  0.0000  1.0000
880 1232  0.0000  0.0000  1.0000
912 1232  0.0000  0.0000  1.0000
944 1232  0.0000  0.0000  1.0000
976 1232 -0.0027  0.8442  3.6965
1008 1232 -0.2702  0.5646 45.9127
1040 1232  0.0000  0.0000  1.0000
1072 1232  0.0000  0.0000  1.0000
1104 1232  0.0000  0.0000  1.0000
1136 1232  0.0000  0.0000  1.0000
1168 1232  0.0000  0.0000  1.0000
1200 1232  0.0000  0.0000  1.0000
1232 1232 -0.0038  0.2064 15.4806
1264 1232  0.0000  0.0000  1.0000
1296 1232  0.0000  0.0000  1.0000
1328 1232  0.0000  0.0000  1.0000
1360 1232  0.0006  0.0006 2997.7651
1392 1232 -0.0048 -0.0015 61.1600
1424 1232 -0.0017 -0.0021 97.4852
1456 1232  0.0000  0.0000  1.0000
1488 1232  0.0000  0.0000  1.0000
1520 1232 -0.0092  0.0060 18.0274
 16 1264  0.0000  0.0000  1.0000
 48 1264 -0.6614 -0.2140  4.8507
 80 1264  0.0000  0.0000  1.0000
112 1264  0.0000  0.0000  1.0000
144 1264 -0.0001 -0.0007 15128094.0000
176 1264  0.0005  0.0003 51.0720
208 1264 -0.0015  0.0055 30.0984
240 1264 -0.0005  0.0424 27.9103
272 1264  0.0000  0.0000  1.0000
304 1264  0.0000  0.0000  1.0000
336 1264  0.0000  0.0000  1.0000
368 1264 -0.0023  0.3454 27.0385
400 1264  0.0000  0.0000  1.0000
432 1264  0.0000  0.0000  1.0000
464 1264  0.0000  0.0000  1.0000
496 1264 -0.0139  0.4897 32.6768
528 1264  0.0063 -0.0027 23.6868
560 1264 -0.0114 -0.2173 1062.0603
592 1264  0.0000  0.0000  1.0000
624 1264  0.0000  0.0000  1.0000
656 1264  0.0000  0.0000  1.0000
688 1264  0.0000  0.0000  1.0000
720 1264  0.0000  0.0000  1.0000
752 1264  0.0000  0.0000  1.0000
784 1264  0.0061 -0.0997 29.4548
816 1264  0.0000  0.0000  1.0000
848 1264  0.0000  0.0000  1.0000
880 1264  0.0000  0.0000  1.0000
912 1264  0.0000  0.0000  1.0000
944 1264  0.0000  0.0000  1.0000
976 1264  0.0000  0.0000  1.0000
1008 1264  0.0000  0.0000  1.0000
1040 1264  0.0000  0.0000  1.0000
1072 1264  0.0000  0.0000  1.0000
1104 1264  0.0000  0.0000  1.0000
1136 1264  0.0000  0.0000  1.0000
1168 1264  0.0000  0.0000  1.0000
1200 1264 -0.6357 -0.5703 62.5727
1232 1264  0.0000  0.0000  1.0000
1264 1264  0.0000  0.0000  1.0000
1296 1264 -0.1698  0.2322 593.5259
1328 1264  0.0032  0.0036 185.6177
1360 1264  0.0000  0.0000  1.0000
1392 1264  0.0000  0.0000  1.0000
1424 1264 -0.1639  0.0128 14.5750
1456 1264  0.0000  0.0000  1.0000
1488 1264 -0.0150  0.0088 13.0650
1520 1264  0.0000  0.0000  1.0000
 16 1296 -0.0257  0.0032  9.5301
 48 1296  0.0496 -0.2041 34.1176
 80 1296  0.0000  0.0000  1.0000
112 1296  0.0000  0.0000  1.0000
144 1296  0.0000  0.0000  1.0000
176 1296  0.0000  0.0000  1.0000
208 1296 -0.0001  0.0001 59.9560
240 1296  0.0000  0.0000  1.0000
272 1296  0.0000  0.0000  1.0000
304 1296  0.0000  0.0000  1.0000
336 1296 -0.0078  0.1396 43.0806
368 1296 -0.0065  0.1159 53.2806
400 1296  0.0000  0.0000  1.0000
432 1296 -0.0006  0.3607 109.7338
464 1296 -0.0058  0.4137 46.4320
496 1296  0.0000  0.0000  1.0000
528 1296  0.0000  0.0000  1.0000
560 1296  0.0000  0.0000  1.0000
592 1296 -0.0089  0.2705 88.5205
624 1296  0.0000  0.0000  1.0000
656 1296  0.0000  0.0000  1.0000
688 1296  0.0000  0.0000  1.0000
720 1296  0.0000  0.0000  1.0000
752 1296 -0.6006 -0.6936 36.0304
784 1296  0.0000  0.0000  1.0000
816 1296  0.0000  0.0000  1.0000
848 1296  0.0000  0.0000  1.0000
880 1296  0.0000  0.0000  1.0000
912 1296  0.0000  0.0000  1.0000
944 1296  0.0000  0.0000  1.0000
976 1296  0.0000  0.0000  1.0000
1008 1296  0.0000  0.0000  1.0000
1040 1296  0.0000  0.0000  1.0000
1072 1296  0.0024  0.5395 11.5506
1104 1296 -0.3121  0.0786 18.1529
1136 1296  0.0000  0.0000  1.0000
1168 1296  0.0090  0.0099 16.3744
1200 1296 -0.4721  0.4291 67.0465
1232 1296  0.0000  0.0000  1.0000
1264 1296  0.0000  0.0000  1.0000
1296 1296  0.0000  0.0000  1.0000
1328 1296  0.0000  0.0000  1.0000
1360 1296  0.0000  0.0000  1.0000
1392 1296  0.0000  0.0000  1.0000
1424 1296  0.0000  0.0000  1.0000
1456 1296  0.0000  0.0000  1.0000
1488 1296  0.0000  0.0000  1.0000
1520 1296  0.0000  0.0000  1.0000
 16 1328  0.0000  0.0000  1.0000
 48 1328  0.0000  0.0000  1.0000
 80 1328  0.0000  0.0000  1.0000
112 1328 -0.0609  0.0028 10.0000
144 1328  0.0000  0.0000  1.0000
176 1328  0.0000  0.0000  1.0000
208 1328  0.0000  0.0000  1.0000
240 1328  0.0004  0.0000 55.7223
272 1328  0.0000  0.0000  1.0000
304 1328  0.0000  0.0000  1.0000
336 1328  0.0000  0.0000  1.0000
368 1328  0.0000  0.0000  1.0000
400 1328  0.0000  0.0000  1.0000
432 1328 -0.0309  0.2283 41.9266
464 1328  0.0000  0.0000  1.0000
496 1328  0.0000  0.0000  1.0000
528 1328 -0.0099  0.4307 23.9461
560 1328  0.0000  0.0000  1.0000
592 1328  0.0000  0.0000  1.0000
624 1328 -0.1931  0.1726 36.7318
656 1328  0.0000  0.0000  1.0000
688 1328  0.0000  0.0000  1.0000
720 1328  0.0000  0.0000  1.0000
752 1328  0.0000  0.0000  1.0000
784 1328 -0.0030  0.3635 10.4716
816 1328 -0.0136  0.6248  6.8073
848 1328 -0.1760 -0.0080 38.2760
880 1328  0.0000  0.0000  1.0000
912 1328  0.0070  0.0086 18.6234
944 1328  0.0000  0.0000  1.0000
976 1328  0.0000  0.0000  1.0000
1008 1328  0.0088  0.4346 19.5435
1040 1328  0.0062  0.0222 26.6531
1072 1328  0.6059  0.1026  8.1811
1104 1328  0.0000  0.0000  1.0000
1136 1328  0.0000  0.0000  1.0000
1168 1328  0.0000  0.0000  1.0000
1200 1328  0.0000  0.0000  1.0000
1232 1328  0.0000  0.0000  1.0000
1264 1328  0.0000  0.0000  1.0000
1296 1328 -0.0017 -0.0008 79.3877
1328 1328  0.0000  0.0000  1.0000
1360 1328  0.0113 -0.0518 17.7069
1392 1328  0.0000  0.0000  1.0000
1424 1328  0.0000  0.0000  1.0000
1456 1328 -0.0153 -0.0117 13.1429
1488 1328  0.0000  0.0000  1.0000
1520 1328  0.0000  0.0000  1.0000
 16 1360  0.0000  0.0000  1.0000
 48 1360  0.0000  0.0000  1.0000
 80 1360  0.0000  0.0000  1.0000
112 1360  0.0930 -0.0041 13.4412
144 1360 -0.0327  0.0033 22.1316
176 1360  0.0060 -0.1074 8519680.0000
208 1360  0.0393 -0.0962 25.8824
240 1360  0.0000  0.0000  1.0000
272 1360  0.0013 -0.0001 51.1217
304 1360  0.0000  0.0000  1.0000
336 1360 -0.0263  0.0072 20.4344
368 1360  0.0000  0.0000  1.0000
400 1360  0.0000  0.0000  1.0000
432 1360  0.0000  0.0000  1.0000
464 1360  0.0000  0.0000  1.0000
496 1360  0.0000  0.0000  1.0000
528 1360  0.0000  0.0000  1.0000
560 1360  0.0000  0.0000  1.0000
592 1360  0.0000  0.0000  1.0000
624 1360  0.0000  0.0000  1.0000
656 1360  0.0000  0.0000  1.0000
688 1360  0.0000  0.0000  1.0000
720 1360  0.0000  0.0000  1.0000
752 1360  0.0000  0.0000  1.0000
784 1360  0.0000  0.0000  1.0000
816 1360  0.0000  0.0000  1.0000
848 1360  0.0000  0.0000  1.0000
880 1360  0.0000  0.0000  1.0000
912 1360  0.0000  0.0000  1.0000
944 1360  0.0000  0.0000  1.0000
976 1360  0.0000  0.0000  1.0000
1008 1360  0.0000  0.0000  1.0000
1040 1360  0.0000  0.0000  1.0000
1072 1360  0.0000  0.0000  1.0000
1104 1360  0.0000  0.0000  1.0000
1136 1360  0.2132  0.2008 42.1756
1168 1360  0.0000  0.0000  1.0000
1200 1360  0.0000  0.0000  1.0000
1232 1360  0.0000  0.0000  1.0000
1264 1360  0.0000  0.0000  1.0000
1296 1360  0.0000  0.0000  1.0000
1328 1360  0.0000  0.0000  1.0000
1360 1360  0.0000  0.0000  1.0000
1392 1360  0.0000  0.0000  1.0000
1424 1360  0.0000  0.0000  1.0000
1456 1360  0.0006 -0.0123 24.3096
1488 1360 -0.2253  0.0164 11.3828
1520 1360  0.0000  0.0000  1.0000
 16 1392  0.0063  0.2615 18.4706
 48 1392  0.0000  0.0000  1.0000
 80 1392  0.0000  0.0000  1.0000
112 1392  0.0000  0.0000  1.0000
144 1392  0.0492  0.0108 14.4286
176 1392  0.0000  0.0000  1.0000
208 1392  0.0025 -0.0075  5.8786
240 1392  0.0062  0.0054  7.0962
272 1392  0.0000  0.0000  1.0000
304 1392  0.0000  0.0000  1.0000
336 1392 -0.0024  0.0011 16.0938
368 1392  0.0000  0.0000  1.0000
400 1392  0.0000  0.0000  1.0000
432 1392 -0.0518  0.0122 402.8047
464 1392  0.0000  0.0000  1.0000
496 1392  0.0000  0.0000  1.0000
528 1392  0.0000  0.0000  1.0000
560 1392  0.0000  0.0000  1.0000
592 1392  0.0000  0.0000  1.0000
624 1392  0.0000  0.0000  1.0000
656 1392  0.2630  0.6299 10.7897
688 1392  0.0000  0.0000  1.0000
720 1392  0.0000  0.0000  1.0000
752 1392  0.0000  0.0000  1.0000
784 1392  0.0000  0.0000  1.0000
816 1392 -0.5843  0.2960 42.7617
848 1392  0.0009  0.1760 19.4095
880 1392  0.0000  0.0000  1.0000
912 1392  0.0000  0.0000  1.0000
944 1392  0.0000  0.0000  1.0000
976 1392  0.0014 -0.0004 207.9507
1008 1392  0.0000  0.0000  1.0000
1040 1392  0.0000  0.0000  1.0000
1072 1392  0.0000  0.0000  1.0000
1104 1392  0.0000  0.0000  1.0000
1136 1392  0.0000  0.0000  1.0000
1168 1392 -0.2621  0.1958 48.9626
1200 1392  0.0000  0.0000  1.0000
1232 1392  0.0000  0.0000  1.0000
1264 1392  0.0000  0.0000  1.0000
1296 1392  0.0000  0.0000  1.0000
1328 1392  0.0000  0.0000  1.0000
1360 1392  0.0000  0.0000  1.0000
1392 1392  0.0000  0.0000  1.0000
1424 1392  0.1076  0.0646 17.9588
1456 1392  0.0021  0.0893 10.0774
1488 1392  0.0000  0.0000  1.0000
1520 1392  0.0000  0.0000  1.0000
 16 1424 -0.2665 -0.0612 23.9200
 48 1424  0.0000  0.0000  1.0000
 80 1424  0.0000  0.0000  1.0000
112 1424 -0.0080  0.0042  5.7048
144 1424 -0.0241  0.1414 21.8889
176 1424  0.0000  0.0000  1.0000
208 1424  0.0000  0.0000  1.0000
240 1424 -0.0364 -0.0997 15.2879
272 1424  0.0000  0.0000  1.0000
304 1424 -0.0004  0.0029 58.5594
336 1424  0.0000  0.0000  1.0000
368 1424 -0.0008 -0.0001 44.7833
400 1424 -0.0097  0.0096 51.7727
432 1424 -0.0196  0.0055 13.2069
464 1424 -0.0045  0.0097  5.5265
496 1424 -0.0036  0.0095 12.4779
528 1424  0.0000  0.0000  1.0000
560 1424 -0.0142  0.0685 1198.7618
592 1424  0.0000  0.0000  1.0000
624 1424  0.0000  0.0000  1.0000
656 1424  0.0000  0.0000  1.0000
688 1424  0.0000  0.0000  1.0000
720 1424  0.0000  0.0000  1.0000
752 1424 -0.0017  0.0068  8.1265
784 1424 -0.0029  0.0152 31.1660
816 1424  0.0000  0.0000  1.0000
848 1424  0.0000  0.0000  1.0000
880 1424  0.0000  0.0000  1.0000
912 1424  0.0000  0.0000  1.0000
944 1424  0.0000  0.0000  1.0000
976 1424 -0.3882 -0.7327 16.5993
1008 1424  0.0000  0.0000  1.0000
1040 1424  0.0000  0.0000  1.0000
1072 1424  0.0000  0.0000  1.0000
1104 1424  0.0000  0.0000  1.0000
1136 1424  0.0000  0.0000  1.0000
1168 1424  0.0000  0.0000  1.0000
1200 1424  0.0000  0.0000  1.0000
1232 1424  0.0012  0.0032 141.3040
1264 1424 -0.0857  0.0028 10.6667
1296 1424 -0.0631 -0.0444 33.5714
1328 1424 -0.0053  0.0060 23.8056
1360 1424 -0.0145 -0.0106 28.3605
1392 1424 -0.0079  0.0038 11.9348
1424 1424  0.0000  0.0000  1.0000
1456 1424  0.0000  0.0000  1.0000
1488 1424  0.1820 -0.1373 15.3684
1520 1424 -0.0029  0.0083 31.5192
 16 1456  0.0000  0.0000  1.0000
 48 1456  0.0000  0.0000  1.0000
 80 1456  0.0000  0.0000  1.0000
112 1456 -0.0967 -0.0042  9.4426
144 1456  0.0000  0.0000  1.0000
176 1456  0.0000  0.0000  1.0000
208 1456 -0.1852  0.0667 26.2391
240 1456  0.0000  0.0000  1.0000
272 1456  0.0000  0.0000  1.0000
304 1456 -0.0033  0.0077 19.1613
336 1456  0.0021  0.0019 14.5369
368 1456  0.0000  0.0000  1.0000
400 1456  0.0000  0.0000  1.0000
432 1456  0.0032 -0.0014 26.6067
464 1456  0.0000  0.0000  1.0000
496 1456  0.0000  0.0000  1.0000
528 1456  0.0000  0.0000  1.0000
560 1456  0.0000  0.0000  1.0000
592 1456 -0.0030  0.0075 25.4852
624 1456  0.0000  0.0000  1.0000
656 1456  0.0000  0.0000  1.0000
688 1456  0.0000  0.0000  1.0000
720 1456  0.0000  0.0000  1.0000
752 1456  0.0000  0.0000  1.0000
784 1456  0.0000  0.0000  1.0000
816 1456  0.0000  0.0000  1.0000
848 1456  0.0000  0.0000  1.0000
880 1456  0.0000  0.0000  1.0000
912 1456  0.0000  0.0000  1.0000
944 1456  0.0000  0.0000  1.0000
976 1456 -0.0014 -0.0010 32.6073
1008 1456  0.0000  0.0000  1.0000
1040 1456  0.0000  0.0000  1.0000
1072 1456  0.0000  0.0000  1.0000
1104 1456 -0.0010 -0.0008 26.0200
1136 1456  0.0000  0.0000  1.0000
1168 1456  0.0000  0.0000  1.0000
1200 1456  0.0000  0.0000  1.0000
1232 1456  0.0000  0.0000  1.0000
1264 1456  0.0071 -0.0494 25.2542
1296 1456  0.0252 -0.0024 37.7971
1328 1456  0.0000  0.0000  1.0000
1360 1456  0.0000  0.0000  1.0000
1392 1456 -0.2067 -0.0284 15.6036
1424 1456  0.0000  0.0000  1.0000
1456 1456  0.0000  0.0000  1.0000
1488 1456  0.0027  0.0601 12.6541
1520 1456  0.0033  0.0273 14.7059
 16 1488  0.0000  0.0000  1.0000
 48 1488 -0.1979 -0.2369 19.5769
 80 1488  0.0000  0.0000  1.0000
112 1488 -0.0746  0.1358  7.7209
144 1488 -0.1996 -0.0673 32.8125
176 1488 -0.0408  0.0552 43.7333
208 1488  0.0000  0.0000  1.0000
240 1488  0.0000  0.0000  1.0000
272 1488  0.0000  0.0000  1.0000
304 1488  0.0000  0.0000  1.0000
336 1488  0.0000  0.0000  1.0000
368 1488 -0.0043  0.0367 10.6489
400 1488  0.0000  0.0000  1.0000
432 1488  0.0000  0.0000  1.0000
464 1488  0.0000  0.0000  1.0000
496 1488  0.0000  0.0000  1.0000
528 1488 -0.0007 -0.0000 32.3169
560 1488  0.0000  0.0000  1.0000
592 1488  0.0000  0.0000  1.0000
624 1488  0.0000  0.0000  1.0000
656 1488  0.0000  0.0000  1.0000
688 1488  0.0000  0.0000  1.0000
720 1488  0.0000  0.0000  1.0000
752 1488  0.0000  0.0000  1.0000
784 1488  0.0000  0.0000  1.0000
816 1488  0.0000  0.0000  1.0000
848 1488  0.0000  0.0000  1.0000
880 1488  0.0000  0.0000  1.0000
912 1488  0.0000  0.0000  1.0000
944 1488  0.0000  0.0000  1.0000
976 1488  0.0000  0.0000  1.0000
1008 1488  0.0000  0.0000  1.0000
1040 1488  0.0000  0.0000  1.0000
1072 1488  0.0000  0.0000  1.0000
1104 1488  0.0000  0.0000  1.0000
1136 1488  0.0000  0.0000  1.0000
1168 1488  0.0000  0.0000  1.0000
1200 1488  0.0000  0.0000  1.0000
1232 1488  0.0285 -0.0321 18.4146
1264 1488  0.0022 -0.0042 12.1912
1296 1488  0.0403  0.0004 16.6724
1328 1488  0.0000  0.0000  1.0000
1360 1488  0.0000  0.0000  1.0000
1392 1488  0.0000  0.0000  1.0000
1424 1488  0.0000  0.0000  1.0000
1456 1488  0.0000  0.0000  1.0000
1488 1488  0.0000  0.0000  1.0000
1520 1488  0.0000  0.0000  1.0000
 16 1520 -0.2656  0.0052  6.4746
 48 1520 -0.2527 -0.0967 12.2759
 80 1520  0.0000  0.0000  1.0000
112 1520 -0.1080  0.2671  8.1111
144 1520  0.0000  0.0000  1.0000
176 1520  0.0000  0.0000  1.0000
208 1520  0.0000  0.0000  1.0000
240 1520  0.0000  0.0000  1.0000
272 1520  0.0000  0.0000  1.0000
304 1520  0.0000  0.0000  1.0000
336 1520  0.0000  0.0000  1.0000
368 1520  0.0000  0.0000  1.0000
400 1520 -0.0175  0.1967 16.3182
432 1520  0.0000  0.0000  1.0000
464 1520  0.0000  0.0000  1.0000
496 1520  0.0000  0.0000  1.0000
528 1520  0.0000  0.0000  1.0000
560 1520  0.0000  0.0000  1.0000
592 1520  0.0000  0.0000  1.0000
624 1520  0.0000  0.0000  1.0000
656 1520 -0.0000  0.0004 23.6394
688 1520  0.0000  0.0000  1.0000
720 1520  0.0000  0.0000  1.0000
752 1520  0.0000  0.0000  1.0000
784 1520  0.0000  0.0000  1.0000
816 1520  0.0000  0.0000  1.0000
848 1520  0.0000  0.0000  1.0000
880 1520 -0.0027 -0.0003 39.0171
912 1520  0.0000  0.0000  1.0000
944 1520  0.0000  0.0000  1.0000
976 1520  0.0000  0.0000  1.0000
1008 1520  0.0000  0.0000  1.0000
1040 1520  0.0000  0.0000  1.0000
1072 1520  0.0000  0.0000  1.0000
1104 1520  0.0000  0.0000  1.0000
1136 1520  0.0323 -0.0129 34.1765
1168 1520  0.0000  0.0000  1.0000
1200 1520  0.0000  0.0000  1.0000
1232 1520  0.0000  0.0000  1.0000
1264 1520  0.0000  0.0000  1.0000
1296 1520  0.0016 -0.0020 48.3333
1328 1520 -0.0515  0.3013 15.9080
1360 1520  0.0000  0.0000  1.0000
1392 1520  0.0000  0.0000  1.0000
1424 1520 -0.0322 -0.0424 23.3182
1456 1520  0.1494  0.0064 42.0000
1488 1520  0.0000  0.0000  1.0000
1520 1520  0.0078 -0.0031  8.8281
  0   0  0.0000  0.0000  0.0000
  0   0  0.0000  0.0000  0.0000
  0   0  0.0000  0.0000  0.0000
  0   0  0.0000  0.0000  0.0000
  0   0  0.0000  0.0000  0.0000
  0   0  0.0000  0.0000  0.0000
  0   0  0.0000  0.0000  0.0000
  0   0  0.0000  0.0000  0.0000
  0   0  0.0000  0.0000  0.0000
  0   0  0.0000  0.0000  0.0000
  0   0  0.0000  0.0000  0.0000
  0   0  0.0000  0.0000  0.0000
  0   0  0.0000  0.0000  0.0000
  0   0  0.0000  0.0000  0.0000
  0   0  0.0000  0.0000  0.0000
  0   0  0.0000  0.0000  0.0000
  0   0  0.0000  0.0000  0.0000
  0   0  0.0000  0.0000  0.0000
  0   0  0.0000  0.0000  0.0000
  0   0  0.0000  0.0000  0.0000
  0   0  0.0000  0.0000  0.0000
  0   0  0.0000  0.0000  0.0000
  0   0  0.0000  0.0000  0.0000
  0   0  0.0000  0.0000  0.0000
  0   0  0.0000  0.0000  0.0000
  0   0  0.0000  0.0000  0.0000
  0   0  0.0000  0.0000  0.0000
  0   0  0.0000  0.0000  0.0000
  0   0  0.0000  0.0000  0.0000
