VARIABLES= "X m", "Y m", "U m/s", "V m/s", "CHC", ZONE I=48, J=48
 16  16  0.0000  0.0000  1.0000
 48  16  0.0000  0.0000  1.0000
 80  16  0.0000  0.0000  1.0000
112  16  0.0000  0.0000  1.0000
144  16  0.0000  0.0000  1.0000
176  16  0.0000  0.0000  1.0000
208  16  0.0000  0.0000  1.0000
240  16  0.0000  0.0000  1.0000
272  16  0.0000  0.0000  1.0000
304  16  0.0000  0.0000  1.0000
336  16  0.0000  0.0000  1.0000
368  16  0.0000  0.0000  1.0000
400  16  0.0000  0.0000  1.0000
432  16  0.0000  0.0000  1.0000
464  16  0.0000  0.0000  1.0000
496  16  0.0000  0.0000  1.0000
528  16  0.0000  0.0000  1.0000
560  16  0.0000  0.0000  1.0000
592  16  0.0000  0.0000  1.0000
624  16  0.0000  0.0000  1.0000
656  16  0.0000  0.0000  1.0000
688  16  0.0000  0.0000  1.0000
720  16  0.0000  0.0000  1.0000
752  16  0.0000  0.0000  1.0000
784  16  0.0000  0.0000  1.0000
816  16  0.0000  0.0000  1.0000
848  16  0.0000  0.0000  1.0000
880  16  0.0000  0.0000  1.0000
912  16  0.0000  0.0000  1.0000
944  16  0.0000  0.0000  1.0000
976  16  0.0000  0.0000  1.0000
1008  16  0.0000  0.0000  1.0000
1040  16  0.0000  0.0000  1.0000
1072  16  0.0000  0.0000  1.0000
1104  16 -0.0050 -0.0047  8.0928
1136  16  0.0000  0.0000  1.0000
1168  16  0.0000  0.0000  1.0000
1200  16  0.0000  0.0000  1.0000
1232  16 -0.1062 -0.0082 12.1848
1264  16  0.0000  0.0000  1.0000
1296  16  0.0000  0.0000  1.0000
1328  16  0.0343 -0.3332 12.3608
1360  16  0.0000  0.0000  1.0000
1392  16  0.0571  0.1800  9.3559
1424  16 -0.0430  0.0057 21.0204
1456  16 -0.1612  0.5246  2.6348
1488  16  0.0000  0.0000  1.0000
1520  16  0.0010  0.2605  3.2066
 16  48 -0.1270 -0.0107 14.8690
 48  48  0.0000  0.0000  1.0000
 80  48  0.0000  0.0000  1.0000
112  48  0.0000  0.0000  1.0000
144  48  0.0000  0.0000  1.0000
176  48  0.1439 -0.0083  4.4872
208  48  0.1654  0.0055  9.1455
240  48 -0.1612  0.0680 15.5263
272  48  0.0000  0.0000  1.0000
304  48  0.0000  0.0000  1.0000
336  48  0.0179 -0.0088  9.5484
368  48  0.0035  0.0011 25.5921
400  48  0.0000  0.0000  1.0000
432  48  0.0000  0.0000  1.0000
464  48  0.0000  0.0000  1.0000
496  48  0.0000  0.0000  1.0000
528  48  0.0000  0.0000  1.0000
560  48  0.0000  0.0000  1.0000
592  48  0.0000  0.0000  1.0000
624  48  0.0000  0.0000  1.0000
656  48 -0.3873  0.0954 28.6620
688  48 -0.0117 -0.0000  9.9355
720  48  0.0000  0.0000  1.0000
752  48  0.0000  0.0000  1.0000
784  48  0.0000  0.0000  1.0000
816  48  0.0000  0.0000  1.0000
848  48  0.0000  0.0000  1.0000
880  48  0.0000  0.0000  1.0000
912  48  0.0000  0.0000  1.0000
944  48 -0.0051  0.0293 20.2812
976  48 -0.0110  0.0078 15.4636
1008  48  0.0000  0.0000  1.0000
1040  48  0.0000  0.0000  1.0000
1072  48  0.0000  0.0000  1.0000
1104  48  0.0000  0.0000  1.0000
1136  48  0.0000  0.0000  1.0000
1168  48  0.0021 -0.0066  7.9592
1200  48  0.0150  0.2622 10.1705
1232  48  0.0008  0.0151 30.3789
1264  48  0.0000  0.0000  1.0000
1296  48  0.0114 -0.0218  9.9864
1328  48  0.0000  0.0000  1.0000
1360  48  0.0018  0.0079  5.1420
1392  48  0.0000  0.0000  1.0000
1424  48  0.0000  0.0000  1.0000
1456  48  0.0000  0.0000  1.0000
1488  48  0.0000  0.0000  1.0000
1520  48 -0.0038  0.1249 107.3333
 16  80 -0.0002 -0.0071 31.2500
 48  80  0.0000  0.0000  1.0000
 80  80 -0.0055 -0.0176 16.7188
112  80  0.4585  0.2591  4.9545
144  80  0.0000  0.0000  1.0000
176  80  0.0000  0.0000  1.0000
208  80  0.0000  0.0000  1.0000
240  80  0.0082 -0.0024 15.4268
272  80 -0.3948  0.0048 43.2500
304  80  0.0060  0.0006  7.9192
336  80  0.0000  0.0000  1.0000
368  80  0.0000  0.0000  1.0000
400  80  0.0000  0.0000  1.0000
432  80  0.0000  0.0000  1.0000
464  80  0.0013  0.0023 28.6730
496  80  0.0000  0.0000  1.0000
528  80  0.0000  0.0000  1.0000
560  80  0.0000  0.0000  1.0000
592  80  0.0000  0.0000  1.0000
624  80  0.0000  0.0000  1.0000
656  80  0.0000  0.0000  1.0000
688  80  0.0000  0.0000  1.0000
720  80  0.0000  0.0000  1.0000
752  80  0.0000  0.0000  1.0000
784  80  0.0000  0.0000  1.0000
816  80 -0.2391  0.1783 76.0917
848  80  0.0000  0.0000  1.0000
880  80  0.0000  0.0000  1.0000
912  80  0.0000  0.0000  1.0000
944  80  0.0000  0.0000  1.0000
976  80  0.0000  0.0000  1.0000
1008  80  0.0000  0.0000  1.0000
1040  80 -0.0071  0.0250 20.4136
1072  80 -0.0072  0.0103 35.4838
1104  80  0.0000  0.0000  1.0000
1136  80  0.0000  0.0000  1.0000
1168  80  0.0000  0.0000  1.0000
1200  80  0.0000  0.0000  1.0000
1232  80  0.0000  0.0000  1.0000
1264  80 -0.0185 -0.0126 13.9010
1296  80 -0.0322 -0.0065 19.6847
1328  80  0.0000  0.0000  1.0000
1360  80 -0.0446 -0.0018  8.8486
1392  80  0.0000  0.0000  1.0000
1424  80 -0.2360  0.0035 17.9750
1456  80  0.0000  0.0000  1.0000
1488  80  0.0000  0.0000  1.0000
1520  80 -0.0248  0.3416 24.5106
 16 112  0.0000  0.0000  1.0000
 48 112  0.0000  0.0000  1.0000
 80 112  0.0000  0.0000  1.0000
112 112  0.0059  0.0323  9.3889
144 112 -0.0025  0.0032  8.9449
176 112  0.0000  0.0000  1.0000
208 112  0.0000  0.0000  1.0000
240 112  0.0000  0.0000  1.0000
272 112  0.0000  0.0000  1.0000
304 112  0.0000  0.0000  1.0000
336 112  0.0000  0.0000  1.0000
368 112  0.0000  0.0000  1.0000
400 112  0.0000  0.0000  1.0000
432 112  0.0000  0.0000  1.0000
464 112  0.0282  0.0011 21.8317
496 112  0.0000  0.0000  1.0000
528 112 -0.0006  0.0087  8.2468
560 112  0.0000  0.0000  1.0000
592 112  0.0000  0.0000  1.0000
624 112  0.0000  0.0000  1.0000
656 112  0.0000  0.0000  1.0000
688 112  0.0000  0.0000  1.0000
720 112  0.0000  0.0000  1.0000
752 112 -0.3392  0.4329  8.0369
784 112 -0.0025  0.3033 84.9662
816 112  0.0000  0.0000  1.0000
848 112  0.0000  0.0000  1.0000
880 112  0.0000  0.0000  1.0000
912 112 -0.0019 -0.0003 10.2860
944 112  0.0000  0.0000  1.0000
976 112  0.0000  0.0000  1.0000
1008 112 -0.0537  0.0056 22.1852
1040 112 -0.0110  0.0816 15.1310
1072 112  0.0000  0.0000  1.0000
1104 112  0.0000  0.0000  1.0000
1136 112  0.0000  0.0000  1.0000
1168 112  0.0000  0.0000  1.0000
1200 112  0.0000  0.0000  1.0000
1232 112  0.0000  0.0000  1.0000
1264 112  0.0072  0.0115  2.6918
1296 112  0.0000  0.0000  1.0000
1328 112  0.0000  0.0000  1.0000
1360 112  0.0000  0.0000  1.0000
1392 112  0.0000  0.0000  1.0000
1424 112  0.0000  0.0000  1.0000
1456 112  0.0000  0.0000  1.0000
1488 112 -0.0791 -0.0401 21.2000
1520 112  0.0132 -0.0018 16.6667
 16 144 -0.1019  0.0254 70.6000
 48 144 -0.0098  0.3623 14.7347
 80 144  0.0000  0.0000  1.0000
112 144  0.3097  0.3623  9.8542
144 144  0.0000  0.0000  1.0000
176 144  0.0000  0.0000  1.0000
208 144  0.0000  0.0000  1.0000
240 144 -0.0050  0.0076 23.1146
272 144  0.0000  0.0000  1.0000
304 144 -0.0007  0.0010 69.7976
336 144  0.0000  0.0000  1.0000
368 144  0.0000  0.0000  1.0000
400 144  0.0085  0.0066 12.7505
432 144  0.0000  0.0000  1.0000
464 144  0.0000  0.0000  1.0000
496 144  0.0041 -0.0345 14.1353
528 144  0.0000  0.0000  1.0000
560 144 -0.0099  0.0077 64.5559
592 144  0.0000  0.0000  1.0000
624 144 -0.5701 -0.6157 19.7823
656 144  0.0000  0.0000  1.0000
688 144  0.5030  0.0099 35.9043
720 144 -0.0988  0.5156 10.6680
752 144  0.0000  0.0000  1.0000
784 144  0.0000  0.0000  1.0000
816 144 -0.5324  0.0029 14.7414
848 144 -0.0010  0.5337 19.5896
880 144  0.0000  0.0000  1.0000
912 144  0.0000  0.0000  1.0000
944 144  0.0000  0.0000  1.0000
976 144  0.0000  0.0000  1.0000
1008 144  0.0000  0.0000  1.0000
1040 144 -0.0009  0.0091 122.6111
1072 144  0.0000  0.0000  1.0000
1104 144  0.0000  0.0000  1.0000
1136 144 -0.0144  0.0139 23.7216
1168 144  0.0000  0.0000  1.0000
1200 144  0.0000  0.0000  1.0000
1232 144  0.0008 -0.0003 92.0110
1264 144  0.0000  0.0000  1.0000
1296 144  0.0000  0.0000  1.0000
1328 144 -0.2397  0.0934 25.6800
1360 144  0.0004  0.0206 17.0974
1392 144  0.0000  0.0000  1.0000
1424 144 -0.0761  0.1378 13.2348
1456 144  0.0027 -0.0086  9.3057
1488 144 -0.1411  0.1312 12.4138
1520 144  0.0109 -0.1941 28.6753
 16 176  0.0000  0.0000  1.0000
 48 176  0.0000  0.0000  1.0000
 80 176  0.2680  0.2277 11.1875
112 176  0.0000  0.0000  1.0000
144 176  0.0000  0.0000  1.0000
176 176  0.0000  0.0000  1.0000
208 176  0.0000  0.0000  1.0000
240 176  0.0000  0.0000  1.0000
272 176  0.0000  0.0000  1.0000
304 176  0.0000  0.0000  1.0000
336 176  0.0000  0.0000  1.0000
368 176  0.0060  0.8751  3.4026
400 176  0.0000  0.0000  1.0000
432 176 -0.2255 -0.0549 18.3479
464 176  0.0000  0.0000  1.0000
496 176 -0.8663  0.6871 39.7769
528 176  0.4279  0.8383  3.9154
560 176 -0.6720  0.8441  3.9791
592 176  0.0000  0.0000  1.0000
624 176 -0.7316  0.3564 17.9619
656 176  0.0000  0.0000  1.0000
688 176  0.0000  0.0000  1.0000
720 176  0.0000  0.0000  1.0000
752 176  0.0000  0.0000  1.0000
784 176  0.0000  0.0000  1.0000
816 176  0.0061 -0.0627 11.9179
848 176  0.0000  0.0000  1.0000
880 176  0.0000  0.0000  1.0000
912 176  0.0000  0.0000  1.0000
944 176  0.0000  0.0000  1.0000
976 176  0.0000  0.0000  1.0000
1008 176 -0.0007  0.0032 41.1585
1040 176 -0.0947 -0.0099 180.5404
1072 176  0.0000  0.0000  1.0000
1104 176  0.0000  0.0000  1.0000
1136 176  0.0000  0.0000  1.0000
1168 176  0.0049  0.0649 70.7015
1200 176  0.0000  0.0000  1.0000
1232 176 -0.0167  0.0163 52.8290
1264 176 -0.0004 -0.0002 161.0359
1296 176 -0.0023  0.0032 6207999.0000
1328 176  0.0000  0.0000  1.0000
1360 176  0.0046  0.0756 26.7500
1392 176  0.0000  0.0000  1.0000
1424 176  0.0000  0.0000  1.0000
1456 176  0.0000  0.0000  1.0000
1488 176  0.0000  0.0000  1.0000
1520 176 -0.0061 -0.1205 48.7551
 16 208 -0.5440  0.1577  6.9655
 48 208 -0.2305  0.0009  8.9833
 80 208  0.0000  0.0000  1.0000
112 208  0.0107 -0.0797 52.2941
144 208 -0.2786 -0.0514 14.5897
176 208  0.0045 -0.0078 26.2191
208 208  0.0000  0.0000  1.0000
240 208  0.0000  0.0000  1.0000
272 208  0.0000  0.0000  1.0000
304 208 -0.0602 -0.0016 45.4661
336 208 -0.5617  0.3349 33.6831
368 208  0.0000  0.0000  1.0000
400 208  0.0000  0.0000  1.0000
432 208  0.0000  0.0000  1.0000
464 208  0.0000  0.0000  1.0000
496 208  0.0003  0.0060 17.2615
528 208  0.0000  0.0000  1.0000
560 208  0.0000  0.0000  1.0000
592 208  0.0585  0.0018 16.1502
624 208  0.0000  0.0000  1.0000
656 208  0.0000  0.0000  1.0000
688 208  0.0000  0.0000  1.0000
720 208  0.0000  0.0000  1.0000
752 208 -0.0144 -0.0632 7057184.0000
784 208  0.0000  0.0000  1.0000
816 208  0.0000  0.0000  1.0000
848 208 -0.0055  0.0751 15.9415
880 208  0.0055  0.6326 16.6962
912 208  0.0000  0.0000  1.0000
944 208 -0.0005 -0.0097 66.4751
976 208  0.0000  0.0000  1.0000
1008 208  0.0054  0.4280 17.0020
1040 208 -0.4617 -0.0111 202.1265
1072 208  0.0000  0.0000  1.0000
1104 208 -0.1999 -0.0043 32.6140
1136 208  0.0000  0.0000  1.0000
1168 208  0.0000  0.0000  1.0000
1200 208  0.0000  0.0000  1.0000
1232 208 -0.0121  0.0137 83.6183
1264 208  0.0000  0.0000  1.0000
1296 208  0.0000  0.0000  1.0000
1328 208  0.0000  0.0000  1.0000
1360 208  0.0015  0.0030 22.8503
1392 208  0.0093 -0.4456 127.6667
1424 208  0.0000  0.0000  1.0000
1456 208 -0.0829 -0.0033  7.0833
1488 208  0.0000  0.0000  1.0000
1520 208  0.0291 -0.0059 15.6443
 16 240  0.0000  0.0000  1.0000
 48 240  0.0000  0.0000  1.0000
 80 240  0.0000  0.0000  1.0000
112 240  0.0000  0.0000  1.0000
144 240  0.0000  0.0000  1.0000
176 240  0.0000  0.0000  1.0000
208 240  0.0049  0.0052 77.1866
240 240 -0.0057 -0.0029 979.9829
272 240 -0.0095 -0.0754 284.9600
304 240  0.0000  0.0000  1.0000
336 240  0.4032 -0.0022 13423616.0000
368 240 -0.3139 -0.0013 194.1167
400 240  0.0000  0.0000  1.0000
432 240 -0.7289  0.4315 15.7824
464 240 -0.1707  0.0269 59.5044
496 240  0.0000  0.0000  1.0000
528 240  0.0000  0.0000  1.0000
560 240  0.0000  0.0000  1.0000
592 240  0.0000  0.0000  1.0000
624 240  0.0000  0.0000  1.0000
656 240  0.0035  0.0071 42.4708
688 240  0.0000  0.0000  1.0000
720 240 -0.5843  0.2738 14.7224
752 240 -0.1291  0.6059  7.0380
784 240  0.0000  0.0000  1.0000
816 240  0.0000  0.0000  1.0000
848 240  0.0000  0.0000  1.0000
880 240 -0.3918  0.4352 39.5612
912 240 -0.2627  0.0116  6.6207
944 240  0.3002 -0.0714 636.9675
976 240 -0.0137 -0.0141 26.1823
1008 240  0.0000  0.0000  1.0000
1040 240  0.1767  0.4332 14.2179
1072 240 -0.3663 -0.3360 48.6996
1104 240  0.0000  0.0000  1.0000
1136 240  0.0000  0.0000  1.0000
1168 240  0.0000  0.0000  1.0000
1200 240 -0.0049  0.0073 47.4595
1232 240  0.0000  0.0000  1.0000
1264 240  0.0000  0.0000  1.0000
1296 240  0.0764  0.0882 95.8021
1328 240  0.0000  0.0000  1.0000
1360 240  0.0000  0.0000  1.0000
1392 240  0.0021  0.0073  9.5804
1424 240 -0.0139 -0.0446 37.5555
1456 240  0.0000  0.0000  1.0000
1488 240  0.0000  0.0000  1.0000
1520 240 -0.0053  0.1234 24.1087
 16 272 -0.0382 -0.2610 14.0000
 48 272 -0.0095  0.0038 14.4237
 80 272 -0.0608 -0.0021 38.0000
112 272 -0.0004 -0.0159 15.9483
144 272  0.0000  0.0000  1.0000
176 272  0.0052  0.0046 79.5638
208 272 -0.0101 -0.0055 52.9793
240 272 -0.0202 -0.0099 151.1067
272 272  0.0000  0.0000  1.0000
304 272  0.0000  0.0000  1.0000
336 272  0.2807 -0.4962 35.6240
368 272  0.0000  0.0000  1.0000
400 272  0.0000  0.0000  1.0000
432 272 -0.2251  0.0288 907.6153
464 272  0.0000  0.0000  1.0000
496 272  0.0000  0.0000  1.0000
528 272 -0.8711  0.7065  5.5613
560 272 -0.2207  0.1061 18.6091
592 272  0.0000  0.0000  1.0000
624 272  0.0000  0.0000  1.0000
656 272  0.0000 -0.0057  6.6732
688 272  0.1229  0.2075 29.1440
720 272  0.0000  0.0000  1.0000
752 272 -0.6640  0.0881 50.9541
784 272 -0.2579  0.7315  6.4562
816 272  0.0000  0.0000  1.0000
848 272  0.0000  0.0000  1.0000
880 272  0.0013  0.0080 13.1503
912 272 -0.0987  0.0725 17.7006
944 272 -0.0523  0.8373  3.8069
976 272 -0.5535  0.0999  4.6434
1008 272  0.0000  0.0000  1.0000
1040 272  0.0000  0.0000  1.0000
1072 272  0.0000  0.0000  1.0000
1104 272  0.5143  0.1584 93.8179
1136 272  0.0427  0.5169 22.2379
1168 272 -0.7898  0.6825 46.3834
1200 272  0.0073 -0.5635 55.7664
1232 272  0.0116 -0.0014 36.7392
1264 272  0.0066  0.0002 11.7659
1296 272 -0.0022  0.0097 32.4458
1328 272  0.0000  0.0000  1.0000
1360 272  0.0018  0.0002 114.9326
1392 272  0.0000  0.0000  1.0000
1424 272  0.0000  0.0000  1.0000
1456 272  0.0070  0.0012 63.8772
1488 272 -0.0014 -0.0025 13.2571
1520 272  0.0000  0.0000  1.0000
 16 304 -0.0041  0.2686 22.0000
 48 304  0.0000  0.0000  1.0000
 80 304  0.0045  0.2078  7.3667
112 304  0.0000  0.0000  1.0000
144 304  0.0000  0.0000  1.0000
176 304  0.0000  0.0000  1.0000
208 304 -0.0352 -0.0013 48.4809
240 304  0.0000  0.0000  1.0000
272 304  0.0000  0.0000  1.0000
304 304  0.1008 -0.0011 95.3194
336 304  0.2408  0.0061 30.6880
368 304  0.0000  0.0000  1.0000
400 304  0.0000  0.0000  1.0000
432 304  0.0030  0.2671 16.6342
464 304  0.0056  0.2162 104.5500
496 304 -0.0084  0.0104 19.4437
528 304 -0.6380 -0.0047 38.7477
560 304 -0.0020  0.6313  9.9581
592 304  0.0041  0.7272  5.7230
624 304  0.0009  0.3969  9.9500
656 304  0.0000  0.0000  1.0000
688 304  0.0000  0.0000  1.0000
720 304  0.0000  0.0000  1.0000
752 304 -0.6407  0.2548 13.3080
784 304 -0.6338  0.4190 26.6285
816 304 -0.0430  0.0441 17.7246
848 304  0.0000  0.0000  1.0000
880 304  0.0187 -0.0056 12.2682
912 304  0.0000  0.0000  1.0000
944 304 -0.4685  0.0051 9580032.0000
976 304 -0.7057  0.0029  4.2322
1008 304 -0.0077  0.8885  2.4819
1040 304  0.0031  0.7751  7.4767
1072 304 -0.0119  0.7351  4.2818
1104 304  0.0000  0.0000  1.0000
1136 304  0.0000  0.0000  1.0000
1168 304 -0.1683 -0.0010 10101632.0000
1200 304 -0.0108  0.6181 13.2816
1232 304  0.2050  0.2964 16.4623
1264 304 -0.7274  0.0581 4017.1614
1296 304  0.0000  0.0000  1.0000
1328 304  0.0107  0.0015 62.8454
1360 304  0.0018  0.0062 19.7912
1392 304  0.0000  0.0000  1.0000
1424 304  0.0000  0.0000  1.0000
1456 304  0.0884 -0.0578 24.0000
1488 304  0.0037  0.0058 32.1270
1520 304  0.0000  0.0000  1.0000
 16 336  0.0000  0.0000  1.0000
 48 336  0.0000  0.0000  1.0000
 80 336  0.0000  0.0000  1.0000
112 336 -0.0002  0.0009 50.1541
144 336  0.0000  0.0000  1.0000
176 336 -0.0177  0.0121 38.1189
208 336 -0.0006 -0.0094 6078592.0000
240 336  0.0000  0.0000  1.0000
272 336 -0.0859  0.7776  8.3527
304 336  0.1133  0.0092 122.9091
336 336  0.0107 -0.0097 14.2018
368 336  0.0000  0.0000  1.0000
400 336  0.0000  0.0000  1.0000
432 336 -0.0128  0.1763 306.1061
464 336  0.0000  0.0000  1.0000
496 336  0.0000  0.0000  1.0000
528 336  0.0000  0.0000  1.0000
560 336  0.0000  0.0000  1.0000
592 336  0.0000  0.0000  1.0000
624 336  0.0000  0.0000  1.0000
656 336 -0.3164 -0.0127 11225088.0000
688 336  0.0000  0.0000  1.0000
720 336  0.0000  0.0000  1.0000
752 336 -0.4505 -0.0714 56.5072
784 336  0.0000  0.0000  1.0000
816 336 -0.4774  0.4023 19.5096
848 336  0.0000  0.0000  1.0000
880 336  0.0000  0.0000  1.0000
912 336  0.0000  0.0000  1.0000
944 336 -0.0132  0.7411  5.2702
976 336  0.0000  0.0000  1.0000
1008 336 -0.8513 -0.1136 71.5436
1040 336 -0.0488 -0.1093 246.3695
1072 336  0.0000  0.0000  1.0000
1104 336  0.0000  0.0000  1.0000
1136 336  0.2759  0.4722 12.5553
1168 336 -0.0027 -0.0007 29.1689
1200 336  0.0055 -0.6219 631.1148
1232 336  0.0000  0.0000  1.0000
1264 336  0.0000  0.0000  1.0000
1296 336 -0.0115  0.0088 10.0401
1328 336  0.0000  0.0000  1.0000
1360 336 -0.6458 -0.7569 40.6668
1392 336  0.0000  0.0000  1.0000
1424 336  0.0000  0.0003 49.7870
1456 336  0.0000  0.0000  1.0000
1488 336  0.0000  0.0000  1.0000
1520 336  0.0007  0.0297 12.6121
 16 368 -0.0046  0.0138 23.1915
 48 368  0.0000  0.0000  1.0000
 80 368  0.0013  0.0006 1695.7589
112 368  0.0020  0.0009 55.8386
144 368  0.0791  0.0384 299.1287
176 368 -0.0013  0.2035 10.2593
208 368 -0.0585  0.4781 18.9369
240 368  0.0000  0.0000  1.0000
272 368  0.0000  0.0000  1.0000
304 368  0.0000  0.0000  1.0000
336 368 -0.5739 -0.0470 191.5243
368 368  0.0000  0.0000  1.0000
400 368  0.0000  0.0000  1.0000
432 368  0.0000  0.0000  1.0000
464 368  0.0000  0.0000  1.0000
496 368  0.0000  0.0000  1.0000
528 368  0.0000  0.0000  1.0000
560 368  0.0000  0.0000  1.0000
592 368  0.3998  0.0099 30.2870
624 368  0.0000  0.0000  1.0000
656 368 -0.5274  0.0843 25.8158
688 368  0.0000  0.0000  1.0000
720 368  0.3277 -0.1801 67.6937
752 368  0.0000  0.0000  1.0000
784 368 -0.0102  0.1748 39.4060
816 368  0.0061  0.4479  9.6523
848 368  0.0000  0.0000  1.0000
880 368  0.0000  0.0000  1.0000
912 368  0.0000  0.0000  1.0000
944 368  0.0000  0.0000  1.0000
976 368  0.0000  0.0000  1.0000
1008 368  0.0000  0.0000  1.0000
1040 368 -0.0469 -0.0068 146.4861
1072 368 -0.0591 -0.0544 30.0373
1104 368 -0.1038 -0.0091  3.7813
1136 368  0.0000  0.0000  1.0000
1168 368 -0.0036 -0.0076 94.9192
1200 368 -0.0071  0.3664 11.6216
1232 368 -0.3666  0.0139 14.2606
1264 368 -0.4422  0.0029 48.8971
1296 368  0.0000  0.0000  1.0000
1328 368  0.0000  0.0000  1.0000
1360 368  0.0000  0.0000  1.0000
1392 368 -0.0045 -0.2520 53.0493
1424 368  0.0000  0.0000  1.0000
1456 368  0.0020 -0.0006 300.4619
1488 368 -0.1583  0.0573  7.6889
1520 368  0.0000  0.0000  1.0000
 16 400  0.1454 -0.0325 32.8571
 48 400  0.0000  0.0000  1.0000
 80 400  0.0007  0.0020 77.6496
112 400  0.0000  0.0000  1.0000
144 400 -0.2560  0.0743 33.0697
176 400 -0.2235 -0.1282 25.4652
208 400  0.0000  0.0000  1.0000
240 400  0.0000  0.0000  1.0000
272 400  0.0000  0.0000  1.0000
304 400 -0.0014 -0.1305  7.9006
336 400 -0.5890 -0.5324 109.4333
368 400  0.0000  0.0000  1.0000
400 400 -0.4090  0.5235 11.3608
432 400  0.1700  0.6678  7.2543
464 400  0.0000  0.0000  1.0000
496 400 -0.0577  0.0028 294.4639
528 400  0.0000  0.0000  1.0000
560 400  0.0000  0.0000  1.0000
592 400  0.0000  0.0000  1.0000
624 400  0.0000  0.0000  1.0000
656 400 -0.1386  0.0052 13.7632
688 400  0.0755  0.0150  7.2491
720 400  0.0000  0.0000  1.0000
752 400  0.0000  0.0000  1.0000
784 400  0.0000  0.0000  1.0000
816 400 -0.0072 -0.0506 378.2868
848 400  0.0000  0.0000  1.0000
880 400  0.0000  0.0000  1.0000
912 400  0.0000  0.0000  1.0000
944 400  0.0000  0.0000  1.0000
976 400  0.0000  0.0000  1.0000
1008 400  0.0000  0.0000  1.0000
1040 400 -0.2970  0.1515 158.2787
1072 400  0.0000  0.0000  1.0000
1104 400  0.0133 -0.2209 29.9538
1136 400  0.8647  0.3198  4.1939
1168 400 -0.0004 -0.0074 24.0292
1200 400  0.0020 -0.0051 32.4114
1232 400 -0.0811  0.0084 23.9131
1264 400  0.0084  0.2092 24.7701
1296 400  0.0000  0.0000  1.0000
1328 400  0.2132 -0.0061 30.6014
1360 400 -0.1549  0.0104 46.4484
1392 400  0.0000  0.0000  1.0000
1424 400 -0.0028  0.0035 156.5677
1456 400  0.0002  0.0027 38.3033
1488 400  0.0000  0.0000  1.0000
1520 400  0.0000  0.0000  1.0000
 16 432  0.0000  0.0000  1.0000
 48 432 -0.0002  0.0018 470.3681
 80 432 -0.0019 -0.0019 31.8683
112 432  0.0637  0.0021 67.2137
144 432  0.0000  0.0000  1.0000
176 432 -0.0034  0.2189 140.1375
208 432 -0.2664 -0.3484 65.3833
240 432 -0.3631 -0.3843 68.6356
272 432 -0.5697 -0.3639 27.2770
304 432  0.3169  0.0114 13.4204
336 432 -0.3732  0.3626 10.9454
368 432  0.4273  0.6274  8.4868
400 432 -0.1767  0.0086 260.2195
432 432 -0.5290 -0.0025 44.0213
464 432  0.0000  0.0000  1.0000
496 432 -0.0139 -0.1899 43.0320
528 432  0.0000  0.0000  1.0000
560 432  0.0002 -0.0811 555.6078
592 432 -0.1256  0.1979 37.6955
624 432  0.0000  0.0000  1.0000
656 432 -0.1090 -0.1328 14.9708
688 432  0.0000  0.0000  1.0000
720 432  0.0000  0.0000  1.0000
752 432  0.0000  0.0000  1.0000
784 432 -0.3061  0.1701 20.2540
816 432 -0.0028  0.0117 12.3392
848 432 -0.6320  0.7190 10.8323
880 432 -0.5635  0.8088  3.7303
912 432  0.0000  0.0000  1.0000
944 432  0.0000  0.0000  1.0000
976 432  0.2354  0.0099 30.3570
1008 432  0.1069 -0.1089 97.5125
1040 432  0.0000  0.0000  1.0000
1072 432  0.6264  0.0887  8.2382
1104 432  0.0000  0.0000  1.0000
1136 432  0.0000  0.0000  1.0000
1168 432  0.0000  0.0000  1.0000
1200 432  0.0015  0.0101 27.4003
1232 432  0.1034  0.1788 17.4167
1264 432  0.0095  0.3433 18.3253
1296 432 -0.0037  0.0107 21.5351
1328 432  0.0013  0.0094 26.6096
1360 432  0.0000  0.0000  1.0000
1392 432 -0.0413  0.0089 38.3974
1424 432  0.0000  0.0000  1.0000
1456 432 -0.0017 -0.0014 346.3645
1488 432 -0.0001 -0.0005 121.7707
1520 432  0.0000  0.0000  1.0000
 16 464 -0.0066  0.0080 22.7422
 48 464  0.0007 -0.0013 68.7327
 80 464  0.0000  0.0000  1.0000
112 464 -0.0944  0.0138 27.2663
144 464 -0.0694 -0.1456 292.2404
176 464 -0.2672 -0.0012 11.7294
208 464 -0.3679  0.8632  3.6629
240 464 -0.9073  0.3215 23.2037
272 464  0.0000  0.0000  1.0000
304 464  0.0000  0.0000  1.0000
336 464  0.0000  0.0000  1.0000
368 464  0.0027  0.1583 26.6874
400 464 -0.2994 -0.0091 53.9512
432 464  0.2037  0.6972  5.6620
464 464 -0.7091 -0.0025 125.6886
496 464  0.0000  0.0000  1.0000
528 464  0.1775 -0.4659 42.2025
560 464  0.0000  0.0000  1.0000
592 464  0.0000  0.0000  1.0000
624 464  0.0000  0.0000  1.0000
656 464  0.0000  0.0000  1.0000
688 464 -0.8445  0.0062  8.3530
720 464  0.0005  0.1176 11.6558
752 464  0.0000  0.0000  1.0000
784 464  0.0000  0.0000  1.0000
816 464  0.0000  0.0000  1.0000
848 464  0.0000  0.0000  1.0000
880 464  0.0048 -0.0085 20.0049
912 464  0.0083  0.3673  3.3067
944 464  0.0000  0.0000  1.0000
976 464  0.1281  0.4239 10.2993
1008 464 -0.7909  0.6246 30.1781
1040 464  0.6698  0.4694  8.4229
1072 464 -0.6600 -0.0101 143.5655
1104 464  0.0000  0.0000  1.0000
1136 464  0.0000  0.0000  1.0000
1168 464  0.0000  0.0000  1.0000
1200 464  0.0000  0.0000  1.0000
1232 464  0.0954  0.0123 12.7025
1264 464  0.0000  0.0000  1.0000
1296 464  0.0131  0.0152 10.7078
1328 464  0.0000  0.0000  1.0000
1360 464 -0.5482  0.0084 26.9629
1392 464 -0.0160  0.0106 20.1389
1424 464  0.0015 -0.0021 283.8916
1456 464  0.0260  0.0077 111.4010
1488 464 -0.0021  0.0006 34.4032
1520 464  0.0000  0.0000  1.0000
 16 496 -0.0002  0.0012 177.5851
 48 496  0.0021  0.0023 43.6437
 80 496  0.0144  0.0024 159.4681
112 496 -0.0549  0.0024 46.0135
144 496  0.0839  0.4991 41.4153
176 496 -0.2780 -0.5139 223.8447
208 496  0.0000  0.0000  1.0000
240 496 -0.2001 -0.0046  9.2085
272 496  0.0000  0.0000  1.0000
304 496  0.0000  0.0000  1.0000
336 496  0.0000  0.0000  1.0000
368 496 -0.3574 -0.0110 107.7667
400 496 -0.7909 -0.0045 32.8324
432 496  0.0148  0.2101 23.1811
464 496 -0.6904  0.0019 24.6646
496 496 -0.4796  0.0035 922.2335
528 496  0.0000  0.0000  1.0000
560 496  0.4256  0.8873  3.2892
592 496  0.0000  0.0000  1.0000
624 496  0.0000  0.0000  1.0000
656 496 -0.5364 -0.1020 78.8289
688 496  0.0000  0.0000  1.0000
720 496 -0.2622 -0.1580 280.3238
752 496  0.0000  0.0000  1.0000
784 496 -0.5892 -0.0092 174.4210
816 496  0.0064 -0.0028 40.0552
848 496 -0.1910 -0.2131 416.4173
880 496  0.0000  0.0000  1.0000
912 496 -0.7021  0.2296 23.2336
944 496  0.0000  0.0000  1.0000
976 496 -0.0070  0.2411 4146.0288
1008 496  0.2284 -0.0990 204.7523
1040 496 -0.0256  0.0025  6.0310
1072 496 -0.8624 -0.0006 27.4832
1104 496  0.0000  0.0000  1.0000
1136 496  0.0000  0.0000  1.0000
1168 496  0.0000  0.0000  1.0000
1200 496  0.0000  0.0000  1.0000
1232 496  0.0000  0.0000  1.0000
1264 496  0.3072  0.0033 52.8828
1296 496 -0.3363 -0.7031 653.4522
1328 496  0.0000  0.0000  1.0000
1360 496  0.0004  0.0070 102.1072
1392 496 -0.1947  0.0073 18.5118
1424 496 -0.0426  0.1166 61.6730
1456 496  0.0161 -0.0012 32.2216
1488 496  0.0000  0.0000  1.0000
1520 496 -0.0002  0.0012 356.4250
 16 528  0.0000 -0.0001 40.6987
 48 528 -0.0022  0.0025 34.1091
 80 528 -0.5044 -0.0151 13.5461
112 528  0.4008 -0.0882 45.0440
144 528 -0.2239 -0.0032 94.6074
176 528 -0.3210 -0.3879 17.1499
208 528  0.0000  0.0000  1.0000
240 528 -0.3320  0.1325 36.6161
272 528  0.1076  0.7293  6.9354
304 528  0.0000  0.0000  1.0000
336 528  0.0076 -0.0105 67.8297
368 528 -0.0100 -0.0658 67.8067
400 528  0.0000  0.0000  1.0000
432 528  0.0000  0.0000  1.0000
464 528 -0.0051  0.0089 20.7505
496 528 -0.6230  0.0051 22.9716
528 528 -0.0097 -0.0008 27.9411
560 528  0.0000  0.0000  1.0000
592 528  0.0000  0.0000  1.0000
624 528  0.0000  0.0000  1.0000
656 528 -0.2642 -0.1115 80.6479
688 528  0.0000  0.0000  1.0000
720 528  0.0000  0.0000  1.0000
752 528 -0.4468 -0.1991 1405.7833
784 528 -0.0038 -0.0529 347.9260
816 528  0.0000  0.0000  1.0000
848 528 -0.2030 -0.4032 192.3051
880 528  0.0000  0.0000  1.0000
912 528 -0.2372  0.5956 31.8930
944 528  0.3287  0.2599 48.2729
976 528 -0.9408  0.0032 32.7161
1008 528  0.0392  0.0042 40.9405
1040 528  0.5084 -0.1932 143.5466
1072 528  0.0000  0.0000  1.0000
1104 528 -0.0227  0.0027 13.0405
1136 528  0.0001  0.2631 30.5835
1168 528 -0.0103  0.5166  6.0364
1200 528 -0.0017  0.8708  3.7611
1232 528  0.0000  0.0000  1.0000
1264 528 -0.0068  0.2320 12.7198
1296 528 -0.3838 -0.0124 36.9885
1328 528  0.0000  0.0000  1.0000
1360 528  0.0000  0.0000  1.0000
1392 528  0.0000  0.0000  1.0000
1424 528 -0.0003 -0.0062 73.5618
1456 528  0.0000  0.0000  1.0000
1488 528 -0.0044  0.0072 42.4502
1520 528 -0.0010  0.0003 41.4505
 16 560  0.0002  0.0001 41.3239
 48 560  0.0000  0.0000  1.0000
 80 560 -0.0341  0.1786  7.4375
112 560 -0.0775  0.0005 20.0872
144 560 -0.0680  0.0067 19.6068
176 560 -0.6204  0.1142 17.8169
208 560  0.0000  0.0000  1.0000
240 560  0.0000  0.0000  1.0000
272 560  0.1936 -0.4610 8675968.0000
304 560  0.0000  0.0000  1.0000
336 560  0.0000  0.0000  1.0000
368 560 -0.0015 -0.0068 43.3758
400 560 -0.5342  0.0304 31.1148
432 560  0.0000  0.0000  1.0000
464 560 -0.0135  0.0782 27.8590
496 560 -0.4091  0.4412  9.7315
528 560 -0.0047  0.1750 15.6397
560 560  0.3390  0.1371 15.0317
592 560  0.0000  0.0000  1.0000
624 560  0.0000  0.0000  1.0000
656 560  0.0000  0.0000  1.0000
688 560  0.3488 -0.0073 597.3497
720 560  0.0000  0.0000  1.0000
752 560 -0.8219 -0.1252 65.3748
784 560  0.0000  0.0000  1.0000
816 560 -0.5705  0.0043 25.7495
848 560  0.0000  0.0000  1.0000
880 560  0.0000  0.0000  1.0000
912 560  0.0059  0.5495 201.5912
944 560  0.0000  0.0000  1.0000
976 560  0.0000  0.0000  1.0000
1008 560  0.0000  0.0000  1.0000
1040 560  0.0000  0.0000  1.0000
1072 560 -0.4515  0.3964 19.9842
1104 560 -0.1751  0.0071 17.5721
1136 560  0.0000  0.0000  1.0000
1168 560  0.0000  0.0000  1.0000
1200 560  0.0000  0.0000  1.0000
1232 560  0.0000  0.0000  1.0000
1264 560 -0.0058  0.7410  4.0212
1296 560  0.0130  0.2110  8.9733
1328 560  0.0118  0.6826  7.7552
1360 560  0.0000  0.0000  1.0000
1392 560 -0.0158  0.0075 117.6606
1424 560  0.0000  0.0000  1.0000
1456 560  0.0016  0.0157 29.0550
1488 560  0.0070 -0.0064 65.8052
1520 560  0.0030  0.0001 38.6735
 16 592  0.0020  0.0008 39.0708
 48 592  0.0096 -0.0073 50.1818
 80 592  0.1026  0.0048 20.2773
112 592 -0.0607  0.0044 35.5342
144 592 -0.0560  0.1627 16.2427
176 592 -0.4669  0.1582 16.0708
208 592 -0.4397  0.0971 38.3997
240 592  0.0000  0.0000  1.0000
272 592  0.0000  0.0000  1.0000
304 592  0.0000  0.0000  1.0000
336 592  0.0000  0.0000  1.0000
368 592  0.0030 -0.0088 54.7674
400 592 -0.9078 -0.6707 36.4327
432 592  0.0000  0.0000  1.0000
464 592  0.0056  0.4996 13.5835
496 592 -0.5445  0.0087 21.1108
528 592 -0.0161  0.5359 10.9658
560 592  0.0551  0.0527 50.3983
592 592  0.0000  0.0000  1.0000
624 592  0.0000  0.0000  1.0000
656 592 -0.6907  0.0066 10.5781
688 592  0.0000  0.0000  1.0000
720 592  0.0000  0.0000  1.0000
752 592 -0.4232  0.0089 28.1774
784 592  0.0000  0.0000  1.0000
816 592 -0.2237  0.0139 23.7402
848 592 -0.7045  0.0755 32.8322
880 592  0.0000  0.0000  1.0000
912 592  0.0057 -0.0359 92.9161
944 592  0.0000  0.0000  1.0000
976 592  0.0722 -0.3072 60.1814
1008 592  0.3635  0.7136  7.7451
1040 592  0.0000  0.0000  1.0000
1072 592  0.0000  0.0000  1.0000
1104 592 -0.1857  0.3310 12.8169
1136 592  0.0000  0.0000  1.0000
1168 592  0.4914  0.0015 25.5840
1200 592  0.0753  0.0073 14.2325
1232 592  0.5937  0.0550  7.1486
1264 592 -0.7912 -0.0907 115.9191
1296 592  0.2439 -0.0340 233.3652
1328 592 -0.6056  0.3620  8.7190
1360 592  0.0002  0.4345 150.4339
1392 592  0.0037 -0.0015 32.4310
1424 592  0.0000  0.0000  1.0000
1456 592 -0.0045  0.0010 36.1402
1488 592  0.0059  0.0004 23.2913
1520 592  0.0000  0.0000  1.0000
 16 624  0.0063  0.0015 27.9932
 48 624 -0.0758  0.0104 35.0390
 80 624  0.1194  0.0041 28.7895
112 624 -0.0612  0.3303 19.6387
144 624  0.0000  0.0000  1.0000
176 624  0.0375  0.0098 29.2448
208 624 -0.2103  0.0050 690.4117
240 624  0.0000  0.0000  1.0000
272 624  0.0000  0.0000  1.0000
304 624  0.0871 -0.4449 41.3671
336 624  0.0000  0.0000  1.0000
368 624 -0.2308  0.0100 24.6287
400 624 -0.0035  0.0063 19.3575
432 624  0.0000  0.0000  1.0000
464 624  0.0000  0.0000  1.0000
496 624 -0.7528 -0.0015 152.2806
528 624 -0.0676  0.0040 31.0301
560 624  0.0000  0.0000  1.0000
592 624  0.2686  0.0035 16.3987
624 624  0.0000  0.0000  1.0000
656 624 -0.2800  0.3913 16.4282
688 624 -0.0711  0.0145 15.0732
720 624 -0.0009  0.0119 12.9851
752 624  0.0000  0.0000  1.0000
784 624 -0.0014  0.2590  9.5910
816 624  0.2876  0.2871 25.5219
848 624 -0.5293 -0.4161 28.2186
880 624  0.0000  0.0000  1.0000
912 624  0.0000  0.0000  1.0000
944 624  0.0000  0.0000  1.0000
976 624  0.2653  0.5225 20.2846
1008 624  0.0000  0.0000  1.0000
1040 624 -0.0826  0.3372 18.0901
1072 624  0.0000  0.0000  1.0000
1104 624  0.0000  0.0000  1.0000
1136 624 -0.2571 -0.0088 30.8080
1168 624  0.0000  0.0000  1.0000
1200 624  0.0260 -0.3070 338.4008
1232 624  0.0000  0.0000  1.0000
1264 624 -0.8259 -0.6035 125.4884
1296 624  0.2326 -0.3683 165.6376
1328 624  0.1866 -0.0068 15.2897
1360 624 -0.8296  0.6705 16.0071
1392 624  0.0142  0.0100 17.5631
1424 624  0.0139  0.0106 24.4647
1456 624 -0.4771 -0.0089 17.6471
1488 624  0.0010  0.0007 38.7912
1520 624 -0.0005 -0.0018 36.3770
 16 656 -0.0023  0.0001 54.1945
 48 656  0.0220  0.0121 27.1104
 80 656  0.0000  0.0000  1.0000
112 656  0.1782 -0.5768 81.2482
144 656  0.6538 -0.1069 27.0085
176 656  0.0000  0.0000  1.0000
208 656 -0.1267 -0.3893 8655.4150
240 656 -0.0121  0.3494 37.6343
272 656 -0.0018  0.0011 50.3073
304 656  0.0148 -0.0017 33.0488
336 656  0.0000  0.0000  1.0000
368 656 -0.0864 -0.4070 55.8932
400 656 -0.0006  0.0060 30.0075
432 656  0.4375 -0.0037 65.9860
464 656  0.0147  0.0038 46.3986
496 656 -0.1390 -0.1393 90.2355
528 656 -0.1453 -0.0054 15.1817
560 656 -0.0019  0.0410  6.5366
592 656  0.0055  0.5264  8.0498
624 656 -0.6358  0.3539 12.0849
656 656 -0.4459 -0.4254 91.0376
688 656  0.0073 -0.0012 32.4700
720 656 -0.4139  0.1632 15.7848
752 656 -0.0009  0.5170 11.6246
784 656  0.0000  0.0000  1.0000
816 656  0.0000  0.0000  1.0000
848 656 -0.6802 -0.0310 29.2547
880 656 -0.0097 -0.0009 29.7303
912 656  0.0000  0.0000  1.0000
944 656  0.0000  0.0000  1.0000
976 656  0.0000  0.0000  1.0000
1008 656  0.0000  0.0000  1.0000
1040 656  0.0000  0.0000  1.0000
1072 656  0.0139  0.0347 37.2343
1104 656  0.0154 -0.0018 23.4750
1136 656  0.0000  0.0000  1.0000
1168 656 -0.7316  0.6060  6.6789
1200 656  0.0133  0.0078 26.1313
1232 656 -0.1729 -0.0306 162.0781
1264 656  0.5939 -0.0041 15329792.0000
1296 656  0.4430  0.6286  6.8623
1328 656 -0.8793 -0.0158 21.5618
1360 656 -0.0039  0.0040 16.5482
1392 656  0.0149  0.0148 17.4112
1456 656  0.0000  0.0000  1.0000
1488 656  0.0000  0.0000  1.0000
1520 656  0.0000  0.0000  1.0000
 16 688  0.0002  0.0004 108.0740
 48 688 -0.6253 -0.0016 235.2895
 80 688  0.0000  0.0000  1.0000
112 688  0.1904  0.2745 17.2768
144 688 -0.1950  0.0261  5.9510
176 688  0.0000  0.0000  1.0000
208 688 -0.4510  0.0096  7.4712
240 688  0.0003  0.2195 51.2626
272 688 -0.0132 -0.0036 26.2074
304 688  0.0008  0.2253 11.5496
336 688 -0.0048  0.0027 57.6667
368 688  0.2482  0.4466 14.9899
400 688 -0.6679  0.7476  6.2418
432 688  0.0941  0.0052 28.8824
464 688  0.0000  0.0000  1.0000
496 688  0.0000  0.0000  1.0000
528 688  0.0000  0.0000  1.0000
560 688  0.0090  0.4891 10.9561
592 688  0.0000  0.0000  1.0000
624 688 -0.6433  0.0021 26.5319
656 688 -0.6764  0.6657  6.9657
688 688 -0.0072  0.6985  7.2343
720 688  0.1755  0.0061 17.7679
752 688 -0.0010 -0.0029 38.5300
784 688  0.0000  0.0000  1.0000
816 688 -0.6817  0.2939 20.9835
848 688 -0.7086 -0.0117 330.4545
880 688 -0.0116  0.0001 33.1415
912 688  0.4729  0.4194  3.6138
944 688 -0.0090  0.3336 85.6261
976 688  0.0000  0.0000  1.0000
1008 688  0.0000  0.0000  1.0000
1040 688 -0.0392  0.0043 114.2269
1072 688  0.0000  0.0000  1.0000
1104 688  0.0000  0.0000  1.0000
1136 688 -0.2046  0.2304 16.9944
1168 688  0.0029 -0.0082 50.3483
1200 688 -0.3460  0.3995 61.1392
1232 688 -0.2248  0.0017 15.9459
1264 688  0.5670  0.0338 11.4063
1296 688  0.0000  0.0000  1.0000
1328 688  0.0000  0.0000  1.0000
1360 688 -0.0045 -0.0066 66.6581
1392 688  0.0126  0.0059 24.2818
1456 688  0.0000  0.0000  1.0000
1488 688  0.0026 -0.0001 35.7610
1520 688 -0.0012 -0.0027 32.5680
 16 720  0.0000  0.0000  1.0000
 48 720  0.3914  0.0969 10.2110
 80 720  0.0000  0.0000  1.0000
112 720  0.0399 -0.0255 160.8374
144 720  0.0088  0.0065 32.9448
176 720  0.0000  0.0000  1.0000
208 720 -0.0345  0.0263 29.1997
240 720  0.0680  0.0893 351.6389
272 720  0.2482  0.1051 23.3998
304 720  0.0056  0.6277  7.1233
336 720  0.0037 -0.0119 72.2277
368 720  0.6297  0.0105 19.7426
400 720 -0.6644  0.0107  9.5117
432 720 -0.0123  0.0102 97.1090
464 720  0.0000  0.0000  1.0000
496 720 -0.6471 -0.0052 44.7946
528 720  0.0000  0.0000  1.0000
560 720  0.0000  0.0000  1.0000
592 720  0.0000  0.0000  1.0000
624 720 -0.3121  0.1272 25.0379
656 720 -0.0058  0.0092 13.9288
688 720 -0.6968  0.4575 14.7544
720 720  0.0000  0.0000  1.0000
752 720 -0.0154 -0.0132 130.0400
784 720  0.0000  0.0000  1.0000
816 720  0.0000  0.0000  1.0000
848 720 -0.6070  0.1956 20.4187
880 720  0.0798  0.5552 12.7852
912 720  0.0000  0.0000  1.0000
944 720 -0.0400 -0.0036 71.5753
976 720  0.0000  0.0000  1.0000
1008 720 -0.0066 -0.0014  8.0513
1040 720 -0.2900 -0.2293 80.0092
1072 720  0.0000  0.0000  1.0000
1104 720  0.0000  0.0000  1.0000
1136 720  0.0000  0.0000  1.0000
1168 720 -0.5839 -0.3703 100.0785
1200 720 -0.5434 -0.0211 23.8164
1232 720  0.0000  0.0000  1.0000
1264 720 -0.0489  0.2414  5.9509
1296 720  0.0000  0.0000  1.0000
1328 720  0.0000  0.0000  1.0000
1360 720  0.0000  0.0000  1.0000
1392 720  0.0041  0.0014 32.5237
1456 720  0.0000  0.0000  1.0000
1488 720 -0.0804 -0.0002 29.4381
1520 720  0.0000  0.0000  1.0000
 16 752  0.0000  0.0000  1.0000
 48 752 -0.0416 -0.2004 37.0182
 80 752  0.0271  0.3993 14.6399
112 752  0.0287  0.0025 12.8861
144 752  0.0075 -0.3517 62.9198
176 752  0.5364  0.3876 10.6979
208 752  0.0090 -0.1709 139.5667
240 752  0.5630  0.2297  8.1648
272 752  0.0000  0.0000  1.0000
304 752 -0.0084  0.5846  9.9671
336 752  0.0056  0.0064 16.6885
368 752  0.0000  0.0000  1.0000
400 752 -0.5695  0.0392 33.5611
432 752 -0.7727 -0.0024 52.5661
464 752  0.0000  0.0000  1.0000
496 752  0.2322 -0.2491 50.7152
528 752  0.0000  0.0000  1.0000
560 752  0.0000  0.0000  1.0000
592 752  0.0129  0.0148 20.7895
624 752  0.0000  0.0000  1.0000
656 752 -0.2679  0.0009 71.9704
688 752 -0.8606  0.6017  7.0709
720 752 -0.5296  0.3880 12.4170
752 752  0.0000  0.0000  1.0000
784 752  0.0000  0.0000  1.0000
816 752  0.0000  0.0000  1.0000
848 752 -0.1130  0.4248 29.7100
880 752  0.3664  0.1410 22.9488
912 752  0.0000  0.0000  1.0000
944 752 -0.2304 -0.2784 37.0847
976 752  0.0000  0.0000  1.0000
1008 752  0.0000  0.0000  1.0000
1040 752 -0.0126  0.0952 14.3554
1072 752 -0.4028  0.5658  5.0347
1104 752  0.7988  0.9057  3.0160
1136 752 -0.7753 -0.0154 40.6774
1168 752 -0.6563 -0.4709 3252.5000
1200 752 -0.1894 -0.0594 83.5494
1232 752 -0.6683 -0.0048 15.5923
1264 752  0.0000  0.0000  1.0000
1296 752  0.0000  0.0000  1.0000
1328 752  0.0000  0.0000  1.0000
1360 752  0.0000  0.0000  1.0000
1488 752 -0.0080 -0.0019 31.2299
1520 752  0.0000  0.0000  1.0000
 16 784 -0.0005 -0.0000 86.8475
 48 784 -0.5555 -0.0101 28.2550
 80 784 -0.1280  0.1673 15.7945
112 784 -0.1046  0.0144 19.1355
144 784  0.0000  0.0000  1.0000
176 784 -0.6540  0.6913  7.7151
208 784  0.2518 -0.0006 22.8500
240 784  0.0000  0.0000  1.0000
272 784  0.0000  0.0000  1.0000
304 784  0.0000  0.0000  1.0000
336 784 -0.2594  0.0027 24.3343
368 784  0.5014  0.0078 21.7816
400 784 -0.3301 -0.0385 76.9531
432 784 -0.8020  0.1060 25.5094
464 784  0.2561  0.5196 18.8357
496 784 -0.5392 -0.0085 23.7043
528 784  0.0000  0.0000  1.0000
560 784  0.0000  0.0000  1.0000
592 784  0.0039  0.0057 70.6817
624 784  0.0000  0.0000  1.0000
656 784 -0.0055  0.0100 32.2181
688 784 -0.1567  0.1749 16.5322
720 784 -0.0288  0.6331  7.2189
752 784  0.0000  0.0000  1.0000
784 784  0.0104  0.8094  3.9865
816 784 -0.0708  0.7730  5.6598
848 784  0.0000  0.0000  1.0000
880 784  0.0000  0.0000  1.0000
912 784 -0.7294  0.1627 335.9330
944 784 -0.0681  0.6341 23.1659
976 784  0.0000  0.0000  1.0000
1008 784  0.0000  0.0000  1.0000
1040 784 -0.0010  0.0003  9.5506
1072 784 -0.4208  0.4092 11.7709
1104 784 -0.0250  0.3751 24.4258
1136 784 -0.7512  0.0312 607.4464
1168 784  0.0093 -0.0005 37.0061
1200 784 -0.0076 -0.0033 32.7275
1232 784 -0.4091 -0.1957 44.0237
1264 784  0.0000  0.0000  1.0000
1296 784 -0.1988  0.8701 12.1757
1328 784  0.5923  0.6611  6.7791
1360 784  0.0155  0.0001 19.4818
1488 784  0.0396 -0.0051 41.7460
1520 784  0.0000  0.0000  1.0000
 16 816  0.0000  0.0000  1.0000
 48 816 -0.0644  0.3659 13.1060
 80 816 -0.1049  0.0696 18.6088
112 816  0.3639 -0.0101 23.2540
144 816 -0.0636  0.4324  8.5091
176 816 -0.3937  0.0005 49.9323
208 816  0.0120 -0.4510 39.1682
240 816 -0.3635  0.0030 58.8849
272 816  0.0000  0.0000  1.0000
304 816  0.0000  0.0000  1.0000
336 816 -0.4812  0.6337  8.0531
368 816  0.1561  0.0032 35.9520
400 816  0.0000  0.0000  1.0000
432 816 -0.1985  0.4228  7.5495
464 816  0.2275  0.3361 23.1477
496 816  0.0097 -0.6157 1308.6666
528 816 -0.0135  0.3876 15.8931
560 816  0.0000  0.0000  1.0000
592 816  0.0000  0.0000  1.0000
624 816  0.0000  0.0000  1.0000
656 816  0.3211  0.0853  9.5519
688 816 -0.2184  0.2097  6.9237
720 816 -0.4928 -0.0320 21.9371
752 816  0.0029  0.1063 27.5388
784 816  0.0000  0.0000  1.0000
816 816 -0.0713  0.5357 14.6319
848 816 -0.8877  0.1448 13.2660
880 816  0.0000  0.0000  1.0000
912 816  0.0125  0.0129  9.7221
944 816  0.6286  0.0338 102.0400
976 816  0.0000  0.0000  1.0000
1008 816  0.0088  0.5642 26.2515
1040 816  0.0000  0.0000  1.0000
1072 816  0.0000  0.0000  1.0000
1104 816  0.0000  0.0000  1.0000
1136 816 -0.0031 -0.0134 22.5024
1168 816  0.0000  0.0000  1.0000
1200 816  0.0000  0.0000  1.0000
1232 816  0.0000  0.0000  1.0000
1264 816 -0.8535  0.2047 38.2406
1296 816 -0.5637  0.5014  6.0136
1328 816 -0.1424 -0.0017 72.7256
1360 816 -0.0000  0.2704 22.3917
1488 816 -0.0039  0.0095 29.2581
1520 816  0.0000  0.0000  1.0000
 16 848  0.3294 -0.0014 57.6250
 48 848  0.1318 -0.5189 24.7373
 80 848  0.0402  0.0148 18.0729
112 848  0.0057 -0.3891 74.4792
144 848  0.0066 -0.1577 30.2245
176 848  0.0017 -0.0075 45.8164
208 848 -0.1718 -0.0081 105.7699
240 848 -0.0100  0.0060 84.2176
272 848  0.5163  0.0129  6.0951
304 848  0.0000  0.0000  1.0000
336 848  0.1921  0.4203 10.6453
368 848  0.1469  0.0087 39.7458
400 848  0.0000  0.0000  1.0000
432 848 -0.0935  0.0032 19.1234
464 848  0.0049  0.5970  5.4718
496 848 -0.6607  0.5106 10.9167
528 848  0.0000  0.0000  1.0000
560 848  0.0000  0.0000  1.0000
592 848  0.0000  0.0000  1.0000
624 848  0.0000  0.0000  1.0000
656 848  0.0000  0.0000  1.0000
688 848 -0.0056  0.0065 45.7729
720 848 -0.6848 -0.0468 34.5185
752 848  0.2674 -0.0717 18.2613
784 848  0.0000  0.0000  1.0000
816 848  0.0000  0.0000  1.0000
848 848 -0.8049 -0.1893 118.2571
880 848 -0.1648  0.5783 10.6789
912 848  0.0680 -0.0037 14.4948
944 848  0.0000  0.0000  1.0000
976 848  0.0000  0.0000  1.0000
1008 848  0.0000  0.0000  1.0000
1040 848  0.0000  0.0000  1.0000
1072 848 -0.3809  0.2426  7.5599
1104 848 -0.7346 -0.0013 75.5584
1136 848  0.0000  0.0000  1.0000
1168 848 -0.4304 -0.4604 326.0000
1200 848 -0.0104 -0.0170 227.3428
1232 848  0.0133 -0.3685 10.7083
1264 848  0.0133 -0.1827 67.0892
1296 848 -0.3599  0.4078 16.5653
1328 848  0.0000  0.0000  1.0000
1360 848 -0.0067  0.0043 35.2672
1488 848  0.0000  0.0000  1.0000
1520 848  0.0000  0.0000  1.0000
 16 880 -0.0012  0.0050 24.0234
 48 880  0.0577  0.5637 11.1168
 80 880  0.0617  0.2652 11.2575
112 880 -0.0909  0.4478 14.5661
144 880  0.0547 -0.3888 30.8920
176 880  0.4242 -0.3806 62.2820
208 880 -0.2655  0.0144 11.4150
240 880  0.4249  0.5523 11.9859
272 880  0.0000  0.0000  1.0000
304 880  0.0000  0.0000  1.0000
336 880  0.0000  0.0000  1.0000
368 880  0.0000  0.0000  1.0000
400 880 -0.0084 -0.5389 995.3398
432 880  0.0000  0.0000  1.0000
464 880  0.3893  0.6386  8.4643
496 880 -0.8957  0.0095  8.0366
528 880  0.0000  0.0000  1.0000
560 880  0.0000  0.0000  1.0000
592 880  0.0000  0.0000  1.0000
624 880  0.0000  0.0000  1.0000
656 880  0.0000  0.0000  1.0000
688 880 -0.2638 -0.4954 76.8102
720 880  0.0000  0.0000  1.0000
752 880 -0.0115  0.0143 10.6693
784 880 -0.2666  0.1398 70.9832
816 880  0.0000  0.0000  1.0000
848 880  0.0000  0.0000  1.0000
880 880 -0.4885  0.3499 47.8925
912 880 -0.3823 -0.0106 16.0847
944 880  0.0000  0.0000  1.0000
976 880  0.0000  0.0000  1.0000
1008 880  0.0000  0.0000  1.0000
1040 880  0.0000  0.0000  1.0000
1072 880  0.0000  0.0000  1.0000
1104 880  0.0093 -0.0047 21.3333
1136 880 -0.0048 -0.1178 76.0322
1168 880 -0.0102  0.0100 123.9210
1200 880 -0.0136  0.4676  7.0423
1232 880  0.4830  0.6027  6.1716
1264 880 -0.0021  0.6167 11.6786
1296 880  0.0000  0.0000  1.0000
1328 880  0.5856  0.5542 10.4997
1360 880 -0.0072  0.0015 173.4355
1392 880 -0.0132 -0.2200 5697535.5000
1456 880  0.0233  0.0033 44.7407
1488 880  0.0000  0.0000  1.0000
1520 880  0.0000  0.0000  1.0000
 16 912  0.0020 -0.0005 40.4287
 48 912 -0.0083  0.0104 33.4731
 80 912  0.0011  0.0061 47.5527
112 912  0.0000  0.0000  1.0000
144 912 -0.3298  0.1045 10.3079
176 912 -0.4881  0.0096 12.5806
208 912  0.0638 -0.0118 12.8474
240 912 -0.7934  0.4248  8.5014
272 912  0.0000  0.0000  1.0000
304 912  0.0000  0.0000  1.0000
336 912  0.0000  0.0000  1.0000
368 912  0.0000  0.0000  1.0000
400 912  0.0000  0.0000  1.0000
432 912  0.3660  0.4856 25.9476
464 912  0.0000  0.0000  1.0000
496 912 -0.5866  0.3482 19.1235
528 912 -0.0931  0.0014  5.6280
560 912  0.0004 -0.0136 25.3388
592 912  0.0000  0.0000  1.0000
624 912  0.0000  0.0000  1.0000
656 912  0.0000  0.0000  1.0000
688 912  0.0000  0.0000  1.0000
720 912  0.0000  0.0000  1.0000
752 912  0.0000  0.0000  1.0000
784 912  0.0000  0.0000  1.0000
816 912  0.0000  0.0000  1.0000
848 912  0.0000  0.0000  1.0000
880 912 -0.5470  0.0037 20.0409
912 912 -0.3336 -0.0013 15.6711
944 912 -0.5045 -0.0038 13146110.0000
976 912  0.1993 -0.0053  9.0772
1008 912  0.0000  0.0000  1.0000
1040 912  0.0084 -0.0233 108.0333
1072 912  0.0000  0.0000  1.0000
1104 912 -0.0039  0.0557 96.0000
1136 912  0.0095  0.0038 34.5893
1168 912 -0.0060  0.0071 26.4232
1200 912  0.0041  0.1283 20.4592
1232 912 -0.0073  0.2523 28.8750
1264 912 -0.0126 -0.1985 34.2221
1296 912  0.0000  0.0000  1.0000
1328 912  0.0000  0.0000  1.0000
1360 912  0.0130 -0.1186 193.9277
1392 912  0.0124  0.0026 16.0227
1456 912  0.0000  0.0000  1.0000
1488 912 -0.0135 -0.0036 38.4700
1520 912  0.0011  0.0005 34.4190
 16 944  0.0003  0.0007 36.4802
 48 944  0.0000  0.0000  1.0000
 80 944 -0.0137  0.0105 34.3146
112 944 -0.1008  0.5242  2.8419
144 944  0.0000  0.0000  1.0000
176 944  0.5324 -0.0103 78.1120
208 944  0.0000  0.0000  1.0000
240 944 -0.0083  0.0931 104.5095
272 944  0.0053 -0.0099 17.7552
304 944  0.0000  0.0000  1.0000
336 944  0.0000  0.0000  1.0000
368 944  0.0000  0.0000  1.0000
400 944  0.0000  0.0000  1.0000
432 944  0.0000  0.0000  1.0000
464 944  0.0000  0.0000  1.0000
496 944  0.0049 -0.0746 48.3715
528 944  0.3453 -0.0295 11.0934
560 944 -0.3061 -0.1164 33.5314
592 944  0.0000  0.0000  1.0000
624 944  0.0000  0.0000  1.0000
656 944  0.0000  0.0000  1.0000
688 944  0.0000  0.0000  1.0000
720 944  0.0054 -0.7666 231.8212
752 944  0.0000  0.0000  1.0000
784 944 -0.0084 -0.2653 18.1565
816 944  0.0000  0.0000  1.0000
848 944  0.0000  0.0000  1.0000
880 944 -0.7766 -0.0054 53.1264
912 944 -0.0018  0.0064 38.4121
944 944 -0.3246  0.8995  4.6156
976 944  0.1854  0.2699  6.2237
1008 944  0.0000  0.0000  1.0000
1040 944  0.0000  0.0000  1.0000
1072 944  0.0000  0.0000  1.0000
1104 944  0.0006 -0.2682 75.4769
1136 944 -0.0113  0.0286  9.7286
1168 944  0.0012  0.0088 12.0385
1200 944  0.3220  0.0039 41.6375
1232 944 -0.0060 -0.0021 39.1739
1264 944 -0.0041 -0.0024 30.9141
1296 944  0.2415 -0.0417 38.3593
1328 944  0.0077 -0.1766 43.2988
1360 944  0.0147  0.0117 17.5826
1392 944  0.0000  0.0000  1.0000
1424 944 -0.2863 -0.0058 19.5200
1456 944  0.0000  0.0000  1.0000
1488 944  0.0105  0.0051 30.6285
1520 944  0.0077 -0.0004 40.0864
 16 976  0.0002 -0.0002 39.1840
 48 976 -0.0455  0.0417 32.4854
 80 976  0.0535  0.0122 17.3071
112 976  0.0000  0.0000  1.0000
144 976  0.0000  0.0000  1.0000
176 976 -0.1698  0.3592 10.1430
208 976 -0.1048 -0.0985 23.4757
240 976  0.0000  0.0000  1.0000
272 976 -0.1953  0.0128 187.9451
304 976 -0.0070  0.0137  9.8523
336 976  0.0066  0.0399  4.0612
368 976  0.0000  0.0000  1.0000
400 976  0.0000  0.0000  1.0000
432 976 -0.0041 -0.0403 23.4821
464 976  0.0000  0.0000  1.0000
496 976  0.0000  0.0000  1.0000
528 976 -0.5498 -0.0012 77.4669
560 976  0.0000  0.0000  1.0000
592 976 -0.1382 -0.0580 67.4828
624 976  0.0000  0.0000  1.0000
656 976  0.0000  0.0000  1.0000
688 976  0.0000  0.0000  1.0000
720 976  0.0000  0.0000  1.0000
752 976  0.0000  0.0000  1.0000
784 976  0.1250  0.2357 73.8940
816 976  0.0000  0.0000  1.0000
848 976 -0.0072 -0.0132 40.7590
880 976  0.0007  0.3202 15.2432
912 976 -0.0129  0.0085  8.1377
944 976  0.0000  0.0000  1.0000
976 976  0.0000  0.0000  1.0000
1008 976  0.0000  0.0000  1.0000
1040 976  0.0000  0.0000  1.0000
1072 976  0.0000  0.0000  1.0000
1104 976  0.0713  0.0783 22.6984
1136 976 -0.0115  0.1541 28.5058
1168 976 -0.0006  0.0115 42.2778
1200 976  0.0000  0.0000  1.0000
1232 976 -0.2126  0.0759 1199.0000
1264 976 -0.0605  0.0084 31.6367
1296 976 -0.6043 -0.5372 7826431.5000
1328 976  0.0000  0.0000  1.0000
1392 976  0.0000  0.0000  1.0000
1424 976 -0.0453  0.0010 35.5294
1456 976  0.0000  0.0000  1.0000
1488 976  0.0018  0.0017 34.5574
1520 976  0.0089  0.0001 33.4890
 16 1008 -0.0006 -0.0003 82.8352
 48 1008 -0.0029 -0.0019 59.8769
 80 1008  0.0679  0.4088 23.7057
112 1008  0.0017  0.2707 24.0021
144 1008 -0.0572  0.3606 13.1963
176 1008  0.0000  0.0000  1.0000
208 1008 -0.6872  0.3301 12.1995
240 1008  0.0000  0.0000  1.0000
272 1008 -0.0075  0.0166 18.8572
304 1008  0.0000  0.0000  1.0000
336 1008  0.0107 -0.0921 36.8624
368 1008 -0.7921 -0.0495 23.8157
400 1008  0.0000  0.0000  1.0000
432 1008  0.0000  0.0000  1.0000
464 1008  0.0000  0.0000  1.0000
496 1008  0.0000  0.0000  1.0000
528 1008  0.0000  0.0000  1.0000
560 1008 -0.3282 -0.0941  4.7806
592 1008 -0.3514 -0.0035 22.0758
624 1008 -0.0451  0.3174 10.3770
656 1008  0.0000  0.0000  1.0000
688 1008 -0.0565  0.2205  8.2539
720 1008  0.0000  0.0000  1.0000
752 1008  0.0000  0.0000  1.0000
784 1008  0.0000  0.0000  1.0000
816 1008  0.0000  0.0000  1.0000
848 1008  0.1382  0.0146  7.2910
880 1008 -0.0106 -0.0060 95.8303
912 1008 -0.3216  0.2038 216.6980
944 1008  0.0000  0.0000  1.0000
976 1008  0.0000  0.0000  1.0000
1008 1008  0.0655  0.7685  1.9020
1040 1008  0.0149  0.0519 11.2356
1072 1008  0.0000  0.0000  1.0000
1104 1008  0.0000  0.0000  1.0000
1136 1008 -0.0042  0.0003 10.3110
1168 1008  0.4072  0.0510  8.3036
1200 1008  0.0096  0.0093 19.4817
1232 1008  0.0000  0.0000  1.0000
1264 1008 -0.4826 -0.3435 4733.7998
1296 1008  0.2880  0.0918 12.3801
1328 1008  0.0000  0.0000  1.0000
1360 1008  0.0449  0.2993 20.4764
1392 1008  0.0111  0.0013 42.5503
1424 1008 -0.0089  0.0031 25.5312
1456 1008  0.0422  0.0047 34.7094
1488 1008  0.0000  0.0000  1.0000
1520 1008  0.0015  0.0004 46.2911
 16 1040  0.0000  0.0000  1.0000
 48 1040  0.0004 -0.0020 36.9886
 80 1040 -0.0167 -0.0113 40.8650
112 1040  0.0345 -0.0226 59.7020
144 1040 -0.0087  0.0841 46.1319
176 1040  0.0009  0.0058 18.2805
208 1040  0.2934  0.0848 16.2281
240 1040 -0.2778  0.3975 10.6740
272 1040  0.0000  0.0000  1.0000
304 1040  0.0036  0.1587 52.1052
336 1040  0.0000  0.0000  1.0000
368 1040  0.0540 -0.0070 16.5389
400 1040 -0.0586 -0.0124 12.2884
432 1040  0.0000  0.0000  1.0000
464 1040  0.0000  0.0000  1.0000
496 1040 -0.0969 -0.0091  7.4612
528 1040  0.0000  0.0000  1.0000
560 1040  0.0000  0.0000  1.0000
592 1040  0.0000  0.0000  1.0000
624 1040  0.3710  0.0290  8.9309
656 1040  0.0000  0.0000  1.0000
688 1040  0.0000  0.0000  1.0000
720 1040  0.0750  0.5234  6.5000
752 1040 -0.0026  0.3686 13.0088
784 1040 -0.2401  0.7090  5.9169
816 1040  0.0000  0.0000  1.0000
848 1040 -0.0999 -0.0045 40.8339
880 1040 -0.1098 -0.0754 123.8175
912 1040  0.0000  0.0000  1.0000
944 1040 -0.1094  0.0031  5.4922
976 1040  0.0000  0.0000  1.0000
1008 1040  0.0000  0.0000  1.0000
1040 1040  0.0000  0.0000  1.0000
1072 1040  0.0000  0.0000  1.0000
1104 1040 -0.0004 -0.0155 14.4562
1136 1040  0.0000  0.0000  1.0000
1168 1040  0.0125  0.0064 16.6376
1200 1040  0.0009 -0.0180 92.0667
1232 1040 -0.0087 -0.5023 571.5901
1264 1040  0.2657  0.2276 11.4976
1296 1040  0.0000  0.0000  1.0000
1328 1040  0.1735  0.4704 25.0526
1360 1040  0.0160  0.0157 30.5868
1392 1040 -0.0788  0.0010 40.5473
1424 1040  0.0000  0.0000  1.0000
1456 1040  0.0107  0.0051 48.7813
1488 1040  0.0022 -0.0015 33.5138
1520 1040  0.0000  0.0000  1.0000
 16 1072  0.0062  0.0021 29.3163
 48 1072 -0.0016  0.0014 46.5452
 80 1072 -0.0126  0.0117 35.4781
112 1072  0.0000  0.0000  1.0000
144 1072  0.0000  0.0000  1.0000
176 1072 -0.3155  0.0162 30.7457
208 1072  0.0000  0.0000  1.0000
240 1072 -0.2045 -0.0055 129.9471
272 1072 -0.0039 -0.0033 20.0151
304 1072 -0.7395 -0.3262 20.4248
336 1072  0.0039  0.1736 39.7018
368 1072  0.0000  0.0000  1.0000
400 1072 -0.4793  0.0140 190.6039
432 1072  0.0000  0.0000  1.0000
464 1072  0.1306  0.0014 27.0714
496 1072  0.0000  0.0000  1.0000
528 1072  0.0758  0.0000 33.2578
560 1072 -0.1541 -0.0160  9.2981
592 1072 -0.0559 -0.0327  5.7450
624 1072  0.0000  0.0000  1.0000
656 1072 -0.3253  0.0479 10.7556
688 1072  0.0159  0.1346  5.5440
720 1072  0.0000  0.0000  1.0000
752 1072  0.0000  0.0000  1.0000
784 1072 -0.2943 -0.0097 39.6781
816 1072  0.0000  0.0000  1.0000
848 1072 -0.7088 -0.0863 21.7164
880 1072  0.0000  0.0000  1.0000
912 1072 -0.1865  0.6422 71.5202
944 1072  0.0394  0.5906 22.2787
976 1072  0.0000  0.0000  1.0000
1008 1072  0.0015  0.0053  6.8140
1040 1072 -0.0672 -0.0039 10.5511
1072 1072  0.0672 -0.2619 180.1478
1104 1072  0.0000  0.0000  1.0000
1136 1072  0.0017 -0.1589 78.5645
1168 1072  0.0000  0.0000  1.0000
1200 1072  0.0000  0.0000  1.0000
1232 1072  0.0000  0.0000  1.0000
1264 1072  0.0087  0.2291 25.9348
1296 1072  0.0000  0.0000  1.0000
1328 1072  0.0000  0.0000  1.0000
1360 1072  0.0000  0.0000  1.0000
1392 1072  0.0000  0.0000  1.0000
1424 1072  0.0196 -0.0006 25.5837
1456 1072 -0.0042 -0.0010 82.8535
1488 1072  0.0101  0.0046 43.5275
1520 1072  0.0000  0.0000  1.0000
 16 1104 -0.0126  0.2605 10.6512
 48 1104  0.0000  0.0000  1.0000
 80 1104  0.0007  0.0026 47.0457
112 1104  0.2442 -0.0131 44.1812
144 1104 -0.0745  0.0035 23.7093
176 1104 -0.2653  0.0027 15.3644
208 1104 -0.2554 -0.0020 54.1317
240 1104  0.0000  0.0000  1.0000
272 1104 -0.0767 -0.1360 28.8699
304 1104  0.0000  0.0000  1.0000
336 1104  0.0000  0.0000  1.0000
368 1104  0.0000  0.0000  1.0000
400 1104 -0.4555  0.0070 10.6478
432 1104 -0.5351  0.0035 35.5768
464 1104  0.0000  0.0000  1.0000
496 1104  0.0000  0.0000  1.0000
528 1104  0.0000  0.0000  1.0000
560 1104 -0.2724  0.0072  6.2932
592 1104  0.0000  0.0000  1.0000
624 1104  0.2429  0.0055 15.5183
656 1104  0.0000  0.0000  1.0000
688 1104  0.0342  0.1920 13.2105
720 1104  0.0000  0.0000  1.0000
752 1104 -0.1017 -0.0838 305.0354
784 1104  0.0000  0.0000  1.0000
816 1104  0.0000  0.0000  1.0000
848 1104  0.0000  0.0000  1.0000
880 1104  0.0000  0.0000  1.0000
912 1104 -0.5512  0.1030 76.2540
944 1104 -0.0078 -0.2530 27.7273
976 1104  0.0000  0.0000  1.0000
1008 1104  0.0453 -0.2524 16.4600
1040 1104 -0.0116  0.0336 37.0160
1072 1104  0.0000  0.0000  1.0000
1104 1104  0.0000  0.0000  1.0000
1136 1104  0.0000  0.0000  1.0000
1168 1104  0.0000  0.0000  1.0000
1200 1104  0.2807  0.0156  7.4027
1232 1104  0.0000  0.0000  1.0000
1264 1104 -0.4481 -0.0099 78.5878
1296 1104  0.0080  0.0024 48.2714
1328 1104 -0.0326  0.5924  7.7734
1360 1104  0.0070  0.0083 32.3500
1392 1104 -0.0083  0.1417 21.0371
1424 1104  0.0000  0.0000  1.0000
1456 1104  0.0000  0.0000  1.0000
1488 1104 -0.0003  0.0004 313.7005
1520 1104  0.0000  0.0000  1.0000
 16 1136  0.0023  0.1394 23.6571
 48 1136  0.0000  0.0000  1.0000
 80 1136 -0.0016  0.0011 58.4144
112 1136  0.0013 -0.0071 103.1611
144 1136  0.0000  0.0000  1.0000
176 1136 -0.0875 -0.0049 88.9506
208 1136 -0.0623  0.0663 21.2647
240 1136  0.0125  0.0040 17.9912
272 1136 -0.0463  0.3650 17.3665
304 1136  0.3452  0.0312  8.3419
336 1136  0.0000  0.0000  1.0000
368 1136 -0.5414  0.2944  7.9191
400 1136  0.0000  0.0000  1.0000
432 1136 -0.8106  0.9289  2.6501
464 1136  0.0050  0.5128  4.3020
496 1136  0.9029  0.0072  9.9908
528 1136  0.0000  0.0000  1.0000
560 1136  0.0000  0.0000  1.0000
592 1136  0.0000  0.0000  1.0000
624 1136  0.0000  0.0000  1.0000
656 1136  0.0126  0.0009  8.2839
688 1136  0.0000  0.0000  1.0000
720 1136  0.0000  0.0000  1.0000
752 1136  0.0165 -0.0157 10.3913
784 1136  0.0000  0.0000  1.0000
816 1136 -0.0600  0.0055 12.1302
848 1136  0.0000  0.0000  1.0000
880 1136 -0.0090  0.2378 15.1500
912 1136  0.1518 -0.3553 610.5714
944 1136  0.0000  0.0000  1.0000
976 1136  0.0000  0.0000  1.0000
1008 1136  0.0000  0.0000  1.0000
1040 1136 -0.0163  0.0019 86.9545
1072 1136 -0.0034  0.8575  5.9791
1104 1136  0.3765  0.5172  5.1679
1136 1136  0.0000  0.0000  1.0000
1168 1136 -0.0113  0.3983 41.7463
1200 1136  0.3592  0.1561 11.1389
1232 1136  0.0000  0.0000  1.0000
1264 1136 -0.0751  0.5261 10.7474
1296 1136  0.0000  0.0000  1.0000
1328 1136 -0.0139 -0.0102 68.2579
1360 1136  0.0000  0.0000  1.0000
1392 1136 -0.5382 -0.0069 16.3211
1424 1136  0.0000  0.0000  1.0000
1456 1136  0.0109  0.0052 50.3942
1488 1136 -0.0013  0.0038 27.7133
1520 1136  0.0000  0.0000  1.0000
 16 1168 -0.0009 -0.0085 23.7067
 48 1168 -0.0061  0.0029  6.9556
 80 1168  0.0000  0.0000  1.0000
112 1168 -0.0001 -0.0018 61.7805
144 1168 -0.0029 -0.0019 20.4559
176 1168  0.1594  0.4414 21.8939
208 1168  0.0000  0.0000  1.0000
240 1168 -0.0064 -0.0169 83.9534
272 1168  0.0195 -0.0015 23.9075
304 1168 -0.3698  0.3346 25.8568
336 1168  0.0000  0.0000  1.0000
368 1168  0.0000  0.0000  1.0000
400 1168 -0.2477  0.0039 21.7547
432 1168  0.0000  0.0000  1.0000
464 1168 -0.2280 -0.2096 27.1200
496 1168  0.0000  0.0000  1.0000
528 1168  0.0000  0.0000  1.0000
560 1168  0.0000  0.0000  1.0000
592 1168  0.0000  0.0000  1.0000
624 1168  0.0000  0.0000  1.0000
656 1168  0.0000  0.0000  1.0000
688 1168  0.0000  0.0000  1.0000
720 1168  0.0000  0.0000  1.0000
752 1168  0.0000  0.0000  1.0000
784 1168  0.0000  0.0000  1.0000
816 1168  0.0000  0.0000  1.0000
848 1168  0.0014  0.2670 10.6855
880 1168 -0.2151  0.0405 30.4556
912 1168 -0.2131  0.0041 14.0489
944 1168  0.0000  0.0000  1.0000
976 1168  0.0000  0.0000  1.0000
1008 1168  0.0000  0.0000  1.0000
1040 1168  0.0000  0.0000  1.0000
1072 1168  0.0000  0.0000  1.0000
1104 1168  0.0024  0.0477 15.7685
1136 1168  0.0000  0.0000  1.0000
1168 1168  0.0000  0.0000  1.0000
1200 1168  0.0000  0.0000  1.0000
1232 1168 -0.0122  0.0156 710.4999
1264 1168  0.0000  0.0000  1.0000
1296 1168 -0.4968 -0.0713 414.6325
1328 1168 -0.1396 -0.0022 21.8947
1360 1168  0.0000  0.0000  1.0000
1392 1168  0.0018 -0.0021 71.7585
1424 1168  0.0000  0.0000  1.0000
1456 1168  0.0000  0.0000  1.0000
1488 1168  0.0000  0.0000  1.0000
1520 1168  0.0000  0.0000  1.0000
 16 1200  0.0000  0.0000  1.0000
 48 1200 -0.0121 -0.0035 25.2000
 80 1200  0.0000  0.0000  1.0000
112 1200 -0.0011  0.0017 438.9513
144 1200  0.0033 -0.0017 23.2935
176 1200 -0.0319  0.0072 24.3894
208 1200 -0.0000  0.2288 23.1751
240 1200 -0.0071 -0.0048 19.0822
272 1200  0.0000  0.0000  1.0000
304 1200 -0.0630  0.1876 21.8121
336 1200  0.0000  0.0000  1.0000
368 1200  0.0000  0.0000  1.0000
400 1200 -0.3766 -0.0060 11.8726
432 1200  0.0000  0.0000  1.0000
464 1200  0.0480  0.4662  7.3240
496 1200 -0.1080  0.7503 14.5358
528 1200 -0.0460  0.3113 14128640.0000
560 1200  0.0000  0.0000  1.0000
592 1200  0.0000  0.0000  1.0000
624 1200 -0.3349  0.3786  5.3807
656 1200  0.0000  0.0000  1.2651
688 1200 -0.2600  0.4096 11.5878
720 1200 -0.0476  0.4834 19.4604
752 1200  0.0000  0.0000  1.0000
784 1200  0.0000  0.0000  1.0000
816 1200  0.0000  0.0000  1.0000
848 1200  0.3012  0.4695  4.6265
880 1200  0.0000  0.0000  1.0000
912 1200  0.0000  0.0000  1.0000
944 1200  0.0000  0.0000  1.0000
976 1200  0.0000  0.0000  1.0000
1008 1200  0.0000  0.0000  1.0000
1040 1200  0.0000  0.0000  1.0000
1072 1200  0.3407  0.7091  7.7923
1104 1200 -0.6979  0.2660  7.6659
1136 1200  0.0000  0.0000  1.0000
1168 1200  0.0000  0.0000  1.0000
1200 1200  0.0000  0.0000  1.0000
1232 1200 -0.0143 -0.0013 7812608.0000
1264 1200  0.0000  0.0000  1.0000
1296 1200  0.0000  0.0000  1.0000
1328 1200 -0.1409 -0.0040 15.9340
1360 1200  0.0000  0.0000  1.0000
1392 1200 -0.0034 -0.0020 457.6910
1424 1200  0.0026  0.0017 198.3156
1456 1200  0.0000  0.0000  1.0000
1488 1200 -0.0024  0.0788 12.5439
1520 1200  0.0048  0.0211  8.4879
 16 1232  0.0000  0.0000  1.0000
 48 1232  0.0000  0.0000  1.0000
 80 1232  0.0390 -0.0064 22.0833
112 1232  0.0021 -0.0032 355.9277
144 1232 -0.0027  0.0021 48.1379
176 1232  0.0000  0.0000  1.0000
208 1232  0.0000  0.0000  1.0000
240 1232 -0.0160  0.0059 16.9200
272 1232 -0.1097  0.1029 14.8627
304 1232  0.0000  0.0000  1.0000
336 1232  0.0720 -0.2421 13.7324
368 1232  0.0000  0.0000  1.0000
400 1232  0.0042 -0.0093 24.7341
432 1232  0.0000  0.0000  1.0000
464 1232  0.0000  0.0000  1.0000
496 1232  0.0000  0.0000  1.0000
528 1232 -0.4288  0.0904  9.1088
560 1232 -0.4338 -0.0058 12.8369
592 1232  0.0000  0.0000  1.0000
624 1232  0.0000  0.0000  1.0000
656 1232  0.0000  0.0000  1.0000
688 1232 -0.0063  0.5794 29.6795
720 1232  0.0115  0.4912  4.5740
752 1232 -0.0025  0.7675  1.7274
784 1232  0.0066  0.7129  8.1906
816 1232  0.0000  0.0000  1.0000
848 1232  0.0000  0.0000  1.0000
880 1232  0.0000  0.0000  1.0000
912 1232  0.0000  0.0000  1.0000
944 1232  0.0000  0.0000  1.0000
976 1232 -0.3627  0.2185 1177.0840
1008 1232  0.7293  0.8437  3.2030
1040 1232  0.0941  0.6297  8.3846
1072 1232  0.0000  0.0000  1.0000
1104 1232  0.0000  0.0000  1.0000
1136 1232 -0.0159  0.0033 730.1249
1168 1232  0.0000  0.0000  1.0000
1200 1232  0.0000  0.0000  1.0000
1232 1232  0.3343  0.4098 31.2113
1264 1232 -0.0698  0.0133 28.4836
1296 1232  0.0063 -0.0872 811.0132
1328 1232  0.0039 -0.0691 267.2405
1360 1232  0.0000  0.0000  1.0000
1392 1232  0.0083  0.0054 75.1872
1424 1232  0.0000  0.0000  1.0000
1456 1232  0.0000  0.0000  1.0000
1488 1232  0.0000  0.0000  1.0000
1520 1232  0.0000  0.0000  1.0000
 16 1264 -0.0665 -0.3186 7905280.0000
 48 1264  0.0000  0.0000  1.0000
 80 1264  0.0000  0.0000  1.0000
112 1264  0.0000  0.0000  1.0000
144 1264  0.0000  0.0000  1.0000
176 1264 -0.0008 -0.0003 58.5379
208 1264  0.0878  0.1760 21.7171
240 1264 -0.0626  0.0123 47.0343
272 1264  0.0000  0.0000  1.0000
304 1264 -0.0166  0.2016 73.9077
336 1264  0.1693 -0.8108 17.5069
368 1264 -0.0619  0.4986 86.0054
400 1264  0.0000  0.0000  1.0000
432 1264 -0.0108  0.0166 21.7984
464 1264 -0.4352  0.2474 265.6941
496 1264  0.0000  0.0000  1.0000
528 1264  0.0052  0.0013 23.6030
560 1264  0.0109  0.6436  8.0006
592 1264 -0.3493  0.4793 10.2290
624 1264  0.0000  0.0000  1.0000
656 1264  0.0000  0.0000  1.0000
688 1264  0.0000  0.0000  1.0000
720 1264  0.0000  0.0000  1.0000
752 1264  0.0000  0.0000  1.0000
784 1264 -0.0720  0.6306 66.1838
816 1264  0.0000  0.0000  1.0000
848 1264  0.0000  0.0000  1.0000
880 1264 -0.0104  0.5880 29.0118
912 1264 -0.0065  0.5902 13.4617
944 1264 -0.0161  0.4713 15.0790
976 1264 -0.0080  0.5346 44.8016
1008 1264  0.0000  0.0000  1.0000
1040 1264  0.0000  0.0000  1.0000
1072 1264  0.0000  0.0000  1.0000
1104 1264  0.0000  0.0000  1.0000
1136 1264 -0.6494 -0.0004 14.5560
1168 1264  0.0000  0.0000  1.0000
1200 1264  0.0000  0.0000  1.0000
1232 1264  0.5407  0.2069 11.4266
1264 1264  0.0000  0.0000  1.0000
1296 1264  0.0000  0.0000  1.0000
1328 1264 -0.0026 -0.0011 156.5963
1360 1264  0.0000  0.0000  1.0000
1392 1264  0.0005  0.0011 7942655.0000
1424 1264  0.0000  0.0000  1.0000
1456 1264  0.0000  0.0000  1.0000
1488 1264  0.0800  0.0035 16.9123
1520 1264  0.0000  0.0000  1.0000
 16 1296  0.0000  0.0000  1.0000
 48 1296 -0.2545 -0.0097 24.1250
 80 1296 -0.0704  0.0138  5.0755
112 1296  0.0000  0.0000  1.0000
144 1296  0.0000  0.0000  1.0000
176 1296  0.0000  0.0000  1.0000
208 1296 -0.0013  0.0026 45.0113
240 1296  0.0000  0.0000  1.0000
272 1296  0.0000  0.0000  1.0000
304 1296  0.0000  0.0000  1.0000
336 1296  0.0112  0.1687 97.6996
368 1296  0.0000  0.0000  1.0000
400 1296  0.0000  0.0000  1.0000
432 1296  0.0806 -0.1311 18.4725
464 1296  0.0000  0.0000  1.0000
496 1296 -0.2379  0.6394 25.9285
528 1296  0.0000  0.0000  1.0000
560 1296  0.0000  0.0000  1.0000
592 1296  0.0000  0.0000  1.0000
624 1296 -0.5239  0.4665  7.4497
656 1296 -0.0684  0.4620 20.2218
688 1296  0.0000  0.0000  1.0000
720 1296  0.0000  0.0000  1.0000
752 1296  0.0000  0.0000  1.0000
784 1296  0.0000  0.0000  1.0000
816 1296 -0.4991  0.7154  8.8028
848 1296  0.0000  0.0000  1.0000
880 1296  0.0000  0.0000  1.0000
912 1296  0.0000  0.0000  1.0000
944 1296  0.0000  0.0000  1.0000
976 1296 -0.4930 -0.0082 39.0786
1008 1296 -0.0001 -0.0041  7.6349
1040 1296  0.4633 -0.0052  9.1065
1072 1296 -0.0135 -0.3682 37.3780
1104 1296  0.0000  0.0000  1.0000
1136 1296  0.0000  0.0000  1.0000
1168 1296  0.0000  0.0000  1.0000
1200 1296  0.0000  0.0000  1.0000
1232 1296  0.0000  0.0000  1.0000
1264 1296  0.0000  0.0000  1.0000
1296 1296  0.0013  0.0086 58.6656
1328 1296  0.0000  0.0000  1.0000
1360 1296  0.0000  0.0000  1.0000
1392 1296 -0.1019 -0.2667 15.6154
1424 1296  0.0000  0.0000  1.0000
1456 1296  0.0077 -0.1855 22.8718
1488 1296  0.0000  0.0000  1.0000
1520 1296  0.0000  0.0000  1.0000
 16 1328  0.0075 -0.0018  7.8276
 48 1328 -0.0068  0.0089  9.7500
 80 1328 -0.0076  0.2612 13.5000
112 1328  0.0000  0.0000  1.0000
144 1328  0.0000  0.0000  1.0000
176 1328  0.0042 -0.0064 11.2222
208 1328  0.0000  0.0000  1.0000
240 1328  0.0007 -0.0007 57.3860
272 1328  0.0037  0.0064 51.8130
304 1328 -0.1290  0.0107  5.0203
336 1328  0.0000  0.0000  1.0000
368 1328 -0.0129  0.1398 33.4839
400 1328  0.0000  0.0000  1.0000
432 1328  0.0000  0.0000  1.0000
464 1328  0.0000  0.0000  1.0000
496 1328  0.0000  0.0000  1.0000
528 1328 -0.6421 -0.0924 40.6749
560 1328  0.0000  0.0000  1.0000
592 1328  0.0000  0.0000  1.0000
624 1328  0.0000  0.0000  1.0000
656 1328  0.0000  0.0000  1.0000
688 1328  0.0000  0.0000  1.0000
720 1328 -0.6827 -0.0571 12.1561
752 1328 -0.3532  0.1574  2.4335
784 1328  0.0000  0.0000  1.0000
816 1328  0.0000  0.0000  1.0000
848 1328  0.3794  0.3121 86.1221
880 1328  0.0000  0.0000  1.0000
912 1328  0.0000  0.0000  1.0000
944 1328  0.0000  0.0000  1.0000
976 1328  0.0000  0.0000  1.0000
1008 1328  0.0000  0.0000  1.0000
1040 1328  0.0000  0.0000  1.0000
1072 1328  0.0000  0.0000  1.0000
1104 1328  0.0247  0.0071 13.3434
1136 1328 -0.0091 -0.1568 196.9777
1168 1328  0.0000  0.0000  1.0000
1200 1328  0.0000  0.0000  1.0000
1232 1328  0.0063  0.0048 56.2346
1264 1328  0.0000  0.0000  1.0000
1296 1328  0.0008  0.0028 185.0372
1328 1328  0.0000  0.0000  1.0000
1360 1328  0.0000  0.0000  1.0000
1392 1328  0.0000  0.0000  1.0000
1424 1328 -0.0050  0.0319 10.0545
1456 1328 -0.3269 -0.0180 16.9588
1488 1328  0.0004  0.0642  9.5804
1520 1328  0.0017 -0.0417 17.1858
 16 1360  0.2746  0.1282 27.0270
 48 1360  0.0018  0.2291 11.4079
 80 1360  0.0000  0.0000  1.0000
112 1360  0.0000  0.0000  1.0000
144 1360  0.0000  0.0000  1.0000
176 1360  0.0000  0.0000  1.0000
208 1360  0.0000  0.0000  1.0000
240 1360  0.0000  0.0000  1.0000
272 1360  0.0007 -0.0015 41.8394
304 1360  0.0000  0.0000  1.0000
336 1360 -0.0784  0.0122 13.3904
368 1360  0.0000  0.0000  1.0000
400 1360  0.0000  0.0000  1.0000
432 1360  0.0000  0.0000  1.0000
464 1360 -0.1005  0.2273 30.0007
496 1360  0.0000  0.0000  1.0000
528 1360  0.0000  0.0000  1.0000
560 1360  0.0000  0.0000  1.0000
592 1360  0.0000  0.0000  1.0000
624 1360  0.0000  0.0000  1.0000
656 1360  0.0000  0.0000  1.0000
688 1360 -0.0053  0.0017 175.1567
720 1360  0.0000  0.0000  1.0000
752 1360 -0.0560 -0.6613 46.7230
784 1360  0.0000  0.0000  1.0000
816 1360  0.0000  0.0000  1.0000
848 1360  0.0000  0.0000  1.0000
880 1360  0.0000  0.0000  1.0000
912 1360  0.0000  0.0000  1.0000
944 1360  0.0000  0.0000  1.0000
976 1360  0.0000  0.0000  1.0000
1008 1360 -0.5844  0.6745 23.1540
1040 1360 -0.0012  0.0165 27.4714
1072 1360  0.0000  0.0000  1.0000
1104 1360  0.0000  0.0000  1.0000
1136 1360 -0.3377  0.4682 33.7690
1168 1360  0.0000  0.0000  1.0000
1200 1360  0.0000  0.0000  1.0000
1232 1360  0.0000  0.0000  1.0000
1264 1360  0.0000  0.0000  1.0000
1296 1360  0.0000  0.0000  1.0000
1328 1360  0.0000  0.0000  1.0000
1360 1360 -0.5309 -0.0697 11.8308
1392 1360  0.0000  0.0000  1.0000
1424 1360  0.0032 -0.0105 13.1500
1456 1360 -0.0886  0.1357 17.8025
1488 1360 -0.0570  0.0294 43.9735
1520 1360  0.0000  0.0000  1.0000
 16 1392 -0.2108  0.0566 17.8936
 48 1392  0.0000  0.0000  1.0000
 80 1392  0.0000  0.0000  1.0000
112 1392 -0.2685  0.0355 18.1333
144 1392  0.0000  0.0000  1.0000
176 1392  0.0000  0.0000  1.0000
208 1392  0.0000  0.0000  1.0000
240 1392  0.0000  0.0000  1.0000
272 1392  0.0000  0.0000  1.0000
304 1392  0.0000  0.0000  1.0000
336 1392 -0.0040  0.0022 18.6126
368 1392  0.0000  0.0000  1.0000
400 1392 -0.0123  0.0124 12.3088
432 1392  0.0000  0.0000  1.0000
464 1392  0.0000  0.0000  1.0000
496 1392  0.0000  0.0000  1.0000
528 1392  0.0000  0.0000  1.0000
560 1392  0.0000  0.0000  1.0000
592 1392 -0.5274  0.1393 661.1416
624 1392  0.0000  0.0000  1.0000
656 1392  0.0000  0.0000  1.0000
688 1392  0.0000  0.0000  1.0000
720 1392  0.0000  0.0000  1.0000
752 1392 -0.7261 -0.8045 14.4350
784 1392  0.0000  0.0000  1.0000
816 1392  0.0000  0.0000  1.0000
848 1392  0.0000  0.0000  1.0000
880 1392 -0.0013  0.4476 27.8532
912 1392  0.0000  0.0000  1.0000
944 1392  0.0000  0.0000  1.0000
976 1392  0.0000  0.0000  1.0000
1008 1392  0.0000  0.0000  1.0000
1040 1392  0.0000  0.0000  1.0000
1072 1392 -0.0228  0.4054  9.1734
1104 1392  0.0000  0.0000  1.0000
1136 1392  0.0000  0.0000  1.0000
1168 1392 -0.0040 -0.0051 50.3897
1200 1392  0.0000  0.0000  1.0000
1232 1392  0.0000  0.0000  1.0000
1264 1392  0.0000  0.0000  1.0000
1296 1392  0.0747  0.1505  4.8471
1328 1392 -0.1298  0.0415 37.8966
1360 1392  0.0000  0.0000  1.0000
1392 1392  0.0000  0.0000  1.0000
1424 1392  0.0000  0.0000  1.0000
1456 1392  0.0000  0.0000  1.0000
1488 1392  0.0300 -0.3442 14.0601
1520 1392  0.0000  0.0000  1.0000
 16 1424  0.1064  0.0114  8.1250
 48 1424  0.0000  0.0000  1.0000
 80 1424  0.0000  0.0000  1.0000
112 1424 -0.1677 -0.0293 26.5000
144 1424  0.0000  0.0000  1.0000
176 1424 -0.3211 -0.0686 18.2667
208 1424  0.0000  0.0000  1.0000
240 1424 -0.0044  0.0575 13.6753
272 1424  0.0000  0.0000  1.0000
304 1424  0.0000  0.0000  1.0000
336 1424  0.0000  0.0000  1.0000
368 1424 -0.0011  0.0005 27.1102
400 1424 -0.0114  0.0141 40.0961
432 1424  0.0000  0.0000  1.0000
464 1424 -0.0125  0.0032 19.3949
496 1424  0.0000  0.0000  1.0000
528 1424  0.0000  0.0000  1.0000
560 1424  0.0000  0.0000  1.0000
592 1424  0.0000  0.0000  1.0000
624 1424  0.0000  0.0000  1.0000
656 1424  0.0000  0.0000  1.0000
688 1424  0.0000  0.0000  1.0000
720 1424  0.0000  0.0000  1.0000
752 1424  0.0000  0.0000  1.0000
784 1424 -0.0014  0.0099 12.5624
816 1424 -0.4481  0.2418 86.7200
848 1424  0.0000  0.0000  1.0000
880 1424  0.0000  0.0000  1.0000
912 1424  0.0000  0.0000  1.0000
944 1424  0.0000  0.0000  1.0000
976 1424  0.0000  0.0000  1.0000
1008 1424  0.0000  0.0000  1.0000
1040 1424  0.0000  0.0000  1.0000
1072 1424  0.0000  0.0000  1.0000
1104 1424  0.0000  0.0000  1.0000
1136 1424  0.0000  0.0000  1.0000
1168 1424  0.0000  0.0000  1.0000
1200 1424  0.0000  0.0000  1.0000
1232 1424  0.0000  0.0000  1.0000
1264 1424  0.0000  0.0000  1.0000
1296 1424  0.0000  0.0000  1.0000
1328 1424 -0.0074  0.0077  9.4486
1360 1424  0.3079 -0.2690 22.9028
1392 1424  0.0006  0.0763 13.4692
1424 1424  0.0000  0.0000  1.0000
1456 1424  0.0000  0.0000  1.0000
1488 1424  0.0412  0.1018  6.7535
1520 1424  0.0000  0.0000  1.0000
 16 1456 -0.0353  0.1145 21.0000
 48 1456  0.0000  0.0000  1.0000
 80 1456  0.0000  0.0000  1.0000
112 1456  0.0000  0.0000  1.0000
144 1456  0.0000  0.0000  1.0000
176 1456  0.0000  0.0000  1.0000
208 1456 -0.0106 -0.0324 18.7857
240 1456  0.0071 -0.0036  7.5285
272 1456 -0.0420 -0.0020  7.1789
304 1456 -0.1119  0.0225 15.0968
336 1456  0.0089 -0.0087 15.5091
368 1456  0.0000  0.0000  1.0000
400 1456  0.0000  0.0000  1.0000
432 1456 -0.0025  0.0011 22.5717
464 1456  0.0000  0.0000  1.0000
496 1456  0.0000  0.0000  1.0000
528 1456  0.0000  0.0000  1.0000
560 1456 -0.0078  0.0078 10.0742
592 1456  0.0000  0.0000  1.0000
624 1456  0.0000  0.0000  1.0000
656 1456  0.0000  0.0000  1.0000
688 1456  0.0000  0.0000  1.0000
720 1456 -0.0011  0.0670 18443.5000
752 1456  0.0000  0.0000  1.0000
784 1456  0.0000  0.0000  1.0000
816 1456  0.0000  0.0000  1.0000
848 1456  0.0000  0.0000  1.0000
880 1456  0.0000  0.0000  1.0000
912 1456 -0.0127  0.0063 47.1416
944 1456  0.0000  0.0000  1.0000
976 1456 -0.2043  0.1084 31.7963
1008 1456  0.0000  0.0000  1.0000
1040 1456 -0.3294  0.1311 26.6284
1072 1456  0.0000  0.0000  1.0000
1104 1456 -0.0005  0.0012 27.5153
1136 1456  0.0000  0.0000  1.0000
1168 1456  0.0000  0.0000  1.0000
1200 1456 -0.0024 -0.0030 14.0513
1232 1456  0.0000  0.0000  1.0000
1264 1456  0.0000  0.0000  1.0000
1296 1456  0.0045  0.0034  9.9179
1328 1456  0.0000  0.0000  1.0000
1360 1456  0.0000  0.0000  1.0000
1392 1456  0.0000  0.0000  1.0000
1424 1456 -0.0548 -0.0320 13.6335
1456 1456  0.0463 -0.0606  7.9091
1488 1456 -0.2868  0.0031  9.5799
1520 1456  0.0000  0.0000  1.0000
 16 1488 -0.0117 -0.0080 35.6136
 48 1488  0.0000  0.0000  1.0000
 80 1488  0.0000  0.0000  1.0000
112 1488  0.0000  0.0000  1.0000
144 1488 -0.0636  0.2573 16.4062
176 1488  0.2699 -0.4309  9.3077
208 1488 -0.0670  0.2664 33.1176
240 1488  0.1916 -0.0639 30.2333
272 1488  0.0080 -0.0105  9.7037
304 1488  0.0074 -0.0086 15.5513
336 1488  0.2813  0.2657  7.4891
368 1488  0.1425 -0.2763  7.3077
400 1488  0.0000  0.0000  1.0000
432 1488  0.0000  0.0000  1.0000
464 1488  0.0000  0.0000  1.0000
496 1488  0.0000  0.0000  1.0000
528 1488 -0.0014  0.0034 39.3124
560 1488  0.0000  0.0000  1.0000
592 1488  0.0000  0.0000  1.0000
624 1488  0.0000  0.0000  1.0000
656 1488  0.0000  0.0000  1.0000
688 1488  0.0000  0.0000  1.0000
720 1488  0.0000  0.0000  1.0000
752 1488 -0.0078  0.0025 21.4457
784 1488  0.0000  0.0000  1.0000
816 1488 -0.0991  0.1729 125.5769
848 1488  0.0000  0.0000  1.0000
880 1488  0.0000  0.0000  1.0000
912 1488  0.0000  0.0000  1.0000
944 1488  0.0000  0.0000  1.0000
976 1488  0.0000  0.0000  1.0000
1008 1488  0.0000  0.0000  1.0000
1040 1488  0.0000  0.0000  1.0000
1072 1488  0.0000  0.0000  1.0000
1104 1488  0.0000  0.0000  1.0000
1136 1488 -0.0560 -0.0049 12.4128
1168 1488  0.0048  0.0485 17.1395
1200 1488  0.0000  0.0000  1.0000
1232 1488  0.0069  0.0113 23.5657
1264 1488  0.0000  0.0000  1.0000
1296 1488  0.0000  0.0000  1.0000
1328 1488  0.0431  0.0290  8.1234
1360 1488  0.0000  0.0000  1.0000
1392 1488  0.0000  0.0000  1.0000
1424 1488  0.0391 -0.0038 20.3846
1456 1488 -0.1635  0.3308 11.9028
1488 1488  0.0000  0.0000  1.0000
1520 1488  0.0000  0.0000  1.0000
 16 1520  0.2124  0.0056 11.9121
 48 1520  0.0000  0.0000  1.0000
 80 1520  0.0000  0.0000  1.0000
112 1520 -0.0157  0.0045 15.5763
144 1520  0.3476  0.0061  5.4500
176 1520  0.0000  0.0000  1.0000
208 1520 -0.0021  0.0495  7.3553
240 1520  0.0000  0.0000  1.0000
272 1520  0.0000  0.0000  1.0000
304 1520  0.0000  0.0000  1.0000
336 1520  0.0000  0.0000  1.0000
368 1520  0.0000  0.0000  1.0000
400 1520  0.1167 -0.0532 9388032.0000
432 1520 -0.0649  0.0010  9.8936
464 1520  0.0000  0.0000  1.0000
496 1520  0.0000  0.0000  1.0000
528 1520  0.0000  0.0000  1.0000
560 1520  0.0000  0.0000  1.0000
592 1520  0.0000  0.0000  1.0000
624 1520  0.0000  0.0000  1.0000
656 1520 -0.0018 -0.0008 30.8337
688 1520  0.0000  0.0000  1.0000
720 1520  0.0000  0.0000  1.0000
752 1520  0.0000  0.0000  1.0000
784 1520  0.0000  0.0000  1.0000
816 1520  0.0000  0.0000  1.0000
848 1520  0.0000  0.0000  1.0000
880 1520  0.0000  0.0000  1.0000
912 1520  0.0000  0.0000  1.0000
944 1520  0.0000  0.0000  1.0000
976 1520  0.0000  0.0000  1.0000
1008 1520  0.0000  0.0000  1.0000
1040 1520  0.0000  0.0000  1.0000
1072 1520 -0.1643 -0.0001  8.2700
1104 1520  0.0000  0.0000  1.0000
1136 1520  0.0000  0.0000  1.0000
1168 1520  0.0000  0.0000  1.0000
1200 1520 -0.0002  0.0925 15.4516
1232 1520 -0.0008 -0.0026 12.3810
1264 1520  0.0000  0.0000  1.0000
1296 1520 -0.0017  0.1992  9.5000
1328 1520  0.0000  0.0000  1.0000
1360 1520  0.0000  0.0000  1.0000
1392 1520  0.0000  0.0000  1.0000
1424 1520 -0.0119  0.0013 10.5641
1456 1520  0.0000  0.0000  1.0000
1488 1520  0.0000  0.0000  1.0000
1520 1520  0.0000  0.0000  1.0000
  0   0  0.0000  0.0000  0.0000
  0   0  0.0000  0.0000  0.0000
  0   0  0.0000  0.0000  0.0000
  0   0  0.0000  0.0000  0.0000
  0   0  0.0000  0.0000  0.0000
  0   0  0.0000  0.0000  0.0000
  0   0  0.0000  0.0000  0.0000
  0   0  0.0000  0.0000  0.0000
  0   0  0.0000  0.0000  0.0000
  0   0  0.0000  0.0000  0.0000
  0   0  0.0000  0.0000  0.0000
  0   0  0.0000  0.0000  0.0000
  0   0  0.0000  0.0000  0.0000
  0   0  0.0000  0.0000  0.0000
  0   0  0.0000  0.0000  0.0000
  0   0  0.0000  0.0000  0.0000
  0   0  0.0000  0.0000  0.0000
  0   0  0.0000  0.0000  0.0000
