VARIABLES= "X pix", "Y pix", "U pix/dt", "V pix/dt", "CHC", ZONE I=48, J=48
 16  16  0.0002 -0.0018 11.5923
 48  16  0.0016  0.0000 14.8873
 80  16  0.0066  0.0001 17.7643
112  16  0.0048 -0.0033 10.8696
144  16 -0.0007  0.0013 15.1478
176  16  0.0004 -0.0040 21.2080
208  16 -0.0004  0.0007 11.6955
240  16  0.0005  0.0031 15.3322
272  16 -0.0040 -0.0019 12.4166
304  16 -0.0037 -0.0051 12.4166
336  16 -0.0019 -0.0039 14.6408
368  16  0.0012 -0.0019 10.8158
400  16 -0.0038  0.0023 23.3728
432  16  0.0024  0.0026 17.7762
464  16 -0.0030  0.0026 12.6947
496  16 -0.0057  0.0168 13.7906
528  16 -0.4830  0.0015  7.2169
560  16  0.1356 -0.2212 12.2919
592  16 -0.3297 -0.1271  7.5384
624  16 -0.0217  0.2040  9.8334
656  16 -0.2491 -0.0578  9.6086
688  16 -5.0556  1.0042 14.7223
720  16 -5.1578  0.7985 11.7569
752  16 -0.2469  0.0465  9.7099
784  16 -3.0436  0.4564 16.7333
816  16 -0.3154  0.2244 11.1617
848  16 -0.2691 -0.0281  9.9673
880  16 -0.1819  0.1800  9.2782
912  16 -0.1003  0.2192  8.9305
944  16 -0.0295  0.0418 10.8769
976  16  0.0155  0.0207 12.7043
1008  16  0.0075 -0.0497  9.0083
1040  16 -0.0540  0.0546 14.4488
1072  16 -0.1126 -0.0518 19.4650
1104  16  1.7184  0.0047  7.2194
1136  16 -0.0838 -10.6979  5.5008
1168  16  0.2310  0.1654  5.1584
1200  16  0.2507  3.0216  5.0380
1232  16 -0.0347  0.6377  4.8995
1264  16 -2.2086  0.2983  4.6706
1296  16  0.2672 -7.4236  4.2324
1328  16  0.3004 -1.7869  5.6259
1360  16  3.7235  2.2078  5.5162
1392  16 -0.6847 -1.0549  6.1995
1424  16 -0.1700  3.6487  5.9680
1456  16 -1.0528  1.2756 10.1669
1488  16 -1.5193  9.9290 10.5412
1520  16 -0.0771 -3.5735 21.7334
 16  48  3.6937 -0.0139  4.7406
 48  48  0.0039  1.5348  5.0092
 80  48  0.9331 -0.3957  6.1853
112  48  5.5000 -0.0914  5.4094
144  48  2.3246  0.2379  6.3584
176  48  4.2347  1.5638  5.6206
208  48 -0.9196  0.9965  5.7114
240  48 -14.5337 -0.1205  4.8261
272  48 -8.1551 -1.6500  4.8409
304  48  0.0765 -0.0719  6.2882
336  48 -0.1747  7.3189  6.8857
368  48  0.1970 -0.1178 10.5252
400  48  0.0096  0.0022 23.0229
432  48 -0.0448 -0.0035 13.9781
464  48  0.0487  0.0343  8.1037
496  48  0.0357  0.0470  8.9245
528  48 -0.1416 -0.0736 13.0741
560  48 -0.3686 -0.4658 11.9510
592  48 -7.9795  2.8334 10.2393
624  48 -0.1087  1.1831  8.6752
656  48 -0.3891 -0.0788 10.9792
688  48  0.0294  0.4557 10.0890
720  48 -0.2934  1.1995  8.3008
752  48 -0.2334  0.4789  7.2906
784  48 -0.1978  0.4935  9.1809
816  48  0.1362 -3.0219  7.5869
848  48 -0.3261  0.8145  6.9800
880  48 -0.2385  0.3736  8.6743
912  48 -0.2668  1.2524 10.7837
944  48 -0.0685  0.9267 13.6570
976  48 -0.3522  0.0886 10.3182
1008  48 -0.1379  0.1508  7.4630
1040  48  0.0175 -0.0505 10.4945
1072  48 -0.0080  0.0177 10.1007
1104  48  0.0306  0.0088 10.8810
1136  48  0.0580  0.0081 27.7653
1168  48  6.9007 -0.0932  4.6909
1200  48  1.2978  1.0554  5.5334
1232  48  0.1799  1.1936  6.3574
1264  48  0.2391 -4.1886  5.3773
1296  48  0.8682 -0.3949  4.6902
1328  48 -4.6517  0.2221  4.2500
1360  48  0.2869  0.3993  5.2240
1392  48 -2.9396 -4.3531  6.2175
1424  48 -0.2782 -0.0558  5.6191
1456  48 -0.1410 -0.3440  7.7883
1488  48  0.2478  6.2210  8.6809
1520  48  0.2070  0.0923 18.3722
 16  80  0.5796  9.8522  6.4750
 48  80 -0.1490 -1.4449  5.9599
 80  80  3.1587 -3.9334  5.0251
112  80 -0.1893  0.0558  6.2302
144  80 -0.0839 -3.4587  6.7381
176  80  6.5105  6.1406  5.6922
208  80 -6.0666  3.9855  6.4601
240  80  0.1472 13.4746  4.7775
272  80 -7.5079  5.8488  5.0331
304  80  6.1267  0.2576  7.7604
336  80  0.0948  0.0101 20.4573
368  80 -0.0633 -0.0134 15.2684
400  80  0.0613  0.0385  8.7162
432  80 -0.1088 -0.1238  7.6634
464  80  0.0373  0.0030 15.7237
496  80  0.1868  0.4050 10.7908
528  80 -7.4014  2.9918 10.3651
560  80 -0.0408  0.1843 14.2373
592  80  0.0098  2.7718 10.0108
624  80 -0.0426  1.7631 17.2244
656  80 -0.0131  0.2698 23.5481
688  80  0.0616  0.0274 18.4597
720  80 14.3943  0.0999 12.6662
752  80 -2.1388  0.4412 18.6711
784  80 -0.1541  0.2228 13.0810
816  80 -7.0466  3.7632  6.6216
848  80 -5.6883  3.4504 10.0041
880  80 -4.8877  1.2533 11.4142
912  80 -2.1975  2.6244  7.3369
944  80 -0.0029  2.5043 11.2397
976  80 -0.1290  1.3627 12.7839
1008  80  0.0478  1.4349  9.6870
1040  80 -0.0291  0.7768 12.1592
1072  80  0.1079  0.8887  9.1884
1104  80 -0.0409  0.0442  9.1846
1136  80 -0.0026  0.0127 14.6433
1168  80  0.0456 -0.0215 12.9267
1200  80 -0.0284 -0.0818 26.8048
1232  80 -0.1703 -0.0044  5.6895
1264  80  0.0279  1.8031  5.7862
1296  80  0.4249 -0.0821  6.1587
1328  80  0.1047 -0.3088  4.9546
1360  80  0.1971  0.3822  4.9218
1392  80 -0.3307  0.3637  5.1236
1424  80  0.1997  2.9854  6.1488
1456  80 -0.3838  1.8070  5.0599
1488  80 -0.0765 -1.0907  6.3573
1520  80 -0.1645  1.7073  9.5870
 16 112  0.2830 -0.3218  5.0526
 48 112  0.7025 17.9816  5.5782
 80 112 -0.1450 -0.0826  5.6164
112 112 -2.4194 -0.2496  5.5694
144 112 -3.0162  3.7762  4.9668
176 112  1.3828 -1.7508  6.1302
208 112 -0.9448 -0.3726  5.6062
240 112  6.1136 -2.1721  7.6371
272 112 -0.0289  0.1795 12.3557
304 112  0.0307  0.0125 33.0203
336 112  0.0092 -0.0052 11.2504
368 112  0.1438  0.1252  7.4452
400 112  0.2068 -0.1206 14.9641
432 112 -0.3534 -1.2282 12.6710
464 112  3.7820 18.1553  8.9848
496 112 -0.2571  1.5474  8.6436
528 112 -0.0713 -0.4186  5.6044
560 112 -2.8960 -0.1047  6.6740
592 112 -1.1754 -12.4803  7.2684
624 112 15.8005  9.2043  5.7843
656 112 -9.6149  5.4851 12.2572
688 112 -11.1941 10.6641 21.1591
720 112  0.7877 -8.1743  8.1110
752 112  0.0286  4.5748  7.3462
784 112 -0.0767  0.0709  7.5133
816 112 -2.6761 -0.0758  8.9548
848 112 -11.3555  0.3063 16.2539
880 112 -0.3560  5.0293  6.5033
912 112 -0.2840  8.1709 16.0065
944 112 -0.2844  7.2233  8.3526
976 112  0.0806  5.0283 10.4509
1008 112 -3.1436  0.2354 14.6201
1040 112 -0.0221  2.6305 13.2403
1072 112 -0.0858  1.8720 10.2927
1104 112 -0.2116  0.1936 15.8256
1136 112 -0.0489  0.2958  8.0696
1168 112  0.0088  0.0063 14.8531
1200 112  0.0622 -0.0443  7.0512
1232 112  0.0060 -0.0017 26.7336
1264 112 -0.4019  2.5152  6.1059
1296 112 -0.3964 -0.1207  4.9971
1328 112  0.1588 -0.1415  6.2546
1360 112 -3.0456 -0.0678  4.4678
1392 112 -2.1219  4.2492  5.1746
1424 112 -0.3965 -0.3487  4.2313
1456 112 -0.0380 -5.5508  5.7292
1488 112 -3.5604 -5.1668  4.2324
1520 112 -0.3779  0.7873  9.1896
 16 144  2.7848  2.1675  5.7181
 48 144  0.1786 -4.0216  7.3353
 80 144  0.4489  0.6289  6.4616
112 144  0.4003 -9.4137  7.9897
144 144  0.1986 -2.3777  7.4030
176 144  0.1382 -7.0058  5.8468
208 144 -0.0614 -0.1139  7.0248
240 144 -0.1065  0.2104 13.0105
272 144 -0.0045 -0.0170 18.7583
304 144  0.0398  0.0249  8.7379
336 144  0.2088 -0.0558  9.9739
368 144 -0.4783 -0.2001 10.8814
400 144  0.2274  0.1707 14.1022
432 144 -18.2666 10.3157  7.3333
464 144 -6.3957 -18.7084  8.2439
496 144 -1.3570  0.3569  7.6657
528 144 -0.0747 -6.4793 11.3541
560 144 -0.2010 -11.4592  7.5718
592 144  0.2889 -0.2814  8.6442
624 144 -1.0965 -4.0050  5.7700
656 144  1.3556  0.0402  6.1407
688 144 -2.7215  0.4144  5.5055
720 144 18.3022 19.7167  8.3650
752 144 -0.2343  0.4717 11.3711
784 144 -0.2989  3.4311  8.7859
816 144  4.4283 -5.3257  5.7762
848 144  0.0848 -1.1715  6.0157
880 144 -0.2075 10.3775 17.9417
912 144 -16.9790  0.3878  8.5268
944 144 -7.7405  6.3316 13.3794
976 144 -2.9689  7.3851  9.6750
1008 144 -0.1434  3.9094  7.6041
1040 144 -5.9964  0.3864  8.4594
1072 144  0.2774  1.7663  8.1672
1104 144 -0.0607 -0.0281 13.6909
1136 144 -0.0082  0.8594 10.3916
1168 144 -0.1317  0.3470 11.3851
1200 144 -0.0335  0.0652  7.7338
1232 144  0.0211 -0.0171 26.9850
1264 144  0.0237 -0.0018 14.4037
1296 144 -0.2387  0.0344 12.8677
1328 144  0.1886 -6.5648  5.3813
1360 144 -0.0564 -0.1511  6.1429
1392 144 -0.0165 -1.0134  4.5130
1424 144  0.1065  0.3800  4.7543
1456 144  0.0874 -1.6424  4.8149
1488 144 -1.9110  1.0530  4.8721
1520 144  0.3620  1.0520  5.7670
 16 176 -1.0346  0.1436  4.7150
 48 176 -15.5865  0.3374  5.4459
 80 176 -4.1891 -1.9407  6.0353
112 176  1.5798 -0.0098  5.2412
144 176  0.0229  2.2601  6.7043
176 176  0.1353 -2.2912  6.5760
208 176  0.1825 -0.1733 12.6486
240 176 -0.0040 -0.0055 13.1949
272 176  0.0237  0.0121  7.4737
304 176 -0.4734  0.0973 12.0408
336 176 -9.0182  6.0582  7.8795
368 176 -0.2865 -0.7901 12.1511
400 176 -4.1904 -0.0356 10.8828
432 176  8.0512  4.9232  6.0008
464 176 -18.1818  0.5811 11.9306
496 176 -6.0147 -0.7833  5.6801
528 176 -5.9878 -2.7021  6.5100
560 176 -14.9038 13.7495 10.2816
592 176  0.8824  0.8763  4.3866
624 176 17.2631 -0.1760 14.3691
656 176 -15.7759 11.4933 13.0899
688 176 13.8906 17.6402 10.5867
720 176  2.6573 -14.1494  7.4755
752 176 -0.2521 -17.9011  9.1061
784 176 -2.6869 -16.7443  7.9186
816 176  0.0293 10.3504  5.5645
848 176 -12.5191  0.2657  9.6492
880 176 -4.0833 12.3213  6.0235
912 176 -0.2982  5.1807 13.9712
944 176 -0.1853  9.9428  6.1518
976 176 -3.6721  9.8146  7.3493
1008 176 -0.2380  8.9873 10.3801
1040 176 -0.3570  7.6286  7.9490
1072 176 -0.2882  4.0233  7.9266
1104 176  0.2217 10.0965  8.4910
1136 176  2.1459  3.0304  8.1828
1168 176 -0.1966  0.1131  9.2798
1200 176 -0.2377  0.2007 20.8549
1232 176  1.1692  1.7994  7.8886
1264 176  0.0131 -0.0152 38.4646
1296 176 -0.0037 -0.0405 11.0920
1328 176  0.1046 -0.0873 20.2267
1360 176 -2.0274 -1.0954  5.8945
1392 176  0.0287 -0.2379  5.6739
1424 176  0.3755  3.2019  3.9664
1456 176  0.0058 -0.1215  5.3204
1488 176  0.2758 -2.0453  6.1129
1520 176 -0.5376 -2.8271  5.2043
 16 208 -1.6118  0.8842  5.6199
 48 208 -1.0630 -0.1662  5.5096
 80 208 -10.2641 -9.3511  5.6205
112 208  1.2373  3.7110  7.0666
144 208 -0.2221 -0.1558  6.6239
176 208  0.0135 -0.0615 12.6535
208 208  0.0251  0.0414 12.4491
240 208 -0.0623  0.0674 10.6027
272 208 -3.1174 -0.2083 12.7782
304 208 -0.3552 -0.3633  9.1703
336 208 -13.8580 11.9301 15.3007
368 208 -1.6144  0.0427  5.0861
400 208 15.9783  8.7065  8.5555
432 208  8.9048  1.9065  4.0869
464 208 -4.6377 13.3725  7.7639
496 208  8.0747 -0.1763  6.8764
528 208  2.2081  2.9804  5.6538
560 208 14.2852 -0.0513 14.1977
592 208 -0.3227 22.3098  9.1909
624 208  0.3903 -13.4489  8.3465
656 208 -7.9291 -14.3587  8.9555
688 208  0.0758 -8.3906  5.7729
720 208  0.2308  2.2512  7.9311
752 208 -12.4112  4.2696  8.0065
784 208  0.2611  3.1858  8.8692
816 208  0.3800 -12.3514  6.5307
848 208 -0.2878  0.1948  8.0064
880 208 -1.5519 17.6607  9.0956
912 208 -0.0666  0.1638 12.9010
944 208  0.1716 -0.3008  6.3146
976 208 -1.6194 -1.9465  8.8793
1008 208 -0.4639  0.4008 13.8313
1040 208 13.8020 -0.4165  6.6599
1072 208 -5.2444  4.8510  8.3974
1104 208 -0.4498  3.3075 13.0504
1136 208  3.8249  4.3683 10.4414
1168 208  6.7786  9.4357  7.0894
1200 208 -0.2223  0.0500 13.5568
1232 208 -0.1507  0.1037 16.0541
1264 208  0.0003  0.3130  9.3720
1296 208  0.0335  0.0107 29.8095
1328 208  0.0460 -0.0084 10.2408
1360 208 -0.1427 -0.0668 19.1562
1392 208 -0.4186 -0.1393  5.8050
1424 208 -0.1407  2.0354  5.6918
1456 208 -0.3535 -0.1710  4.8161
1488 208 -2.1648 -4.4785  4.2905
1520 208 -0.0799 -0.0704  5.5100
 16 240  0.1944 -0.2546  4.4335
 48 240 -5.4820 -1.6868  4.8452
 80 240  2.5868  0.1343  8.9125
112 240 -1.9254 -0.5608  5.3642
144 240 -0.3345 -0.0753 11.0599
176 240 -0.0171 -0.0138 13.8897
208 240  0.0685  0.1303  7.4570
240 240 -0.2899 -0.0207 10.0838
272 240 -0.2912 -0.2020 10.7137
304 240 -8.0718  2.6983  8.1431
336 240 -14.6879 -3.9653 10.0089
368 240  3.7054  0.0490  9.0804
400 240 -3.8725 -9.0671  6.9289
432 240  1.0676 -17.6629  5.1810
464 240  0.9229 -4.0070  7.4588
496 240  5.5892 -2.4091 11.9160
528 240 -15.3374 21.9503  9.5361
560 240 -0.0175 14.0561  5.1274
592 240 17.8243  4.0586  5.8553
624 240  0.1760  0.0237 10.2827
656 240  8.2534 -0.1539 11.8902
688 240  1.3994 -7.3620  7.3572
720 240  0.0090 -2.1484  6.1057
752 240 13.1273  2.0920  6.3405
784 240 25.5382  7.6883  5.9077
816 240 -0.0208 -9.6142  8.3215
848 240 -16.5383  6.6172  6.2871
880 240  0.0624 -3.0214  9.0594
912 240 17.0977 -8.8276 10.9992
944 240 -9.0727 -20.0401  8.7288
976 240  3.2098 -18.1965  7.3840
1008 240 17.0651 -16.1178  8.5550
1040 240 16.0941 -0.1844  4.6273
1072 240 -2.4192 -17.8559  5.9451
1104 240 -3.2115 -0.1772 14.6259
1136 240 -0.4098  1.1168 13.4426
1168 240 -0.0341 10.6715 10.0877
1200 240  0.1592  0.1753  6.4907
1232 240 -16.6224 -8.0310  8.6690
1264 240 -0.1604  0.3382 11.6756
1296 240 -0.1730  0.2649  9.7959
1328 240  0.0541  0.0251 28.6422
1360 240  0.0011  0.0065 10.7689
1392 240  0.2373 -0.0762  7.5329
1424 240  0.3439 -8.9693  6.7242
1456 240 -1.7197  0.1145  4.8311
1488 240  0.2955 -0.2087  4.3806
1520 240 -0.1597  2.5521  5.4151
 16 272  3.9320 -1.2041  5.4599
 48 272 -0.1558 -1.5977  4.8367
 80 272 -0.1762  3.3698  5.9851
112 272  0.1254  0.0226  7.2658
144 272 -0.0002  0.0014 20.1641
176 272  0.0133 -0.0144  6.9611
208 272 -0.0081 -0.1564 12.4297
240 272 -0.4345 -0.2710 14.1385
272 272 18.4852 -0.1218  7.7073
304 272 -9.6989  8.4683  7.6275
336 272 -21.5603 -23.0056  8.1069
368 272 12.0437 -0.0881  8.1527
400 272  6.0472 -4.9523  6.5697
432 272 -17.5933 -0.2287  5.7896
464 272  1.1127 -5.9693  6.4108
496 272 21.6383 -18.8721  7.6971
528 272 -0.1550 14.1270 11.0019
560 272 -14.5786 13.2071  9.1334
592 272  0.1064 -0.0575 11.8345
624 272 -12.7333 -0.0997  9.8037
656 272 12.0602 -23.7497  9.3016
688 272 -0.1976 -18.4365  8.7042
720 272  0.3870 -15.1626  4.2890
752 272 -0.0210 -0.2232  7.2747
784 272 17.6043  1.2578  9.5967
816 272  4.3806 11.0618  5.8665
848 272 -0.2193 11.7609  6.3075
880 272 -0.2880 13.6903  6.4374
912 272 -10.4964  0.0289 10.2642
944 272 -7.8733 21.3124 15.3774
976 272  0.4467 -0.0028  7.1311
1008 272 -15.7334  0.2477 10.8208
1040 272 15.9828 -7.6025  8.1666
1072 272 -4.2427 18.6710  6.3021
1104 272 -22.3582 -8.1687 13.4927
1136 272 -0.0639  0.5888  6.5060
1168 272  0.0256  0.1160 10.5574
1200 272  2.8449  4.6982  7.8051
1232 272 -0.2072  0.2442 17.2217
1264 272  0.2939 -0.0073  8.7819
1296 272 -0.1350  0.2288 10.6065
1328 272 -0.0396  0.3118  8.0771
1360 272  0.0399  0.0119 46.2945
1392 272  0.0003 -0.0145 14.8985
1424 272  1.6942  0.3345  5.9249
1456 272 -0.2496  0.3116  6.1120
1488 272 -4.1733  3.5184  5.0981
1520 272  0.3353 -0.0126  6.2468
 16 304 -0.0373  0.0284  6.4935
 48 304  0.1463 -0.2300  6.4595
 80 304  0.0279 -1.4013  5.6863
112 304  0.0265 -0.0016 42.5139
144 304  0.0044 -0.0274  7.9583
176 304  0.4039  0.2901 15.3933
208 304 -1.0987  1.8290 11.0642
240 304 -1.0378  0.2437  8.8749
272 304 18.9779 11.3578  8.1913
304 304 -1.6703  0.2219  6.1085
336 304 -12.0876 -0.2273  7.1156
368 304 11.3957 -1.6248  8.4647
400 304  0.1121  0.3246  7.2673
432 304  0.1221 -8.3075  7.1023
464 304  1.9382  0.0660  9.9312
496 304 18.5129 -5.2907  9.7304
528 304 -9.1619 -9.8695  8.5045
560 304  0.0180  0.0377  8.0393
592 304 -0.1443  0.0185 10.1464
624 304 -0.8914  0.3211  6.1815
656 304 -7.8691  4.2397  7.5645
688 304  0.4439 -3.5120  9.0100
720 304 -15.6360 -14.3452  5.5728
752 304 15.7875  0.8191  8.1088
784 304 -10.9224 -0.0176  5.9105
816 304 16.3829 -14.8622  5.4139
848 304  1.8664 -4.2123  6.9676
880 304 10.2672 -0.1621  7.7763
912 304 -6.5731 20.9691 12.7673
944 304 20.6328  0.2469  7.8633
976 304  8.6390 14.9511  7.6334
1008 304 -3.1676 20.0229  9.9504
1040 304 -1.4550 19.0992 12.0362
1072 304  7.9309 -21.7641  5.4843
1104 304 -20.1648  0.0516  6.5639
1136 304 -0.3900 -21.9320 12.2980
1168 304 -0.0405 -0.0254 10.4596
1200 304 -0.1494  0.4560 11.9401
1232 304 -0.1051  8.3748  6.1305
1264 304 -0.4215  0.2708 10.7605
1296 304  2.8230  0.4246  7.5547
1328 304 -0.0822  0.2021 12.1543
1360 304  0.0088  0.0091  7.4675
1392 304  0.0161  0.0101  6.5707
1424 304  0.0271 -0.0333 30.2888
1456 304 10.6439 -15.8596  7.2890
1488 304  0.3802  0.2348  5.4487
1520 304  0.2724 -1.5152  4.7691
 16 336  0.1898 -0.2224  7.9558
 48 336  0.2714 -0.0842  4.9942
 80 336  0.1042 -0.2064 17.4912
112 336 -0.0124 -0.0110  9.7045
144 336  0.0587  0.1709  8.1059
176 336 -0.8390  0.3034  7.1814
208 336 -0.8583 -2.3141 14.7567
240 336 -0.2020 -0.0445 18.9021
272 336 -19.3426 -0.1848  8.2684
304 336 -13.2458 -6.7533  7.5700
336 336 -3.8745  7.3455  5.9405
368 336  4.4055 -16.9118  6.9035
400 336  7.4415  5.0908 11.4577
432 336  0.2540  6.4502  7.5267
464 336 -18.8427 -20.1548  7.9509
496 336 -0.0908  0.1192  8.9974
528 336  0.0428 -11.4228  8.1365
560 336  0.2444 -0.3569  9.3874
592 336 -0.3156  5.9133  7.0244
624 336  0.3112 14.4879  8.6730
656 336 -18.3606 -0.0836  5.4074
688 336  6.8447 -0.3840  6.5425
720 336 -6.2178 13.9622  7.7613
752 336 19.2402 -12.6031  4.6955
784 336 -7.3783 -3.5910  6.3920
816 336 -2.4975 -0.0243 10.6984
848 336 -14.3042 -8.1769  6.0780
880 336  4.1080 10.2057  9.9092
912 336 -10.1261  0.1143  9.6306
944 336 -6.7470  6.7591  6.4943
976 336  6.1758 -12.9852  6.4901
1008 336  0.4552 -21.9752  8.3363
1040 336  2.2726 -20.6497 13.6474
1072 336 -5.7753 -0.1256  6.8836
1104 336  4.4611 -0.3898  7.5200
1136 336  0.0475 -0.0641 13.5448
1168 336 15.2336 -12.2835  7.1320
1200 336  0.3599  0.1450  7.1744
1232 336  1.7319 14.6622  9.7379
1264 336 -0.0280 10.7964  6.6770
1296 336  0.1239 10.2107  4.9308
1328 336 -0.0941  5.2668  7.9984
1360 336  1.6448  3.3033 10.9383
1392 336 -0.0319  0.0032 12.1377
1424 336  0.0514 -0.0869  7.0983
1456 336 -0.0489  0.1700 16.8927
1488 336  0.6875  0.9695  6.0685
1520 336 -0.3890 -1.9218  5.6351
 16 368  3.9321  0.1933  6.9355
 48 368  0.0567  0.0000  4.5125
 80 368 -0.0226 -0.0332 18.9894
112 368 -0.0527 -0.0277  7.4209
144 368 -0.3820 -0.3753 10.5652
176 368 -0.0219  0.2436  9.8351
208 368 -15.8916 18.3163 13.5271
240 368 13.8857 12.1667  6.0761
272 368 -15.8189 14.9505  8.9363
304 368 -11.2568 -18.8967  7.7611
336 368 -0.0630 -7.5320  5.0737
368 368  0.5492 -20.0198  4.5074
400 368 -14.7879 -7.9809  8.7758
432 368 -0.1893 -0.0886  5.9550
464 368  0.1817 -0.0311  9.0974
496 368 -0.6363 -0.1870 10.3109
528 368  0.2875  0.3165  8.5828
560 368 -0.1530  0.3138 12.1015
592 368 21.9136 -6.5686  7.8457
624 368  5.2823  1.9633  8.0628
656 368  0.1705 19.5157 11.7711
688 368  0.3068 15.8895  7.9654
720 368 -0.1992 -0.0511  8.6208
752 368  6.5469 -0.2092  8.4471
784 368 -13.8592  0.3004  6.5153
816 368 -0.1480  0.1283  6.4205
848 368  5.8378 -0.1713  8.9802
880 368  0.1199 -0.0708  6.1593
912 368 -5.8407 -0.0528 11.1138
944 368 -11.2662 -2.8936  7.1831
976 368  9.5386 -0.9433 10.3946
1008 368 -6.8101  9.3416  7.9215
1040 368 -16.9637 -3.4100  7.3760
1072 368 -23.2213 -5.9848  8.4866
1104 368  0.3715  0.3529  7.3235
1136 368  7.1295  4.5174  7.4260
1168 368 -5.5968  0.3197  7.0753
1200 368 24.4730 -21.1818 14.5239
1232 368  8.4566 -0.1147  8.5247
1264 368 -5.6234  0.4493  8.3403
1296 368 -0.1705  0.4100  9.3760
1328 368 -0.4574  0.3648  5.4276
1360 368 -0.2225  0.0003  8.0733
1392 368  0.2385  0.0344 10.5032
1424 368 -0.0319 -0.0531 34.0104
1456 368 -0.0498  0.0010 14.0878
1488 368 -0.2473 -0.0660  7.3841
1520 368  0.2246 -0.6777  5.9602
 16 400  4.8737  0.9583  5.6902
 48 400 -0.0446 -0.0479 26.0868
 80 400 -0.0726 -0.0652  8.8304
112 400  0.0055  0.1417  9.2635
144 400 -1.8536  0.0208  8.4463
176 400 -1.3720 -0.0749  9.3198
208 400 -6.3101 10.7578 22.6951
240 400 -0.3738 -0.3283  8.4705
272 400 -12.3156  0.1930  8.9020
304 400 -0.7600 14.3441 16.5216
336 400 -4.1640 -0.3629 14.9842
368 400 -5.6279  0.2197  9.5867
400 400 22.7167  0.2063  9.9392
432 400 -0.3283 11.8889  5.2034
464 400  0.0760  0.2961  9.6185
496 400  0.0740  0.1668 13.1393
528 400 13.5324  3.1655  7.3544
560 400 -0.3974 -0.0934 12.9257
592 400 -2.0284 -0.1734  6.4340
624 400 -12.5993 -0.1438  7.3093
656 400 -0.1070 -11.3924  9.4523
688 400  5.7535  4.3167  9.1847
720 400 22.9967  0.0267  5.3566
752 400 20.9451 -0.2981 10.5259
784 400 -6.3773 13.0909  9.2688
816 400 -18.7915  4.6287 10.5641
848 400  6.9421 -8.7218  7.0607
880 400  0.2398 -4.2374  9.8989
912 400 -0.2175 -19.9241 10.5036
944 400 -0.4766 -0.0927  5.2545
976 400  5.4937 -6.6244  5.0529
1008 400 10.8685 -15.9716  6.7398
1040 400 -12.9124  4.0282  6.3745
1072 400 -3.3559  8.0037  6.0598
1104 400  0.2647  7.7211  4.7740
1136 400  5.8415  9.5196  4.3010
1168 400 -17.2423 -0.9274  4.4999
1200 400 -0.4811  5.7742 14.6744
1232 400 -1.0475 -5.0172  8.1295
1264 400  0.1268  7.7623 10.6008
1296 400 -0.2122  5.0554 12.0739
1328 400 -0.2353  0.1506 14.0940
1360 400 -0.2574  0.3369  6.4315
1392 400 -0.2151  0.1682 13.3672
1424 400  0.1928 -0.0273  9.8489
1456 400 -0.0336 -0.0292  6.9379
1488 400  0.0555 -0.0660 30.3914
1520 400 -1.5956 -0.3024  5.8787
 16 432 -2.0112 -1.7941  4.5670
 48 432 -0.0106 -0.0062 17.5352
 80 432 -0.0491 -0.2362  8.2175
112 432 -1.7847  0.2050 10.0133
144 432 13.4577  0.2686  5.3885
176 432 -12.7192  1.5863  7.2236
208 432  0.4326 10.2594 16.5702
240 432  0.7328  0.0172  6.8823
272 432 13.1086 -1.0171 10.3508
304 432 -19.8001 -13.2192  9.4571
336 432 15.6518 -3.1809  6.9243
368 432  6.4761  0.0276  6.0410
400 432 22.6572 20.0049  7.4490
432 432  1.7097 -0.2051  9.0353
464 432 -0.1571 10.8435  7.9338
496 432  0.2600  0.4180  8.8431
528 432 20.0711  7.9537  8.5032
560 432 -15.7463 -3.9808  7.4796
592 432  0.2970 -24.5736  6.9573
624 432  3.2761 -12.0442  6.7461
656 432 -8.9545 -15.0694  5.8115
688 432 -8.6922  9.8637  7.6551
720 432 -0.6291 10.2534  6.6937
752 432 20.7617 -3.8428  8.4799
784 432 20.7384  5.8567  4.7793
816 432 -16.3323  8.1303  6.3772
848 432 -24.3891  0.2488 11.0653
880 432  0.4588 -15.9876  5.9908
912 432  0.1872 14.4067  6.5736
944 432  0.0481 11.4170  8.9628
976 432  5.4900 15.5611  6.1932
1008 432  8.2797  4.0301  7.4245
1040 432  1.0649  3.7108  5.3853
1072 432  0.1607  3.7983  7.1575
1104 432 10.1313  0.1595  4.9567
1136 432  1.3612  7.4840  5.4671
1168 432 -21.1888 -0.0943  7.4066
1200 432  0.4700 -8.7886  6.4421
1232 432 17.7827 -20.4676 10.7031
1264 432  0.4420  0.2456  9.6004
1296 432 -4.1397  3.8438  8.3118
1328 432 -0.0059  0.0030  7.5926
1360 432  0.1077  0.1499 21.4726
1392 432 -3.2950  0.3583  6.2161
1424 432 -0.0071  0.0920 11.3468
1456 432 -0.0151  0.0931 27.6103
1488 432  0.0017 -0.0044 12.8660
1520 432  0.0124  0.2308  7.7433
 16 464  0.0102  0.7418 17.7093
 48 464 -0.0502 -0.0517  8.1621
 80 464  0.1482  0.2851  8.9425
112 464 -0.8389  0.0789  9.2265
144 464 -4.8294 -0.1906  6.3574
176 464 -15.8828 -13.0669  7.5399
208 464 -0.1635 -15.7031  8.6441
240 464  6.9170 -0.3428  5.8868
272 464  0.2239 -0.0763 11.9791
304 464 -0.1288  1.3382  5.7731
336 464 -5.3861  0.1115  6.3624
368 464 -3.1364  0.6635  7.1905
400 464 -0.1250  0.0488  6.1056
432 464  0.1064  0.3660 11.0169
464 464 -0.3897 -0.2729  7.3337
496 464  0.3671 -0.2737  7.6712
528 464 17.5968  0.4331  7.1046
560 464 -8.4066 -3.4620  9.3713
592 464  0.2201 -7.5328  9.9307
624 464 16.1892  0.0264  9.1092
656 464 -9.9858  0.0025  6.6362
688 464  5.0000  0.2952  7.6474
720 464  4.7050  5.2504  8.1060
752 464 14.6258 10.6514  7.0553
784 464 -1.2847  0.4272  5.2831
816 464 -0.3676 -0.1166 11.4681
848 464 -15.6308 19.9652  8.2294
880 464  6.2375 20.3673  7.7847
912 464 14.8680 12.1779  5.6353
944 464 -14.7408 18.2507  5.3987
976 464 -0.0544  9.5103  8.9939
1008 464  0.0274 17.6276  9.9909
1040 464  8.9189  2.2602  8.3619
1072 464  0.1755  6.4365  6.0247
1104 464  0.3552  4.1918  6.4581
1136 464  0.2155  0.3120  7.6996
1168 464 -0.4377  7.7180  9.5601
1200 464 -24.1303  6.1795  5.3952
1232 464 -3.6812  0.3509 12.6411
1264 464  0.5382 -4.9069  7.0271
1296 464 -6.9091 -19.4459  7.6137
1328 464 -24.0413  0.0141 10.1533
1360 464  0.0946 -0.1660 12.1500
1392 464  0.0452 -0.0588 12.0198
1424 464 -0.1669  0.2063  7.9606
1456 464 -0.0704  0.2012 10.0031
1488 464 -0.0860  0.0224  7.3525
1520 464 -0.1741 -0.0563 15.4986
 16 496 -0.0030 -0.0353 31.5417
 48 496 -0.0109  0.0019  8.1036
 80 496 -0.2488 -0.1188  7.9738
112 496 -2.8822  1.8772  8.6028
144 496  3.8260  0.0895 12.5323
176 496 -18.5810 -13.2910 11.5159
208 496 -0.0334  0.6628  8.2285
240 496  3.3964 -19.6983  6.6505
272 496  0.1680 11.3661  8.5883
304 496  2.4003 14.6934  5.1099
336 496 -7.8172 13.6037  6.5016
368 496 18.2873 20.2064  6.5816
400 496 24.9034 -8.9607  4.5516
432 496  0.1002  0.3351  7.1592
464 496 -8.0645 -2.8585 10.6744
496 496 -0.3166 -0.3647 12.8837
528 496 -0.1220 -0.2351  8.5541
560 496 -16.4768 -0.0678  6.6867
592 496  0.3198 -0.1025  8.1192
624 496 16.0898 -10.0344  6.0117
656 496 -13.3006 -0.1704  7.0171
688 496 21.6938 14.6981  5.6502
720 496  0.4806 13.5499 10.5710
752 496  9.5575 16.0273  5.6973
784 496 16.7382 17.1652 10.1141
816 496 -0.2261 12.0099  5.8724
848 496 12.8347  6.7463  4.8984
880 496  0.5350 -8.6583  4.7448
912 496  0.7046  3.7906  7.3040
944 496 -15.6210  0.0087  5.2416
976 496 -5.9975 -2.3792 26.5872
1008 496  6.2381 -14.3777  8.6979
1040 496  0.1886 -5.7850  6.9212
1072 496 10.5044 -19.8560  4.5876
1104 496 -14.3695  3.4221  5.0612
1136 496 -4.5346 18.9616 10.0697
1168 496  0.3475 -6.5000 10.7249
1200 496 -0.2206  2.2874 11.1266
1232 496 -8.8229  2.0538  5.7022
1264 496 -0.4818  1.6105  9.0896
1296 496 -18.1482 -12.2182  6.7624
1328 496  0.1275 12.2824 10.1843
1360 496  0.2177  0.1423 14.3720
1392 496  4.8461  0.2115  6.7909
1424 496 -0.5054  0.1504  4.9917
1456 496  0.6711  0.2164  6.5209
1488 496 -0.0594 -0.0001 24.4092
1520 496 -0.0128 -0.0140 20.4297
 16 528 -0.0106 -0.0109 12.2499
 48 528  0.0145  0.0668  8.7607
 80 528 -0.6340  5.8325  7.1605
112 528 -10.2515 -0.3673 10.5157
144 528 -7.0098 -1.7578  6.0203
176 528 -12.7604 18.3294  8.0157
208 528 -19.5116 -2.0046  7.8839
240 528 15.1433 -0.3095  6.7856
272 528 -5.9928 -0.2991  7.6952
304 528 -0.0232 -2.8979  8.4236
336 528 -0.7400 -6.9736  7.3185
368 528  6.6686 -7.5218  6.0844
400 528 -0.0146 14.7997  7.3037
432 528 21.5344  0.0917 12.3452
464 528 -13.0958 -8.0490  6.8762
496 528 20.7983 11.1585  6.8597
528 528 -0.0445  6.0215 10.1871
560 528 -4.4076 14.3089  8.4562
592 528 -13.7373 21.9781  7.2501
624 528  7.1807 23.9412  8.6166
656 528 -3.7087  5.9488  6.6949
688 528 18.5261 -18.4790  5.5536
720 528  2.4718 -15.8510  6.7859
752 528  2.2988 -3.2895  8.7560
784 528 14.1156 -12.9943  8.9654
816 528 -6.0423 -17.8433  5.7752
848 528 -0.3528 -5.7485  3.7016
880 528 -13.5469  0.1412  4.9756
912 528 -2.0599 -0.5021  5.1172
944 528 -18.1369 -5.7103  6.3676
976 528 -14.7745  6.1011  8.1140
1008 528 -0.1604 -8.1495 10.6192
1040 528 -10.8018 -11.0673  8.2510
1072 528  0.3880 -19.9698  6.8181
1104 528  7.8701 -20.5672 16.5705
1136 528 -21.0220 -8.2760  7.0636
1168 528  0.0351  7.5850  6.9755
1200 528 -0.3940 -8.3210 15.6601
1232 528 -10.5756 14.5313  8.6729
1264 528 -21.1041 -0.1526 11.0887
1296 528 -17.9974  0.1942  8.6819
1328 528  5.6663 -0.0126  8.0089
1360 528  0.4194  0.0836 12.4624
1392 528  6.1950  0.4137  5.6190
1424 528 -0.2784  0.0306  5.4228
1456 528  0.6464  0.2434  5.3408
1488 528  0.0936  0.0653 15.5539
1520 528  0.0049 -0.0100  8.8219
 16 560  0.0005 -0.0074  8.8080
 48 560  0.1400 -0.0721 13.9904
 80 560 -5.0193  6.7583  7.7253
112 560 -25.6962 -13.0443 17.8304
144 560 -11.5233  0.1358  7.1928
176 560 10.4088 -15.3463  8.9335
208 560 -13.1123  5.7287 11.7298
240 560 -0.1201 -11.2155  6.6178
272 560  0.2170 -19.6263  6.3587
304 560 19.1536 -13.1398  4.3080
336 560 -3.6285 -14.3218  5.6387
368 560  2.5133 11.4642  4.9765
400 560 10.4865  0.0839  7.1501
432 560 -3.4533 21.6949 11.9775
464 560  5.7995  0.0555  6.2309
496 560  6.3303 -0.0417  8.8729
528 560 -0.0969 -3.5417  9.4787
560 560  9.0539 -2.2471  7.3831
592 560 -0.6893  2.2419  7.3367
624 560 -9.8477  0.1282  8.5284
656 560 -11.8248  4.4915  5.1377
688 560 -10.5850  3.7621  6.7799
720 560 11.1982 -17.1108  8.0010
752 560 -0.2492  7.5406  9.3522
784 560 -5.6388 -0.0139  9.1053
816 560 17.3991 -0.1688 10.8071
848 560  6.1945 -21.2276  4.8620
880 560  0.4392 -0.1169  5.3210
912 560 -2.7613 -15.3041  5.8925
944 560 -11.0919 -13.9724  7.9622
976 560 -14.1069 -0.0795  5.7517
1008 560 -0.0809 -0.1914  8.8680
1040 560 -1.4479  0.3444  5.7447
1072 560 -0.4713  2.2396  6.7896
1104 560  0.0699 -5.2025  5.3071
1136 560 -11.0152  0.0151  5.1757
1168 560  0.2908 -0.2732  9.9221
1200 560 -0.0289  0.2302 11.4519
1232 560 -0.3377 -0.1342  6.8729
1264 560 -26.7428 -0.7074  7.9938
1296 560 -16.2517 17.2009  6.2012
1328 560 13.3750  0.3833 10.1598
1360 560  0.2029  0.3670 12.1210
1424 560  0.1825 -0.0261  7.1979
1456 560  0.2130 -0.0544  6.0476
1488 560 -0.2104  0.3488  9.8349
1520 560 -0.0783  0.0079  8.7006
 16 592  0.0432  0.0946  7.0224
 48 592  0.9624  0.0132 10.3755
 80 592 -0.3413 -0.2956  7.6762
112 592 -0.5510  0.3472 10.3464
144 592 -9.1846  0.2126  8.6277
176 592 -19.4660 -1.3013  8.3170
208 592 -19.1350  1.2410  4.6409
240 592  0.0803  0.0302 10.3621
272 592 -11.3290 -0.3267  6.6307
304 592 -2.9028  0.0934  8.1928
336 592 -0.0346 -0.3441  5.8668
368 592 19.4884 -1.6751  5.6702
400 592 -6.3732 -7.4134  5.4166
432 592 -1.4942 -10.3725  7.3225
464 592 -0.2414 -0.1096  4.1278
496 592  0.1137 10.1362  8.3829
528 592 -19.8835 17.8417  8.3263
560 592 14.2788 -0.3010 10.5110
592 592  0.1698  0.4933  9.2041
624 592  0.6917  0.0261  6.3887
656 592 -13.0330  0.2236  6.5238
688 592 -18.2370 -14.7544  6.2754
720 592  2.2361 13.4676  9.0408
752 592 -0.0387 -8.5354  8.7961
784 592  0.2407  0.3149  5.3983
816 592 -3.9449 -1.8657  6.3675
848 592  7.6030  0.0361 12.7155
880 592  1.2937 -10.3894  6.3648
912 592 -3.4578 -4.4456  4.9570
944 592 13.9867 -9.7601 12.8508
976 592 -12.1332  0.2179  5.4267
1008 592  0.2316  9.0236  9.3690
1040 592 -11.4147  0.2326  4.2071
1072 592 -0.3236  4.9673  5.7907
1104 592 -3.7850 -0.9950  8.6181
1136 592  1.6022 -3.0336  6.9361
1168 592 -0.0358 -0.3300  7.6521
1200 592  0.0989 -0.0556 12.6010
1232 592  0.1770 -0.1977 13.0835
1264 592 -26.4764 -11.9816  9.8071
1296 592 -0.1393 16.5481  9.1114
1328 592  5.7569 12.3483  4.6486
1360 592  0.0549 -0.0004 14.6532
1424 592  0.3462  0.0046  5.5179
1456 592  0.0630 -0.0429  9.4176
1488 592  0.0878 -0.0989  7.1569
1520 592 -0.1425 -0.1661 14.2669
 16 624  0.0614  0.2217  7.4806
 48 624  1.2052  0.2841  5.9517
 80 624  2.6954 -3.4670 10.4496
112 624 -6.6203  0.0284  7.1920
144 624  7.0997 -0.1728  5.2543
176 624 -0.9322 -3.6784  8.7464
208 624 -13.8549 -6.7676  5.0587
240 624 -0.2491 13.6648  8.8246
272 624  3.6077 -3.5366  7.1062
304 624  6.0670 -18.7995  7.4825
336 624 -5.3925 -7.4415  5.0546
368 624 -0.2419 -13.0982  9.4179
400 624 13.8902  0.3151  5.6409
432 624 -0.4964 -0.0430 10.4403
464 624  0.2550 -6.2755 13.6537
496 624 15.1101  0.3768  6.7156
528 624 -16.5229 -9.9454 10.4004
560 624 -8.2476  0.0040  9.1516
592 624  9.0731  0.3214  5.9939
624 624 -7.9814 -1.6620  5.6762
656 624 -7.6002 13.1792  5.9969
688 624 -4.7415 13.7531  8.8329
720 624  3.6670  0.2357  7.6578
752 624 -0.4717  6.1880 13.5192
784 624 -1.1045 -0.1887  4.7253
816 624 10.4496  0.1950  4.7170
848 624 -11.8750 -3.6110  4.8643
880 624  0.2001  2.0073  6.0784
912 624 -0.2247 -6.3666  4.5522
944 624  4.7017 -20.0869 15.5740
976 624  9.7622 -4.3092  8.3476
1008 624 -3.5665 -0.9590  5.6152
1040 624 -3.3107 14.0981  4.8718
1072 624 -3.3712  0.0832  5.8503
1104 624 -0.2506  0.3043  8.5045
1136 624 25.5956 -9.7413  9.2318
1168 624  0.0212 11.3489  7.4863
1200 624  0.1685 -0.2233  9.7913
1232 624  0.1820  0.3258 10.6511
1264 624  0.2211  0.4283  7.9002
1296 624 -0.2949 -0.0259 11.8493
1328 624 -4.9009 -10.8136  4.5546
1360 624 -0.0892  0.1579  4.7009
1424 624  0.1630 -0.1788  4.6407
1456 624 -0.2799  0.2832  6.4513
1488 624  0.0144  0.0054 11.9696
1520 624 -0.0306  0.0067 12.0901
 16 656 -0.3573 -0.3053  4.8125
 48 656 -0.7886  0.2687  9.1742
 80 656 -3.6937 -0.0498 10.6099
112 656 -13.9993 -13.0054  6.5819
144 656  8.2712 -0.1482  8.7922
176 656 -9.4622 -13.2870 13.4262
208 656 -0.0901 -0.2471 10.3687
240 656  0.1554 22.7879  8.2391
272 656 -26.0925  0.3759  6.6752
304 656 -16.8362 -7.0476  6.7085
336 656 -0.0610 -15.7390  9.0218
368 656 -0.3806  0.0980  7.7238
400 656 23.8502 -0.2002  5.3338
432 656  0.1670 -0.0250  5.3744
464 656 18.0481  3.8615  5.7072
496 656 15.9643  7.4867  4.8535
528 656 -2.6586  0.1063  5.8043
560 656 -1.5864 -0.2033  5.7674
592 656 11.2685  0.1029  6.2900
624 656 -7.8987  2.8077  5.5034
656 656 -0.3613  8.3796  9.5619
688 656 -16.6935  2.4795  6.8756
720 656 -4.2279  3.0929 13.6638
752 656  0.1435  0.1942  4.5364
784 656  7.0941 -3.9993  5.9085
816 656  0.6950  1.5591  5.4043
848 656 -0.0854 -0.6992  4.2290
880 656 -2.8517 -0.5205  5.3858
912 656 -0.1287  0.3579  6.9156
944 656 -0.1230  5.8633  6.3084
976 656 -2.4052 18.9800  8.4579
1008 656 -0.0140 22.7043  7.6207
1040 656 -16.0174 -0.1476  5.5686
1072 656 -7.1796  0.2655  5.6973
1104 656 12.5017 -14.2624  5.7800
1136 656 21.8035  3.5099  7.0476
1168 656 -0.2435 -0.0812  9.9089
1200 656  0.1231 -0.4329  9.8105
1232 656 -0.1128  0.2472  6.9979
1264 656  0.1570 -0.1859  8.0868
1296 656 -0.4703 -7.9192  9.7202
1328 656  0.1421  0.4569  4.2182
1360 656  0.0129 15.5764  4.7538
1456 656 -0.0181  0.2944  5.1973
1488 656  0.0740  0.0049  7.6912
1520 656 -0.0079 -0.0431 28.7425
 16 688 -0.0238 -0.0269 17.4188
 48 688  0.0578  0.1371 11.1965
 80 688 -5.2886  0.0952 10.0401
112 688 10.0655  4.7436  5.1154
144 688  7.9846 -0.3619  6.7131
176 688 -8.9383  5.6314  9.2789
208 688 -0.0514 -0.0007  9.2093
240 688 -4.4359 -4.5037  6.5817
272 688 -18.3814  0.0263  7.0196
304 688 -8.9052 15.8381  5.3403
336 688 -0.0218 20.0691  6.1872
368 688 -14.0646 10.8922  8.2135
400 688 16.1414 13.5080 17.4280
432 688 -0.0618  0.1301  5.7939
464 688 17.8192 -14.8427  6.2192
496 688 15.9469  0.2016  5.3743
528 688 -16.0971  0.3661  5.0378
560 688 -13.0591  3.7563  5.1062
592 688 -2.3854  0.2197  5.4901
624 688 -0.0654 22.5888  5.8511
656 688  5.8326  0.1080  5.9086
688 688 -4.2458 -1.9062 13.4289
720 688 -0.1996 -1.6427  6.6417
752 688 -0.0367 -1.3638  5.7623
784 688  6.2652  0.2898  7.8217
816 688 -0.4067  0.0407  3.9107
848 688 -0.1822 -1.4112  6.1466
880 688  0.0711  1.6154  8.7786
912 688 -5.3371  0.0167  6.2771
944 688  0.0924 -0.0028  7.0989
976 688 -0.2163  1.9061 14.4221
1008 688  0.1725 -0.3396  7.1727
1040 688 -10.0719 -0.1171  5.4517
1072 688 -0.0561 -0.2666  7.0545
1104 688 -0.4595 23.5834 12.6022
1136 688  0.6551  3.3957 11.3494
1168 688  0.0002  0.1563 11.2888
1200 688 -0.0926  0.2146 10.1085
1232 688 21.6616 16.1513  7.9576
1264 688  0.1459 -0.0177 10.9548
1296 688 -0.0595  0.2150 11.3184
1328 688 -0.6693  5.3415  5.7566
1456 688  0.1231 -0.0672  4.8508
1488 688  0.0038  0.0027  5.5120
1520 688  0.0039  0.0409 16.5653
 16 720  0.0167 -0.0572 37.0004
 48 720  0.0970  0.8208  9.9289
 80 720 -1.4121  0.3976  8.5460
112 720 19.5485 -0.2463  6.2027
144 720 -7.7512  7.7396  7.2876
176 720  0.5606  3.1970  9.7547
208 720 24.1945 -0.5106  7.2535
240 720 12.7464 -19.1031  5.8045
272 720 -0.1313 -0.1567  7.3611
304 720 -5.9708 12.4718  5.2955
336 720 15.8849  6.2712  6.3466
368 720  5.7128  3.3774 10.9274
400 720  6.3255  0.1888  6.2972
432 720 -3.8730 -4.0036  6.4299
464 720  0.1120 -2.9075  6.2533
496 720  7.6379 -2.1882  6.5155
528 720  0.1031 -23.7236  7.0193
560 720 -3.0214 -0.3302  4.6528
592 720  9.0862  0.7835  4.2256
624 720 13.6889 -3.6302  4.5855
656 720 -13.1660 -6.9954  4.2357
688 720 -6.7396 -1.1841  5.7670
720 720 -6.9212  7.2604  5.1645
752 720  3.8113  3.1834  5.5946
784 720 -3.1274 -0.0401  6.2123
816 720  0.9283  1.6974  4.9380
848 720 -0.2221 -1.3838  4.1825
880 720 -2.0630  5.8403  6.4939
912 720  0.1977  1.4866  7.3614
944 720  0.1028  3.7591  6.0355
976 720 -0.0252 -1.2061 10.1285
1008 720 20.2759  0.0230  9.0706
1040 720 -2.9831  0.0679  5.5858
1072 720 -1.7100 -0.0326  7.7560
1104 720 -2.6140 -8.7701 19.0266
1136 720 20.3243 12.1088 19.0464
1168 720  0.0779 -0.1319  9.7173
1200 720  0.1146  6.6894  5.6213
1232 720  8.0410 -15.7120  6.1043
1264 720  0.1860 -0.0772  9.0783
1296 720  0.0296  0.0366  9.4073
1328 720 -0.5000 -0.3922  5.6033
1488 720  0.0796  0.1600  5.1113
1520 720 -0.0578 -0.0737 23.3990
 16 752  0.0283 -0.0340 27.3216
 48 752  7.3100 -3.2567  7.8337
 80 752  2.3065  0.0914 13.0398
112 752 -5.2411 -0.1813  6.9363
144 752 -6.3662 13.9034  8.5189
176 752 -8.4195  4.6478  6.5369
208 752 -3.3280 -3.3257  6.5555
240 752  0.3688 -12.9375  8.3523
272 752 -0.0223  0.1622 10.3137
304 752  0.8745 -0.1853  6.0921
336 752 19.1450  0.2302  6.1750
368 752 -2.3911 -3.0643  5.7044
400 752 -1.6592  1.8647  7.4822
432 752  0.0578 -4.3150  4.5359
464 752 -12.4651 -18.0510  7.5581
496 752  3.1680  0.9452  4.9461
528 752 -0.0765  0.4765  4.2808
560 752 -0.2934 -1.9842  4.2776
592 752  2.1106  0.1471  5.5738
624 752  6.8612 -7.7609  5.6221
656 752  1.3587 -13.1775  4.9207
688 752 -10.9811 -4.7966  5.1374
720 752 -6.6110  0.2211  5.4216
752 752  7.0000 -5.2296  4.8211
784 752 -0.8207  1.8761  4.5947
816 752 -0.4789 -0.9160 11.0059
848 752  2.2061 -9.7365  4.6412
880 752  0.4397  0.0643  7.5603
912 752  1.5054 -0.2850  5.6069
944 752  0.2308  0.4798  7.0386
976 752  0.0334  1.6491  8.7132
1008 752 -0.4345 -0.6274  9.1303
1040 752 -13.4191 -0.0377  4.7496
1072 752 12.2989  4.7457  7.9742
1104 752 -15.2101  3.6703  8.6718
1136 752 -0.0097 -2.6932  9.2392
1168 752 -0.2652  3.0058 10.8851
1200 752 -0.3835  0.2146  9.3744
1232 752 -0.1558 -12.2889  5.5823
1264 752  0.2362 -2.6152 10.8458
1296 752 -0.0564 -0.0181  9.4993
1328 752 -2.5000 -0.0347  5.9234
1520 752  0.0037 -0.0185 16.8861
 16 784 -0.0149 -0.0175 12.8589
 48 784 16.3459 -4.1334  9.7658
 80 784 -0.2060  0.2411 14.9758
112 784 -15.7036  0.1269 13.2174
144 784 -20.1068 -18.3711  5.3298
176 784 -9.9232 -10.9036 11.0640
208 784 16.5257 -12.5377  5.7027
240 784 16.1102 -5.5771  5.9911
272 784 -7.3360 17.3725  7.1990
304 784 -1.5199 -0.4341  5.1894
336 784 -13.3226 -1.6890  9.3116
368 784 -2.2503 -0.9335  6.7501
400 784 -15.8655 -7.9308  5.3104
432 784 -10.3356 -11.4069  6.1131
464 784 -5.4077  2.2787  4.8131
496 784  5.8764 -13.9440  6.7664
528 784  0.0842 -0.0428  4.8393
560 784 -1.3923  0.0389  5.4225
592 784  2.9261 -2.9628  5.9519
624 784  0.0046 -4.1519  4.5481
656 784  3.4211 -3.8378  4.1057
688 784 -0.3462  8.8827  5.1286
720 784  2.0387  1.5465  4.6391
752 784 -0.9248 -11.7139  5.0394
784 784 -4.0456  0.3547  6.0596
816 784  0.1328 -2.9597  5.6323
848 784 -0.1691  7.6940  4.5379
880 784  0.9219  0.0126  7.9597
912 784 -0.0278  1.8982  5.7942
944 784  2.6481 -0.1525  8.5827
976 784  0.3628 -0.2850  6.3667
1008 784  0.2559  0.1009  4.9160
1040 784 -16.9640 11.3510  7.5641
1072 784 20.1008  1.9432 10.3278
1104 784 -0.2295 -24.1678 26.7766
1136 784  0.0060  0.1299  8.2157
1168 784 -0.2694 -0.1322  7.8979
1200 784 -0.1856 -0.0115  9.4598
1232 784  0.0985  0.0357  6.4004
1264 784  0.3046  0.1124  7.8023
1296 784  1.9467 -0.7875  6.3773
1328 784  0.1967 -0.3176  9.1524
1520 784 -0.0612 -0.1306 25.2624
 16 816 -0.0144 -0.0085 101.4432
 48 816 -1.0350  0.0675 11.7078
 80 816  0.0306 -0.2187 10.2860
112 816 -6.2215 -0.1293  7.6305
144 816 -2.9884 -1.5147  6.7451
176 816 -12.6536  8.0564  6.6135
208 816 -1.8510 -0.0857  8.9758
240 816  0.0030 -0.0193 10.1674
272 816 14.8004 -7.9993  6.9716
304 816 -7.9613  0.2112  7.2054
336 816 -21.3635 -0.2073 10.2654
368 816  0.3945 -4.7998  8.4058
400 816 -7.8924  0.0551  5.0057
432 816 -6.3657  0.0447  5.6307
464 816 -3.2003 -7.1546  5.7043
496 816  0.1613 -0.1111  7.0730
528 816 -1.6625 -0.0235  4.7193
560 816  0.0411  0.0812  5.3709
592 816 -3.6521  2.6118  4.2692
624 816 -0.0000 -0.1434  4.2248
656 816 -1.9374  0.8253  4.9838
688 816 -0.3167  0.3435  4.6144
720 816 -3.2627 -1.2450  5.2176
752 816  0.0243  4.8840  6.0660
784 816 -8.0673  5.3134  5.0482
816 816  2.0029 -4.7020  5.0602
848 816 -0.3405  3.1657  5.6123
880 816  0.1432 -0.9879  5.1709
912 816 -0.5672 -0.1910  5.6716
944 816  0.1016 -0.3253  5.5292
976 816  0.2222 16.0803  7.2507
1008 816  5.1188  2.1594  5.0736
1040 816 -1.1376  8.4594  9.3186
1072 816 -4.5870 16.7936 11.6928
1104 816 -2.0385 -0.0037 13.9252
1136 816  0.0230 -0.1357 11.0943
1168 816  0.0315 -0.4749  6.9250
1200 816  5.1945 -16.3074  7.2937
1232 816 -0.1381  0.2212  6.9936
1264 816 -0.0478 -0.4446  7.3641
1296 816 18.0406 -16.7327  8.3102
1328 816 -0.0307 -0.2575  7.5563
1520 816 -0.0272  0.0463 23.4550
 16 848 -0.0756  0.0189  6.9002
 48 848 -1.5469 -0.0783 11.1633
 80 848  0.0457  1.3843  8.7392
112 848 -4.7490  0.0516 13.2880
144 848 -0.2422  0.3189  8.9067
176 848  0.2351  3.8677  8.4027
208 848 -0.1627 10.8750  8.5448
240 848 -4.6054  0.2740  5.5615
272 848 16.1896 -5.6266  4.4583
304 848 -8.8267  0.0368  8.1730
336 848 -1.4275 17.7641 12.9577
368 848 -11.7880 -14.5998  4.7294
400 848 11.4095 -0.0355 15.0496
432 848 -0.0764 13.0077 10.2394
464 848 -9.4450 14.2655 10.9551
496 848  0.0261 -15.1829  5.6033
528 848  0.0407 -4.3894  5.0368
560 848 -3.5992 -0.4765  4.1670
592 848 -0.1340  2.2673  4.5402
624 848  0.7286  7.1389  4.8600
656 848  7.6989  6.7302  4.2039
688 848 -0.1731 -7.2540  4.7166
720 848 -0.1373 -1.0509  5.2434
752 848 -0.6959  0.1536  4.9409
784 848 -2.6731 -1.4814  5.2601
816 848  0.3039  0.2417  4.8457
848 848 -0.0866 -1.5388  5.0991
880 848  1.2590  0.0539  4.9139
912 848 -6.0321  4.7999  5.4050
944 848  0.0891 -2.6548  9.7231
976 848 -3.2198 -0.0196  9.5007
1008 848 -0.0561  0.1365  5.4720
1040 848 -7.3673  9.6957  8.8791
1072 848 -21.0228 25.8957 11.5566
1104 848  0.2065  1.9335  6.6903
1136 848  5.1841 -2.7505 11.9595
1168 848 12.5068 -10.9041 11.3017
1200 848 -0.0199 -0.0023  6.0519
1232 848  8.4626 -15.6886  6.9039
1264 848  0.3210 -0.1412  6.3434
1296 848 -0.0732  0.4267  7.3738
1328 848  0.3966  0.0447  7.5411
1424 848  0.0311  0.2337  3.8959
1488 848 -0.1172 -0.0662  4.2212
1520 848 -0.0092  0.0305 15.8866
 16 880 -0.2911  0.2289  5.6794
 48 880  0.3770 -0.2503 10.4187
 80 880 -0.2359 -0.1402 13.1883
112 880  9.1311 -11.4023 11.5419
144 880 -5.1412  0.3089  5.3120
176 880 -11.4063 -9.5890  7.6044
208 880 -5.2492 -0.2527  5.6872
240 880 -0.0322  9.8434  7.9542
272 880 -0.0108 16.2629  7.4334
304 880 -0.3157 -1.4045  6.7385
336 880 -18.7419 -6.4072 11.7306
368 880  0.3491 -3.0361  6.2507
400 880 15.6037  0.1525  8.8568
432 880 -0.3096  3.9250  6.2247
464 880 -16.5959  0.2478  7.9816
496 880 -23.1415 -7.7869  4.8414
528 880  3.5241 -9.8880  6.2002
560 880 -0.1559  5.1141  4.8261
592 880  0.0987 -5.6387  4.9384
624 880  0.0867  1.5493  5.0379
656 880 -2.8044  1.4249  4.8000
688 880 -2.5605  0.1430  4.2323
720 880  0.2542  0.2262  4.3397
752 880  0.1030  2.0193  5.2710
784 880  1.9158  0.9059  5.5035
816 880  5.2969  0.4845  4.7848
848 880  0.2354 -8.0987  4.8401
880 880  2.0633 -1.6759  5.2959
912 880 -0.2221 -0.3987  4.7805
944 880  0.0785 -0.2293  7.4276
976 880 -0.1629 -2.5396  5.6259
1008 880 -0.4188 -19.5962  6.0800
1040 880 -17.0431 -19.5023  6.9908
1072 880 -17.7881 -0.1957  5.3767
1104 880 -0.3464 -16.2160 15.9130
1136 880  0.3680  0.2336  5.9999
1168 880 -6.7114 18.3867  5.5991
1200 880  6.4415 10.6897 15.2864
1232 880 19.0526  8.1296  5.7977
1264 880  5.4544  0.0142  7.1013
1296 880  1.1047  0.2225 10.3525
1328 880  3.5378  0.4013  5.2498
1392 880 -0.0124  0.2444  5.0333
1424 880  0.0577  0.0339  5.5678
1456 880 -0.0908 -0.0278  5.4558
1488 880  0.4965  0.0781  5.1814
1520 880 -0.0061  0.0134 21.8325
 16 912 -0.0584 -0.0211  6.2082
 48 912  0.1473  5.4979 14.5061
 80 912 -4.7777  0.2667  9.0927
112 912  0.6500 16.1785  8.9330
144 912 -0.3228  6.2164  8.1899
176 912 -0.4254 -5.6155 16.7569
208 912  0.0494 -11.9831 10.7918
240 912  0.3541 -0.1474  7.4351
272 912 -8.2502  5.9241  4.5750
304 912  0.2595 13.0368  9.2005
336 912 -14.8624 -0.4323  7.7593
368 912  0.7847  7.8031  6.9234
400 912  0.0690  0.0184  7.8756
432 912  9.7575 -0.2001  8.3176
464 912 -21.2420 11.7056  6.8836
496 912 -21.8822  5.2505  6.1763
528 912  0.1880  3.6808  6.3760
560 912 -0.0548 -2.5245  6.0556
592 912 -0.0345 -6.8321  4.8301
624 912 -0.1282  0.2014  4.2949
656 912 -2.3402  0.0464  4.2814
688 912  2.1422 -0.8552  4.2373
720 912  0.4421 -0.1738  5.0843
752 912  0.1726  1.7911  4.7802
784 912  1.2854 -12.7945  6.3389
816 912  0.3704 -8.4039  5.4444
848 912  0.1625 -13.3733  6.0423
880 912 18.3559 -14.6589  7.4767
912 912  0.0126  0.3552  5.2830
944 912 -0.1550 -11.8060  5.9857
976 912  0.3834 -12.5154  5.8450
1008 912 -0.1170 -2.3023  6.7843
1040 912 -0.0342 -0.3788  8.1390
1072 912 -7.1109 -12.3632 12.2550
1104 912 -0.0485 -15.1160  6.0189
1136 912  2.0935  1.2837  5.2514
1168 912 -0.2888 -5.4415  5.9930
1200 912 -0.0989 10.9493  6.3316
1232 912  4.4847  6.7749  6.8197
1264 912 21.4911  0.0593  5.9842
1296 912 -10.4737  0.0595  5.3389
1328 912  1.6279  3.9691  5.7274
1360 912 -8.0292  0.1399  5.9607
1392 912  6.7703  0.3628  5.8704
1424 912 -0.2758  0.0248  6.1293
1456 912  0.0318  0.0737  6.9137
1488 912 -0.2803 -0.0604  6.3596
1520 912  0.1041 -0.0242 14.0477
 16 944  0.0400 -0.0561  6.8208
 48 944 -0.0968  0.0023 11.9045
 80 944 -2.9296  0.3217  9.9815
112 944 -1.2207 -5.1226  5.5175
144 944 -3.6849 -0.2266  7.3487
176 944 -0.0373 -9.1958 17.4438
208 944 -11.1194  3.6417  4.6576
240 944  0.0653 -1.2201  7.9632
272 944  0.2486 -7.7532  7.6222
304 944 -10.7000 -0.7900 10.3569
336 944 -5.0456 -6.2270 13.7849
368 944 -10.2131  0.3058  6.9417
400 944 -23.1078 -3.9471  6.0027
432 944 19.6208 -18.6441  9.5737
464 944  8.0591  5.4058  5.4515
496 944 -8.1978 18.3597 10.2954
528 944 -5.0243 17.6136  4.7692
560 944 -5.7235 -0.3751  5.5381
592 944  0.2201  0.9046  5.1418
624 944 -3.2061 -3.8492  4.4602
656 944  0.6245  2.2843  4.1838
688 944 -0.2526  2.1238  6.5440
720 944  1.8570  0.8144  5.1531
752 944 -0.0620  0.3528  4.5453
784 944  2.9743 -3.1117  5.0216
816 944 -0.1110 -4.1039  6.4550
848 944  7.9699 -5.8031  5.1162
880 944  0.0463 -11.5824  4.7465
912 944 26.8373 -7.1607 12.8073
944 944  1.6769 -0.3042  5.6239
976 944 -0.1100 -3.2088  5.2734
1008 944  0.0568  0.0267  8.1047
1040 944  3.5489 15.9375  5.4831
1072 944  0.2119  2.0781 14.6271
1104 944 -0.2682 -0.1184  5.5231
1136 944 -1.1040 -8.6787  4.9629
1168 944  0.3650 -0.1862  6.5990
1200 944  7.5202 -3.2350  4.6217
1232 944 -9.6021 -0.2263  4.8483
1264 944 13.5308 -8.2299  3.4501
1296 944 13.7891  3.9027  4.3181
1328 944  8.1661  6.9298  4.5482
1360 944 -2.5284  0.2324  8.8454
1392 944  0.0296 -0.2983  7.9848
1424 944 -3.3931 -0.0769  5.2442
1456 944  0.5667 -0.0030  7.2195
1488 944 -0.1777 -0.0770  7.2557
1520 944 -0.0323 -0.0424  9.8840
 16 976  0.0131  0.0230  8.6516
 48 976 -1.0217 -0.1342  7.0372
 80 976 -1.9296  0.2060  6.8258
112 976 -0.3745  0.3447 18.9152
144 976  3.9808  9.8696  8.6504
176 976 -0.4058 14.2811  8.8620
208 976  6.5654 -6.9150  7.7566
240 976 -0.3359 13.9275  8.3110
272 976 -0.3699 -0.0291  4.6951
304 976 -23.2287 -0.0806 10.3210
336 976 16.5527 -9.5026  7.5760
368 976 14.5202 -2.6440 12.0334
400 976 -5.9676 17.2382  5.9418
432 976 -3.7813 13.6107 11.6125
464 976 23.8151 -17.1363  9.1751
496 976  3.5296 -19.1198  9.7663
528 976 -8.8673 17.9869  5.2111
560 976 -8.1320  0.1980  4.6494
592 976 -0.3072 -7.7136  5.9280
624 976  4.0298 -0.2703  5.6670
656 976 -0.0604  4.0077  5.3986
688 976  0.0445 -0.3427  4.7897
720 976 -2.7805 -7.7306  5.2675
752 976  0.1150 17.4444  7.0917
784 976 -9.1941 -5.8764  5.6630
816 976 -2.8412  1.7745  4.5686
848 976 -1.0218  8.5678  4.7358
880 976  1.6822  0.4532  4.4968
912 976 23.2440 -0.0252 10.5724
944 976  0.8180  0.9712  5.4643
976 976 -0.2219  0.0921  6.6257
1008 976  2.2439 13.4618  6.0593
1040 976  0.3340  2.2647  8.8590
1072 976 21.7999  2.6118  4.2729
1104 976 -1.9818  0.3157  5.1196
1136 976 -3.3696 16.2017  6.0594
1168 976 -0.1858 12.4439  4.3396
1200 976  0.4010 18.1014  7.9636
1232 976 -0.0703  9.6239  3.8936
1264 976  9.3316  9.1922  4.1933
1296 976  0.0381 10.0539 10.4650
1328 976  0.3792  0.3552 11.3295
1360 976 -0.1764 -0.0465 17.4724
1392 976  0.1742  0.4760 11.2149
1424 976 -1.0191 -0.2695  5.1504
1456 976 -0.0933  0.4682  6.3590
1488 976  0.0261  0.0744 11.8851
1520 976 -0.2402 -0.0066  7.0188
 16 1008  0.0160 -0.0499 15.2758
 48 1008 -0.0099  0.0535  7.3992
 80 1008 -1.6175 -0.0466  7.1114
112 1008 -1.7531 -0.0771 10.0313
144 1008 -0.1142 -18.9458  7.7620
176 1008 -12.0107 -10.5819  7.0600
208 1008 -0.9281 18.5410  6.8579
240 1008 -0.2844  0.3736  9.9209
272 1008 -17.3189  0.4945  6.3860
304 1008 15.8890  0.3404  8.1211
336 1008 -14.3674 18.0601 11.4735
368 1008 22.0950 -6.7814  6.6221
400 1008 -5.8268 17.6986 10.9247
432 1008 -0.1969  0.9580  7.4792
464 1008 -0.2841 -14.8469 10.1333
496 1008 -0.4980 -15.2433  6.6495
528 1008  7.9406 14.9310  8.6596
560 1008 -4.4222  5.3940  8.5477
592 1008 -16.1787 -2.0847  6.8763
624 1008 17.1359 -8.2150  5.8894
656 1008 -0.8628 -0.0066  8.7643
688 1008 -0.6239 -9.2629  8.5730
720 1008  9.6193 -10.9075 11.4824
752 1008 11.4242 -0.3170  9.2811
784 1008  0.2727 19.1140  7.1967
816 1008  0.0220 23.0596  7.8874
848 1008 -13.3679 26.0880 12.1556
880 1008 11.9038  7.8811  6.0924
912 1008 -0.0077  4.6184  5.3708
944 1008 -1.9777 -2.0719  5.2353
976 1008 -0.1844  8.3420  5.8707
1008 1008 -0.0931  9.5201  6.3533
1040 1008 -2.1693 18.8251  7.1504
1072 1008 -10.0263 -9.1814  3.8710
1104 1008  6.3878  3.0122  5.8994
1136 1008  0.3783  0.1100  8.8684
1168 1008 -0.0033  1.6734 11.4069
1200 1008 -0.3466 21.9614  4.5474
1232 1008 -0.8598  0.4670  5.6990
1264 1008 -0.3653  0.0088  5.7232
1296 1008 -0.3831 -0.2864 13.4857
1328 1008 -2.5122  0.1181  8.7141
1360 1008  0.1418  0.0035 19.5650
1392 1008 -0.3138 -0.0624  8.6574
1424 1008  1.9162  0.2885  5.9684
1456 1008 -0.1114 -0.1148  5.7261
1488 1008  0.0342  0.0619 42.2950
1520 1008  0.0012  0.0155 10.3929
 16 1040 -0.0212 -0.0164 47.1040
 48 1040 -0.0161  0.0091  7.9859
 80 1040 -0.0999  2.8217 15.7000
112 1040 -2.7366 -0.1469  9.6150
144 1040 -0.0314  0.2951 15.7110
176 1040 -0.1481  6.1451 10.9284
208 1040 -0.1138  0.2588 11.5932
240 1040  0.4401 -0.4335  8.7256
272 1040 -11.4197  0.3453  7.0996
304 1040 -0.3027  4.9003  5.2026
336 1040 -8.1590  0.3462  6.9746
368 1040 12.2539 -9.5417 12.2782
400 1040  6.5433 -7.6742 11.3288
432 1040 -0.3664 -8.9432  9.3087
464 1040  9.5582 -2.7539  7.4717
496 1040 14.1622  3.3428  6.6176
528 1040 -7.0967 -13.7898  5.9666
560 1040  2.2367 -0.0580  5.8702
592 1040 -3.4279  8.0730  5.7037
624 1040 -15.5127  0.0177  4.9048
656 1040  0.0803  0.0721  8.1277
688 1040 -11.7551 11.9985  7.8202
720 1040  2.8733  7.9736  4.3213
752 1040 12.9772  0.8417  9.9911
784 1040 10.5521 -0.1826  6.7273
816 1040  2.3668 -13.1482  8.4053
848 1040 -4.2446  5.3463  4.6336
880 1040 -22.9385 21.9720  9.5247
912 1040 -2.7664 -0.5470  5.5302
944 1040 -0.3330  5.0344  5.8864
976 1040  0.1568 16.8622  4.6911
1008 1040 -0.6568 21.1569  8.6013
1040 1040 -9.4800  3.7598  9.3891
1072 1040 23.3539 13.3205  7.7851
1104 1040  0.4372 14.2800  5.0972
1136 1040 -11.5572 13.4152  4.2439
1168 1040  0.4380 18.0622  7.1713
1200 1040 -10.2780  0.3795  4.9270
1232 1040 -16.0890 18.3314  7.0694
1264 1040 -0.2238 -0.0458 17.9887
1296 1040 -6.1227 -8.3946  9.0696
1328 1040 -19.0301 -17.3052  9.8175
1360 1040  0.3004 -0.0611  8.5695
1392 1040 -0.0400 -0.0112  6.1737
1424 1040  0.3207  0.3862  7.7049
1456 1040  0.0675  0.0997  6.5205
1488 1040 -0.2842 -0.1432 10.9742
1520 1040  0.0232  0.0010 31.5829
 16 1072 -0.0388  0.2582  8.1149
 48 1072 -0.0136  0.0286  9.6851
 80 1072 -0.1801 -0.0032  7.1748
112 1072  0.1976 -0.0077  5.9389
144 1072 -1.6090  0.1408  9.1395
176 1072 -0.0540  0.1903 14.3548
208 1072 -1.7732  4.7643  7.6347
240 1072 16.1474 -14.5661  4.4656
272 1072 -0.0272 -0.3354  6.1896
304 1072 -18.5834  0.0051  7.2903
336 1072  3.7938  6.0759  8.2752
368 1072  7.3055 -0.7513  5.1577
400 1072 -5.8532 -2.4660  9.4965
432 1072 -2.0986 -7.9153 10.7181
464 1072 13.8967  3.0150 13.0970
496 1072  2.5564  1.7061  5.4343
528 1072 -0.0993  4.3033  6.3999
560 1072  3.8600 10.7311  6.8685
592 1072 -20.4611 24.7026  8.2304
624 1072 -17.8551 12.2327  8.1447
656 1072 -14.4265  4.5035  6.0790
688 1072  5.4892  2.4415  4.5131
720 1072 24.9817 -0.3412 10.2254
752 1072  5.3378 15.3328  7.1361
784 1072 -0.7964 14.4136  4.9381
816 1072 22.6161  1.0212  8.7116
848 1072  0.1486 -15.8311  5.2196
880 1072 -20.4908 -15.0235 11.1267
912 1072 -0.1182  2.8521  5.6867
944 1072 -0.2791  2.0009  7.6504
976 1072  0.1653 10.7052 18.9961
1008 1072 -7.3563 -1.1269  6.1086
1040 1072 11.2871 -1.7211 11.6679
1072 1072  0.0815  5.1532  9.7706
1104 1072  4.7076  0.2799  6.0527
1136 1072 -0.3654  0.0972 10.7816
1168 1072 -9.5513 -18.7236 10.1303
1200 1072 -4.2880 -8.0484  7.9108
1232 1072  3.2850  6.4624  9.3032
1264 1072 -0.0152  0.2358 10.1300
1296 1072  0.0434  0.2303 11.8576
1328 1072 -0.0917 -0.2030 21.6877
1360 1072  8.8130  0.2480 12.2293
1392 1072 -2.1911 -0.1275  6.7688
1424 1072 -0.0225  0.0441  9.9177
1456 1072 -0.0025 -0.0000 14.5408
1488 1072 -0.0952 -0.0676  7.2673
1520 1072  0.0067 -0.1591  7.7400
 16 1104 -1.8773 -8.0747  4.6326
 48 1104 -0.0319  0.0092 29.2704
 80 1104 -0.0617  0.1060 10.8149
112 1104 -0.7283 -0.1046  6.4627
144 1104 -1.5984  0.2579  7.6192
176 1104 -0.3228  0.2832  6.8392
208 1104 -6.1280 -4.5539  6.4401
240 1104 -0.2027  0.3505 14.0466
272 1104 -0.0336 -0.5592  6.3712
304 1104 -0.2609 -13.1536 10.9281
336 1104 -0.0551 -10.9199 15.6513
368 1104  7.8565 -0.1031 11.1195
400 1104  0.2572 -0.3181  7.7901
432 1104 14.6726  6.8806  7.9127
464 1104  5.3166 -4.7915  6.8017
496 1104  0.0687  2.1725  4.9990
528 1104 -1.5879 -0.1256  4.6109
560 1104  7.7534 -0.0290  4.8251
592 1104 -0.2281 -0.2366 12.2576
624 1104 -0.0507 10.6482  8.8731
656 1104  4.4216 16.2793  6.0322
688 1104 -10.2493 -1.1945  7.6946
720 1104  7.9229 -0.2809  6.3757
752 1104  5.0717 -6.9835  6.1607
784 1104  3.2573 -0.2804  4.9410
816 1104 -9.6299  0.5739  7.4652
848 1104 -0.2895  0.0652  4.8844
880 1104  4.8794 -6.9627  4.6111
912 1104  0.9810  4.2343  5.3743
944 1104  0.2754 -10.9280  4.9803
976 1104  0.9680 -0.3278  5.3825
1008 1104 -4.7548 -12.3978 15.4191
1040 1104  4.5901 -14.9666 15.1426
1072 1104 -0.0454 -8.3791 10.5990
1104 1104 -0.0406 -0.3609 14.5037
1136 1104  4.8614 -2.9893  7.2425
1168 1104  9.9291  0.2703  9.4678
1200 1104  0.2080  0.1298 10.0726
1232 1104 -17.3396 -12.1150  6.4884
1264 1104  0.1013 -0.1427  8.6402
1296 1104 -12.5752 -0.0075  8.0725
1328 1104  0.0019  6.9226 10.8806
1360 1104 15.3451  0.2410  4.0084
1392 1104 -0.0777 -14.5394  8.4109
1424 1104  0.2805  0.1689  7.3789
1456 1104  0.0935  0.0321 42.5629
1488 1104 -0.0152  0.0280 17.9222
1520 1104  0.0254  0.3271  6.6698
 16 1136 -1.8012 -0.1032  5.6131
 48 1136  0.1563  0.4567 11.9775
 80 1136  0.0138  0.0023  9.3832
112 1136 -0.4873  0.3465  6.9617
144 1136  0.0322 -0.0210 19.3796
176 1136 -1.3130  0.3343 12.1830
208 1136 -0.1960  1.3011 11.5422
240 1136  0.2144  0.2120  8.1900
272 1136  0.1557 20.5947  9.9038
304 1136  0.1992 -7.5091  9.1408
336 1136 -5.4770 16.2599 12.0590
368 1136 -0.2873 18.5710  6.8798
400 1136 25.2806 15.6988  5.6951
432 1136 -11.5686 19.8551  7.3707
464 1136 -13.3943 -4.5078 13.8465
496 1136 -1.8270 -6.9651  9.3843
528 1136  3.2407  0.2015  4.0118
560 1136 25.2858  0.3584  6.9239
592 1136 -0.2234 11.6443 10.3058
624 1136 21.5030 14.2368  8.4910
656 1136 -0.2840 -0.2539  7.0977
688 1136 -18.6623  4.9913  7.2844
720 1136 14.0674 -3.7777  8.4627
752 1136 -6.6266 -17.2837  8.1942
784 1136  5.2481 -21.8428  8.3983
816 1136 20.2590 -1.3933  6.7405
848 1136  0.6519  0.0378  4.1847
880 1136  0.9327  0.4296  5.0942
912 1136  1.5962 -5.1860  5.1222
944 1136  2.4346  0.0622  4.9883
976 1136  2.5859 -6.0958 33.2913
1008 1136 -4.9381  6.3299  8.9831
1040 1136 -0.0053 -18.4005  6.2731
1072 1136 -0.3452 -0.8371  8.9734
1104 1136  0.1304 -1.4483  7.4468
1136 1136  1.4422 -12.5064  7.0554
1168 1136  5.6074 -2.9265  6.0617
1200 1136  1.9219 -4.4385 13.6172
1232 1136 -0.3734  2.5631  9.6937
1264 1136 -1.5547  0.0071 16.0376
1296 1136  7.8881  0.6114  8.9084
1328 1136  0.3213 -12.3959  8.9944
1360 1136 -6.1319 -0.0011  8.0266
1392 1136  0.2970 -1.2220 11.5925
1424 1136  0.1846  0.2626 15.0026
1456 1136  0.0000  0.0134  7.1537
1488 1136  0.0083  0.4330 12.7957
1520 1136  0.4828 -0.1437  5.4249
 16 1168 -0.0803 -0.2557  5.7470
 48 1168 -0.1014 -0.6518  5.3611
 80 1168  0.0080  0.0207 37.5599
112 1168  0.1027 -0.1429  8.5665
144 1168  0.1190  0.4846 11.3028
176 1168 -1.7895  0.2501 12.9277
208 1168 -0.1591  5.4201 11.4341
240 1168 -5.7780  0.0848  6.9652
272 1168 -0.1659  0.0178 14.2750
304 1168 -0.0436 10.2144 10.1697
336 1168  6.0792 -11.7899  5.8340
368 1168 -0.4346  6.0352 10.5789
400 1168 16.8421 -20.8526  6.7857
432 1168 -2.6014 -21.2969  7.6034
464 1168 -19.9461 -17.8684  9.3979
496 1168 -12.7420 10.7105  9.4952
528 1168  0.3409  0.1625  6.3911
560 1168 19.7252 -1.7976  6.6648
592 1168 -0.3942 -0.1970  4.6803
624 1168 15.7412  6.8229  5.7612
656 1168 -9.4524 -0.1087  6.5079
688 1168 -19.9249  7.8792  7.2343
720 1168 -0.8879 20.1889 12.9821
752 1168  0.4598  4.8982  4.6927
784 1168  8.1339  2.1941  5.3244
816 1168 14.0489 -14.6718  4.1933
848 1168 -0.2874 -15.5689  7.7500
880 1168 -0.1823 -3.7489  5.1205
912 1168  6.6601 -11.8675  4.6523
944 1168  6.3583 18.1899  8.6776
976 1168  0.3486 -7.3069  6.4837
1008 1168 -0.1647 -9.6806  7.9735
1040 1168  6.0031 -10.4647 11.2471
1072 1168  8.5465  2.6745 11.8837
1104 1168  1.8705  4.6627  8.1158
1136 1168  0.0998  0.2581  7.4791
1168 1168  0.2416  0.2082  7.0426
1200 1168 -2.3312 -16.3157  4.9184
1232 1168  0.2358 -0.0072 12.4944
1264 1168  3.9669 -3.0007  8.8114
1296 1168 -2.5808  6.8179 12.9529
1328 1168  0.8508  0.2952  9.0438
1360 1168 -1.5908 -0.7205  8.4936
1392 1168 -0.0535 -0.0314  6.0654
1424 1168  0.0849  0.0865 12.7886
1456 1168  0.0179 -0.0034 21.9077
1488 1168  0.1898 -2.5471  7.7429
1520 1168  0.3048  0.7638  7.5351
 16 1200 -0.0622  0.1125  6.8410
 48 1200  2.5282  0.1118  6.7474
 80 1200  0.3730 -0.1519  7.8282
112 1200 -0.0086  0.0355 12.5287
144 1200  0.1337 -0.1803  7.9574
176 1200  0.0894  2.9153 11.6088
208 1200 -9.6954 -15.4091  6.7006
240 1200 -0.0636 -0.1651 12.1882
272 1200 -6.2832  0.0372  7.1326
304 1200  4.3295 -16.4093  7.9458
336 1200 -6.4232  0.2480  7.7072
368 1200 -0.2646  2.3478  8.1608
400 1200  6.9026 -4.0928  6.6187
432 1200 -14.9157 -15.3211  9.0406
464 1200  2.4716 -3.8518  6.0227
496 1200 -0.1646 -4.6337  7.0538
528 1200 -8.6652  0.3013 13.7731
560 1200 -0.2206  7.0093  4.6426
592 1200  6.8773 -21.9996  6.1468
624 1200 -0.1011 -0.8675  8.2694
656 1200 -0.1754  0.1898  9.8521
688 1200  0.2953 13.9699  9.1667
720 1200 -0.3581  7.0499  5.3560
752 1200 -15.9079 12.7434  5.7465
784 1200 -0.3485 11.3063  6.2048
816 1200 22.6895  2.4140  5.9847
848 1200 -0.2916 -7.8039  5.4076
880 1200 13.1351 -0.2224  4.6459
912 1200 -6.7267 -1.0906 12.0508
944 1200  0.0688 -20.2871  5.5461
976 1200 -11.4916 -0.4006  7.8925
1008 1200  3.8838 -9.7354  9.5434
1040 1200 10.9584 -7.0590 11.7373
1072 1200 15.8605  2.2628 10.0500
1104 1200 -3.0423  0.3355  9.0101
1136 1200 -15.9181 -23.0942 11.0034
1168 1200  0.2477 -17.7583  8.8091
1200 1200  4.7166  0.2116 13.1886
1232 1200 -3.4740  3.9325 11.7815
1264 1200  0.0213 -0.3811  9.8409
1296 1200 16.5110 -21.9611  7.1676
1328 1200 17.0234 -2.8247  6.4953
1360 1200 -0.0924  3.1997  7.0526
1392 1200  0.0436  0.0797 33.4108
1424 1200 -0.0333 -0.0227  9.4939
1456 1200  0.1425 -3.5604  5.5438
1488 1200  0.1909 -0.3057  4.6268
1520 1200 -0.1706  2.0000  5.9290
 16 1232  2.2804 -0.4032  4.9817
 48 1232 -6.6333  0.2838  6.4743
 80 1232 -0.4564 -8.1004  7.1949
112 1232  0.0711 -0.0241 31.3815
144 1232  0.0228 -0.0087  8.9346
176 1232 -1.4125 -1.5528  5.5058
208 1232 -2.9036  0.1027  6.9838
240 1232 -2.9663 -0.0439  7.3292
272 1232 -0.0053  8.4348 11.3494
304 1232 -0.4104  0.0662  7.1384
336 1232  0.1521 -18.4649  5.4570
368 1232  2.8482 -0.1122  6.6789
400 1232  0.2279 16.5642  7.6073
432 1232  7.7406 -14.7391  6.4101
464 1232 -4.3257 -0.6504  8.3275
496 1232  0.2098 -1.6367  7.0955
528 1232 -2.6767  1.5641  5.5880
560 1232  0.0583  0.1256  8.8202
592 1232  1.4488 -1.7921  4.5567
624 1232 20.1327 -24.6263 12.4225
656 1232  4.3288  0.4169  7.6796
688 1232 -0.0716 -0.0441  9.6277
720 1232 -0.1237  0.0865  9.1750
752 1232 -12.1763  3.8425 11.2757
784 1232 -0.4440  3.0788  4.2882
816 1232  0.0513 -7.5849  7.3876
848 1232  4.1567  2.2098 12.9163
880 1232 17.4226  6.4533  9.9494
912 1232  6.4442  0.4031  5.9503
944 1232  1.9457  0.0828  9.9555
976 1232 -0.2007  0.1323  9.4592
1008 1232  1.2798 -3.6185  7.1544
1040 1232  4.8428 -11.3150 19.3598
1072 1232  0.2091 -17.5537  9.2951
1104 1232  0.1812  0.2716 22.3218
1136 1232  0.3548  0.2663 10.7548
1168 1232  0.0743  1.6226  8.8374
1200 1232  2.1729 -0.2285  7.9814
1232 1232  0.5292 -2.2188 12.5902
1264 1232  6.2664  2.3426  7.2294
1296 1232  0.3036  7.9767  6.1954
1328 1232  0.1659 -0.3109 14.8896
1360 1232  0.0016  0.0117 10.6964
1392 1232 -0.2241 -0.0312  7.4604
1424 1232  0.0551 -0.0133 39.5112
1456 1232 -2.6076  0.0000  7.1056
1488 1232  0.5551 -0.0782  7.4119
1520 1232  0.0875 -0.0332  6.9381
 16 1264  1.3194 -0.1148  6.9698
 48 1264 -4.5762 -0.9167  8.1011
 80 1264 -0.0271  0.1257  7.1627
112 1264  1.2614  5.5810  7.3841
144 1264  0.0277  0.0069 46.1121
176 1264 -0.0154  0.0005  8.5793
208 1264 -0.0552  0.2119 15.8022
240 1264 -0.2233  1.2638 10.2691
272 1264 -0.1377  0.7197  8.5910
304 1264 -0.2708  5.1286  7.4647
336 1264 -0.4025  0.8964  7.3085
368 1264  0.0168 10.6884 11.3630
400 1264 -3.6441 11.5842 12.0288
432 1264  0.3864  1.6924  8.8627
464 1264  8.4870 -13.9740  6.2794
496 1264 -0.0069  0.2304  8.8422
528 1264 -4.7061  0.0391  8.1583
560 1264 -15.8619 19.0696  7.5121
592 1264 -2.3125 11.1569 12.1596
624 1264 23.8795 -11.6864  8.0627
656 1264  9.0395 -17.0654  9.1568
688 1264 10.4819 -21.7630  4.5108
720 1264 -0.4665  0.0371  7.1168
752 1264 -3.1053 -17.6985  7.7798
784 1264 -21.6523 -9.8743  7.7072
816 1264 -10.8877 -0.1067 11.7681
848 1264  0.4132 16.1792 10.1048
880 1264 -0.0999 10.6617 12.5100
912 1264 -3.3899 -22.0084  6.3698
944 1264 -8.0733 -22.5877 10.2551
976 1264 -0.2167 -20.5457  6.8949
1008 1264 -0.6606 -0.0972  7.0506
1040 1264  5.3968  0.1660  9.0639
1072 1264  0.0591  0.1373 25.0604
1104 1264 -2.4686  0.0804  8.8349
1136 1264 -0.4686  3.4303  6.8429
1168 1264  4.3647 -0.1428 11.0849
1200 1264  0.0837 -6.4985 13.2508
1232 1264 -2.2677 -10.0276  5.3411
1264 1264  0.1624  7.0834  6.2897
1296 1264 -4.7842  7.6976  9.0300
1328 1264  0.0437  0.0871  7.0793
1360 1264 -0.4096 -0.2843  6.2194
1392 1264 -0.0122 -0.0384 27.7695
1424 1264  3.8464 -3.2886  5.4885
1456 1264 -0.3640  2.9186  5.7542
1488 1264 -0.6771  0.2129  4.4240
1520 1264  0.2949  0.2671  5.4280
 16 1296 -3.5317  1.4704  5.4653
 48 1296  7.6878  7.7916  6.3924
 80 1296 -1.7673  0.2521  5.9185
112 1296 -8.0076 -0.1011  7.4061
144 1296 -0.0350  0.6110  9.4065
176 1296 -0.0175 -0.0134 28.3970
208 1296  0.0065  0.0101  8.6358
240 1296 -0.9308  0.0989 10.1930
272 1296 -2.0535  0.1668 13.5374
304 1296 -0.2606  0.3592 10.4596
336 1296 -0.3311  5.4920  6.6267
368 1296 -0.2426  4.7511 10.0044
400 1296  7.1509 -0.3545 10.2629
432 1296 -0.3365  7.0573  8.6848
464 1296  5.9833 -0.0828  6.3788
496 1296 -0.4251 16.3076  7.9215
528 1296 -6.4669 -14.7183  7.5630
560 1296  7.7769 -15.2290 11.3287
592 1296 -5.2829  0.6349  8.9987
624 1296 -16.1127  0.4926  5.2306
656 1296 -0.0326 -5.2135  7.5178
688 1296  4.1173 -2.0047  9.0977
720 1296  0.1743  0.0466  9.4302
752 1296  0.2497 -1.4112 10.4307
784 1296 -10.7888 12.1078  7.8755
816 1296 -4.2584  4.3703  6.2384
848 1296  2.2426  0.3473 12.6361
880 1296 -4.5626 -0.0192  8.4376
912 1296 17.1809 -0.4927  5.8596
944 1296  1.8523 -1.1563  6.5364
976 1296 -0.0003  0.1238  9.8200
1008 1296  4.3618  5.0282  6.5716
1040 1296  4.3738 20.1634 10.5897
1072 1296 -0.3048 -8.3086  9.0800
1104 1296 -12.5474 13.6179  6.3568
1136 1296 -3.2955 12.8956  7.2300
1168 1296  3.5980  1.7146 11.8368
1200 1296 -2.2583 11.2045  8.9694
1232 1296  0.4145  2.1042  7.9382
1264 1296  1.0646  0.1904  9.6661
1296 1296  0.1463  0.1238  6.1053
1328 1296 -0.0461  0.0854 40.2612
1360 1296 -0.0609 -0.0211 17.7740
1392 1296  2.4232  0.0022  5.2126
1424 1296  1.7221 -2.8243  5.2252
1456 1296  0.1429  0.2536  5.1755
1488 1296 -0.2093  2.9377  4.6955
1520 1296  0.6212  9.7773  5.5814
 16 1328 -4.3854 -1.8203  5.2757
 48 1328 -8.1421  0.1898  5.3169
 80 1328  1.1558 -13.8523  6.6610
112 1328  0.2944  3.5783  5.7418
144 1328 -0.0146  1.0801  8.4403
176 1328 -0.0714  0.1430  7.3768
208 1328 -0.0274  0.0193 24.9959
240 1328  0.0475 -0.0247  8.6236
272 1328 -0.3954  0.2954  7.5702
304 1328 -0.3978  1.2696 10.4114
336 1328 -0.3492  0.4792 13.3844
368 1328 -0.6712  3.7380  9.4401
400 1328 -0.1973  4.9531 12.2275
432 1328 -1.1403  8.0527  7.6602
464 1328 -0.3726  7.6202  5.6627
496 1328 -3.7282 10.4001  9.9492
528 1328 -0.1878  2.7233  8.5405
560 1328 -4.6665 15.6788 11.3355
592 1328 -0.1902  0.2692  6.2499
624 1328  0.0959 -0.2271  7.0498
656 1328 -0.2949 23.1315  7.6029
688 1328  0.0873 21.7793  8.1407
720 1328 14.8305  0.2426 11.8983
752 1328 -12.4310 18.8717  5.7413
784 1328  0.2323 -13.6873  6.5587
816 1328  4.3659 -4.0087  4.5079
848 1328 -0.2733 -4.7788  7.5343
880 1328 -19.4815 -12.7940  7.8798
912 1328 15.5156 -0.0285 12.6223
944 1328 -0.2382 12.5923  8.6491
976 1328  8.1974 17.7976  8.2442
1008 1328 -2.1971 -0.0349  7.2244
1040 1328 -2.0022 -15.8034  6.9698
1072 1328  0.1595 -0.0546  7.1600
1104 1328 -0.2678 -5.5373  7.8544
1136 1328 -0.3180 12.0472  5.6502
1168 1328 -0.3222  5.4504  7.7317
1200 1328  0.2267  2.4378  7.0639
1232 1328  0.0304  0.0510 12.3737
1264 1328 -0.0675 -0.0175  6.3703
1296 1328  0.0419  0.0408 54.3966
1328 1328 -0.0397 -0.0250 16.1881
1360 1328 -0.3006 -0.8954  6.3198
1392 1328 -0.4063 -0.1042  6.3532
1424 1328 -1.9062  2.0686  4.5151
1456 1328  1.5399  0.3588  4.9508
1488 1328 -0.2215 -0.2091  5.1274
1520 1328  0.1283 -0.4972  5.7465
 16 1360 -6.6724  0.4276  5.0832
 48 1360  2.5681 -0.8983  8.9353
 80 1360  0.1729  0.0112  5.0236
112 1360 -8.1573 -6.3466  5.8726
144 1360  0.0000 -10.8362  8.0954
176 1360 -0.6000 -2.7059  6.6028
208 1360 -0.7882  0.0685  6.6963
240 1360 -0.0118  0.0298 28.7679
272 1360 -0.0450  0.0397  8.6397
304 1360 -0.2673  0.0471  7.3929
336 1360  0.1552  0.6998 11.3789
368 1360 -0.3427  2.2127  9.6003
400 1360 -0.9004  3.1636 13.9709
432 1360 -0.0680  3.7604  9.1580
464 1360 -0.2185  5.6728  9.0375
496 1360 -8.2121  2.0045  7.6443
528 1360 -0.0207  7.8978 10.5525
560 1360 -0.0754  8.8036  8.6040
592 1360 -0.1087 11.7536  4.3451
624 1360 -4.9386 14.0660  8.4637
656 1360 -0.3326  0.0918  7.8066
688 1360  0.0114 -4.3042  8.7027
720 1360 -12.6788  2.6364 11.2109
752 1360 12.5409  4.0644  7.7211
784 1360 15.5671  8.8759  7.0381
816 1360 11.4470 12.6504  7.1339
848 1360 -2.7551  8.2102  9.9851
880 1360 -18.5177 -0.2986 11.5636
912 1360  2.3407  0.3270  9.1348
944 1360  6.1450 -14.6822 10.3690
976 1360  0.2818 -3.4548  8.5784
1008 1360 -0.3383 -7.4184 19.0263
1040 1360  4.7226  3.7646  9.1420
1072 1360  0.4282  8.2914  9.6753
1104 1360  0.2267  1.3364  8.4200
1136 1360 -12.3825 -14.2958  6.1328
1168 1360  0.2809  0.2481  7.4490
1200 1360 -0.2221 -0.0727  8.1851
1232 1360 -0.0145 -0.0123  7.8111
1264 1360 -0.0761 -0.0397 10.7222
1296 1360 -0.0181 -0.0342 18.9230
1328 1360  2.3373 -4.7907  5.2312
1360 1360 -5.8398 -0.1154  5.1968
1392 1360 -3.6659  0.2335  5.0750
1424 1360  0.0337  1.6087  4.7085
1456 1360 -0.2540  2.4278  4.5689
1488 1360  0.9222 -0.0027  4.1036
1520 1360  1.5927 -0.0835  4.7475
 16 1392 -4.5096  1.0718  5.2306
 48 1392 -9.2221  1.3261  5.4583
 80 1392  4.0261 -19.7038  4.8948
112 1392  0.2697 -1.7102  7.7001
144 1392 -0.9641 -2.7493  6.8824
176 1392 -0.2295 -3.3611  4.6494
208 1392 -8.3486 -1.0239  4.2097
240 1392  1.8993 -4.2679  5.8819
272 1392  0.0151  0.0031 42.6363
304 1392  0.0170 -0.0173  9.6898
336 1392  0.0783 -0.0223 13.0696
368 1392  0.1787  0.6519  9.9738
400 1392 -0.2193  0.4575 11.8105
432 1392 -1.3602  1.0259 20.1306
464 1392 -0.5798  2.8391 10.5444
496 1392  8.2429 -0.2583  8.9338
528 1392 -5.9417  0.1277 10.4956
560 1392 -0.3747  0.2364 11.6656
592 1392 -0.1548  3.1724  8.6275
624 1392 -0.1842  0.4349  9.9422
656 1392 -0.2317 -7.4812  7.6139
688 1392 -0.4887  6.6175 11.2843
720 1392 -0.3008  8.9870 10.5276
752 1392 -11.4347 10.2433 12.2819
784 1392 -0.1613  8.1410  8.1474
816 1392  4.1314  3.5566  7.3971
848 1392  1.8344 -3.1914 11.3419
880 1392 -0.4658 10.6903  9.9935
912 1392 -0.4460  6.1178  6.8618
944 1392 -0.2654  3.6907 13.5037
976 1392 -0.0467  0.4521 12.0767
1008 1392  2.0558 -3.0546  8.5073
1040 1392 -1.8471  0.0586 11.5706
1072 1392 -5.9078  5.2536  7.8703
1104 1392  3.8472  0.3100  8.0684
1136 1392  0.0665  0.1643 10.0645
1168 1392  0.1934  0.0276  5.1505
1200 1392  0.0324  0.0147 14.5719
1232 1392 -0.0351 -0.1021 11.0011
1264 1392 -0.0224 -0.0452 29.5605
1296 1392 -1.9663 -3.2795  6.5960
1328 1392  0.0409 -0.0784  5.0585
1360 1392 -0.0349 -2.0878  6.3015
1392 1392  0.2458 -0.7649  4.9407
1424 1392 -1.6225 -0.5649  4.2515
1456 1392  0.8566 -0.2295  4.4296
1488 1392 -0.1302  0.1625  4.8407
1520 1392 -0.2381 -7.4214  5.2995
 16 1424  0.0366 -6.2144  5.2226
 48 1424 -0.1327  2.2064  5.6222
 80 1424 -11.2015 -4.0656  5.8328
112 1424  0.0469  1.1115  6.4483
144 1424 -6.0773 -10.7075  6.9629
176 1424  0.1784  1.0933  6.9889
208 1424 -0.2399 -7.8354  5.1734
240 1424  3.3025  2.0929  4.6294
272 1424  0.1082 -7.7785  4.5561
304 1424  0.0706 -0.0126 30.8987
336 1424 -0.0043  0.0121 14.4642
368 1424  0.0083  0.0059  9.5433
400 1424 -0.3011  0.3401 11.1860
432 1424 -0.7988  0.2279  8.8766
464 1424 -0.4133  0.2984 14.0188
496 1424 -1.0804  0.0552 10.7729
528 1424 -3.2898  1.3410 10.8155
560 1424 -0.4010  2.4770  7.8650
592 1424 -0.1656  3.9092 11.2920
624 1424 -0.3345  4.4378  7.0373
656 1424 -10.6779  3.0875  6.4402
688 1424  5.6962 -24.9143  8.1353
720 1424  4.6555 -8.1729  7.7350
752 1424  0.3374  0.4133 12.9804
784 1424  0.1038  0.1537 12.6469
816 1424 -0.4779  0.3037  7.4066
848 1424  0.1265 10.2385  4.0993
880 1424 -0.2381  8.4284  8.6956
912 1424 -0.3251  7.2640 10.1535
944 1424  0.0373  5.1529 13.2305
976 1424  0.9677  0.2960  9.0899
1008 1424 -0.1234  3.3494  9.0134
1040 1424  5.0967 -6.2154  6.8187
1072 1424 19.3653 -18.0586  7.6833
1104 1424  0.7260  0.2941 14.1086
1136 1424 -0.0190 -0.0388  6.6832
1168 1424 -0.0280  0.0033 21.7489
1200 1424 -0.0288 -0.0257 11.6907
1232 1424 -0.0799 -0.0714 27.5558
1264 1424  2.4355 -0.1600  5.5227
1296 1424  5.1781 -4.0152  6.8098
1328 1424  0.0118 -0.5619  4.7013
1360 1424  3.5238 -1.9678  4.8369
1392 1424  0.0649 -2.6194  4.9239
1424 1424  4.2937 -1.5363  4.2553
1456 1424  0.2977 -7.3528  4.8997
1488 1424  1.7042 -4.6413  5.6563
1520 1424 -0.1257 -4.8831  7.1809
 16 1456 -1.6647  2.0095  6.7357
 48 1456  6.2561  1.0226  5.8137
 80 1456  0.0908  6.3609  5.9514
112 1456  8.0870  5.1448  6.0586
144 1456 -2.7936  5.1110  4.9758
176 1456  0.3851 -0.1269  8.7584
208 1456  0.1452 -2.4418  4.6411
240 1456 -0.4145 -0.1315  5.2586
272 1456 -0.1740 -0.4771  5.7101
304 1456 -1.9356  0.6703  5.9162
336 1456 -0.0051 -0.3753  8.2980
368 1456 -0.0261 -0.0145 39.4402
400 1456 -0.0308  0.0327 11.0929
432 1456 -0.0849  0.0468  7.4358
464 1456 -0.2676  0.3741 11.5138
496 1456 -0.3092  0.9484 13.1365
528 1456 -0.9233  0.8702 12.8225
560 1456 -0.8510  0.9151 10.6834
592 1456 -0.2115  0.1626 13.4575
624 1456 -0.2899  0.2639 13.6812
656 1456 -0.0197  0.2570 10.8373
688 1456 -0.0332  0.1568  9.5241
720 1456  0.0335  0.1858 10.5303
752 1456  0.1458  0.1798 12.1626
784 1456 -0.0515  0.2918 12.0936
816 1456 -0.0404  0.2158 13.2719
848 1456  0.3281  0.4828 12.1087
880 1456 -0.4785  0.0310 13.0834
912 1456 -0.1641  1.9787  8.7551
944 1456 -0.0074  1.3166 10.4512
976 1456 -0.1846  0.2922  8.3277
1008 1456 -0.0994  1.4406 12.0610
1040 1456 -5.8997  3.2056  8.6241
1072 1456  0.0000  0.0745  8.2574
1104 1456  0.0623 -0.0409 22.7161
1136 1456 -0.1047 -0.0258  9.9862
1168 1456 -0.0043 -0.0028 29.2280
1200 1456 -0.2907  0.1172  8.1906
1232 1456 -8.1710  2.8230  5.1857
1264 1456  0.5469  1.7125  5.7605
1296 1456  0.1367 -1.1213  4.6583
1328 1456  8.2996 -0.0158  4.2635
1360 1456 -0.0262  5.9572  5.0126
1392 1456  0.3523 -0.0119  5.5041
1424 1456 -8.3748  0.0125  4.2190
1456 1456 -0.3147  7.8091  4.3806
1488 1456  0.2184 -2.6296  5.7505
1520 1456 -0.1247  0.0303  7.1317
 16 1488 -0.1319  2.0660  5.8471
 48 1488  7.8419 10.1750  7.4058
 80 1488  1.1589 -8.1611  5.6124
112 1488 -0.2336  1.9048  6.8619
144 1488  2.5367  7.8556  6.5197
176 1488 -0.3616 -6.0123  4.9999
208 1488 -3.4149  9.6485  8.2723
240 1488 -5.7701  9.2960  4.9359
272 1488  1.1536 -2.8395  4.1555
304 1488  0.1023  1.9651  5.3226
336 1488  6.3706  7.5722  5.6328
368 1488 15.7841  8.7640  4.7061
400 1488  0.1078  0.0421 14.4076
432 1488 -0.0277  0.0077 36.2478
464 1488  0.0297 -0.0219 13.2977
496 1488 -0.0602  0.0506  7.8285
528 1488  0.0132  0.0251  6.5314
560 1488  0.0320  0.0658  8.1921
592 1488 -0.0298  0.1086  8.7847
624 1488 -0.1971  1.8450  9.4144
656 1488 -0.0084  1.7676  8.6060
688 1488  0.0145  1.5046  8.8532
720 1488 -0.1045  0.5599  9.4566
752 1488  0.0021  1.4476  8.3272
784 1488  0.0026  1.1953  8.3522
816 1488 -0.0151  0.4785  7.0428
848 1488 -0.0184  0.6168  8.1917
880 1488 -0.0209  1.0979 10.7520
912 1488 -8.1219  1.6293  7.4828
944 1488 -0.0664  1.4430  8.8154
976 1488 -0.0002  0.3717  8.3028
1008 1488 -0.0285 -0.0077  8.5519
1040 1488  0.0283  0.0351 18.2120
1072 1488  0.0241 -0.0351 10.1290
1104 1488  0.0111  0.0136 24.2641
1136 1488  2.7894  1.0822  6.0568
1168 1488 -3.6760  2.4406  6.1294
1200 1488  0.0258  2.2317  5.3913
1232 1488  4.6776  0.4425  5.3700
1264 1488 -0.1992 -2.7194  4.6934
1296 1488 -7.8115 -0.1193  5.0400
1328 1488 -0.1189  3.0236  4.1518
1360 1488  0.2594  2.0143  4.3761
1392 1488  3.6657  2.3260  4.8005
1424 1488 -0.1557  7.1490  4.4912
1456 1488  0.0356  0.1393  4.9586
1488 1488 -0.1161 -0.1510  7.6211
1520 1488 -0.2024  4.1415 11.7669
 16 1520 -5.8427 -2.8644  4.5899
 48 1520 -2.0825 -1.0505  4.7874
 80 1520  0.9429 -2.9589  6.9802
112 1520 -1.3574  1.1063  4.8975
144 1520  1.0405 -0.0641  4.7735
176 1520 -0.2745  1.5298  4.7226
208 1520 -0.3327  1.4726  5.3716
240 1520 -0.0395  1.2932  6.7967
272 1520 16.3601  0.3097  4.8009
304 1520 -8.0273 -0.7879  4.9619
336 1520 -0.8349  0.5277  4.9744
368 1520  0.1272 -0.2026  6.6324
400 1520  0.1273 -13.6535  5.4272
432 1520 -1.9961  1.0645  6.5022
464 1520  0.0811  0.0761 16.9542
496 1520  0.0376  0.0225 17.0036
528 1520  0.0096 -0.0114 19.9722
560 1520  0.0341 -0.0588 16.0717
592 1520  0.0291  0.0027 15.5055
624 1520  0.0456 -0.0125 10.0551
656 1520 -0.0566  0.0052  8.1781
688 1520 -0.0041  0.0003  8.0788
720 1520 -0.0223  0.0131  7.2387
752 1520 -0.0126 -0.0108  7.4482
784 1520 -0.0503 -0.0015  7.8151
816 1520 -0.0111  0.0345  8.3749
848 1520  0.0309 -0.0412 10.4668
880 1520 -0.0818 -0.0052 13.1024
912 1520 -0.0282  0.0088 17.4457
944 1520  0.0804  0.0245 15.8283
976 1520 -0.0969 -0.0626 10.7842
1008 1520 -0.0561 -0.0439 16.6123
1040 1520 -0.0229 -0.0024 25.4064
1072 1520 -0.1239  0.3072 11.0985
1104 1520  4.7113  2.2926  4.8148
1136 1520  1.0446 -3.8030  5.4324
1168 1520 -3.5405 -0.2542  5.4613
1200 1520 -0.0663  2.5802  4.7271
1232 1520 -5.2459  0.3398  4.6776
1264 1520 -0.1907 -0.2490  4.5417
1296 1520  0.4645  0.3344  5.0278
1328 1520  0.2538  0.1452  6.2716
1360 1520 -0.4151  0.0769  4.0942
1392 1520 -5.1664 -0.3067  5.8760
1424 1520  0.2242  2.9285  6.4507
1456 1520 -1.1507  0.9260  6.9783
1488 1520 -2.0700 -3.3074  5.7826
1520 1520 -0.1164 -2.5126 12.3424
  0   0 -6.0887 -6.6250  0.0000
  0   0 -6.6691 -6.7594  0.0000
  0   0 -3.4052 -4.0201  0.0000
  0   0 -2.4475 -1.3057  0.0000
  0   0 -0.4888 -1.2252  0.0000
  0   0  1.0462  0.4617  0.0000
  0   0  4.4789 -1.5275  0.0000
  0   0  9.6407 -2.2143  0.0000
  0   0 14.2817 -1.6735  0.0000
  0   0 -3.9037 -3.6714  0.0000
  0   0 -9.1494 -6.7276  0.0000
  0   0 -9.5221 -11.6447  0.0000
  0   0 -5.7493 -16.9686  0.0000
  0   0 -3.6043 -6.0488  0.0000
  0   0 -0.8407 -0.7842  0.0000
  0   0  0.2271  0.8028  0.0000
  0   0  0.3784  0.7134  0.0000
  0   0  0.2856  0.1204  0.0000
  0   0  0.1960 -0.5510  0.0000
  0   0  0.1374 -1.2885  0.0000
  0   0  0.0076 -1.5551  0.0000
  0   0 -0.0257 -1.4284  0.0000
  0   0 -0.0618 -1.1657  0.0000
  0   0 -0.1263 -1.1171  0.0000
  0   0 -0.1511 -0.9646  0.0000
  0   0  0.0785 -0.7751  0.0000
  0   0  0.7479 -0.8762  0.0000
  0   0  1.9545 -1.1181  0.0000
  0   0  3.2827 -1.2856  0.0000
  0   0  2.0533 -1.1317  0.0000
  0   0  0.3151 -0.7374  0.0000
