VARIABLES= "X m", "Y m", "U m/s", "V m/s", "CHC", ZONE I=48, J=48
 16  16  0.0000  0.0000  1.0000
 48  16  0.0000  0.0000  1.0000
 80  16  0.0000  0.0000  1.0000
112  16  0.0000  0.0000  1.0000
144  16  0.0000  0.0000  1.0000
176  16  0.0000  0.0000  1.0000
208  16  0.0000  0.0000  1.0000
240  16  0.0000  0.0000  1.0000
272  16  0.0000  0.0000  1.0000
304  16  0.0000  0.0000  1.0000
336  16  0.0000  0.0000  1.0000
368  16  0.0000  0.0000  1.0000
400  16  0.0000  0.0000  1.0000
432  16  0.0000  0.0000  1.0000
464  16  0.0000  0.0000  1.0000
496  16  0.0000  0.0000  1.0000
528  16  0.0000  0.0000  1.0000
560  16  0.0000  0.0000  1.0000
592  16 -0.0014  0.0005 20.8843
624  16  0.0000  0.0000  1.0000
656  16  0.0000  0.0000  1.0000
688  16  0.0000  0.0000  1.0000
720  16  0.0000  0.0000  1.0000
752  16  0.0000  0.0000  1.0000
784  16  0.0000  0.0000  1.0000
816  16  0.0000  0.0000  1.0000
848  16  0.0000  0.0000  1.0000
880  16  0.0000  0.0000  1.0000
912  16  0.0000  0.0000  1.0000
944  16  0.0000  0.0000  1.0000
976  16  0.0000  0.0000  1.0000
1008  16  0.0000  0.0000  1.0000
1040  16  0.0000  0.0000  1.0000
1072  16  0.0000  0.0000  1.0000
1104  16  0.0000  0.0000 14.0638
1136  16  0.0434 -0.0222 25.4838
1168  16  0.0000  0.0000  1.0000
1200  16 -0.0466 -0.0002 11.5736
1232  16  0.0000  0.0000  1.0000
1264  16  0.0000  0.0000  1.0000
1296  16  0.0000  0.0000  1.0000
1328  16  0.0000  0.0000  1.0000
1360  16  0.0000  0.0000  1.0000
1392  16  0.0000  0.0000  1.0000
1424  16  0.0000  0.0000  1.0000
1456  16  0.0000  0.0000  1.0000
1488  16  0.0000  0.0000  1.0000
1520  16  0.0000  0.0000  1.0000
 16  48  0.0000  0.0000  1.0000
 48  48  0.0000  0.0000  1.0000
 80  48 -0.0451 -0.0039 17.4386
112  48  0.1064  0.0641 14.1552
144  48  0.0055 -0.0027 15.3636
176  48  0.0000  0.0000  1.0000
208  48  0.0000  0.0000  1.0000
240  48  0.0000  0.0000  1.0000
272  48  0.0000  0.0000  1.0000
304  48  0.0047  0.0417 33.4630
336  48  0.0000  0.0000  1.0000
368  48  0.0000  0.0000  1.0000
400  48  0.0000  0.0000  1.0000
432  48  0.0000  0.0000  1.0000
464  48  0.0000  0.0000  1.0000
496  48 -0.0061 -0.0026 10.7223
528  48  0.0000  0.0000  1.0000
560  48  0.0000  0.0000  1.0000
592  48  0.0000  0.0000  1.0000
624  48  0.0000  0.0000  1.0000
656  48 -0.0107  0.0073 28.8268
688  48  0.0000  0.0000  1.0000
720  48  0.0000  0.0000  1.0000
752  48  0.0000  0.0000  1.0000
784  48  0.0000  0.0000  1.0000
816  48  0.0000  0.0000  1.0000
848  48  0.0000  0.0000  1.0000
880  48  0.0000  0.0000  1.0000
912  48  0.0000  0.0000  1.0000
944  48  0.0000  0.0000  1.0000
976  48 -0.0078  0.0116 13.9668
1008  48  0.0000  0.0000  1.0000
1040  48  0.0000  0.0000  1.0000
1072  48  0.0000  0.0000  1.0000
1104  48  0.0000  0.0000  1.0000
1136  48  0.0000  0.0000  1.0000
1168  48  0.0000  0.0000  1.0000
1200  48  0.0000  0.0000  1.0000
1232  48  0.0000  0.0000  1.0000
1264  48  0.0081  0.0069 12.9346
1296  48 -0.1433 -0.1973 27.5094
1328  48 -0.0055  0.0014  8.7241
1360  48  0.0000  0.0000  1.0000
1392  48  0.0000  0.0000  1.0000
1424  48 -0.0005 -0.0037  6.2216
1456  48  0.0000  0.0000  1.0000
1488  48  0.0000  0.0000  1.0000
1520  48 -0.0020  0.1342 11.9000
 16  80 -0.0029  0.1420 35.9070
 48  80  0.0000  0.0000  1.0000
 80  80  0.0000  0.0000  1.0000
112  80 -0.1042 -0.0023 18.2553
144  80  0.0000  0.0000  1.0000
176  80 -0.0608 -0.0049  6.3448
208  80  0.0000  0.0000  1.0000
240  80  0.0000  0.0000  1.0000
272  80  0.0000  0.0000  1.0000
304  80  0.0071  0.0116 50.2500
336  80  0.0000  0.0000  1.0000
368  80  0.0000  0.0000  1.0000
400  80  0.0000  0.0000  1.0000
432  80  0.0000  0.0000  1.0000
464  80  0.0066  0.0032 29.6066
496  80  0.0000  0.0000  1.0000
528  80  0.0000  0.0000  1.0000
560  80  0.0000  0.0000  1.0000
592  80  0.0000  0.0000  1.0000
624  80  0.0000  0.0000  1.0000
656  80  0.0000  0.0000  1.0000
688  80  0.0000  0.0000  1.0000
720  80  0.0000  0.0000  1.0000
752  80  0.0000  0.0000  1.0000
784  80  0.0000  0.0000  1.0000
816  80  0.0000  0.0000  1.0000
848  80  0.0000  0.0000  1.0000
880  80 -0.0706  0.0896 35.7229
912  80  0.0000  0.0000  1.0000
944  80  0.0000  0.0000  1.0000
976  80  0.0000  0.0000  1.0000
1008  80  0.0000  0.0000  1.0000
1040  80 -0.0145  0.0124 18.8606
1072  80  0.0000  0.0000  1.0000
1104  80  0.0000  0.0000  1.0000
1136  80  0.0000  0.0000  1.0000
1168  80  0.0000  0.0000  1.0000
1200  80  0.0000  0.0000  1.0000
1232  80  0.0000  0.0000  8.1974
1264  80  0.0000  0.0000  1.0000
1296  80 -0.0054  0.0145 10.4877
1328  80  0.0000  0.0000  1.0000
1360  80  0.0000  0.0000  1.0000
1392  80  0.0000  0.0000  1.0000
1424  80  0.0000  0.0000  1.0000
1456  80 -0.0116  0.0110 20.8000
1488  80  0.0000  0.0000  1.0000
1520  80 -0.0114 -0.0086  7.8077
 16 112  0.0000  0.0000  1.0000
 48 112  0.0000  0.0000  1.0000
 80 112  0.0000  0.0000  1.0000
112 112  0.0000  0.0000  1.0000
144 112  0.0000  0.0000  1.0000
176 112  0.0000  0.0000  1.0000
208 112  0.0000  0.0000  1.0000
240 112  0.0000  0.0000  1.0000
272 112 -0.0096  0.0045 20.6983
304 112  0.0000  0.0000  1.0000
336 112  0.0000  0.0000  1.0000
368 112  0.0021  0.0018 32.6033
400 112  0.0024  0.0007 242.3243
432 112  0.0000  0.0000  1.0000
464 112  0.0000  0.0000 34.1113
496 112  0.0000  0.0000  1.0000
528 112  0.0000  0.0000  1.0000
560 112  0.0000  0.0000  1.0000
592 112 -0.0006  0.0098 15.5358
624 112  0.0000  0.0000  1.0000
656 112  0.0000  0.0000  1.0000
688 112  0.0000  0.0000  1.0000
720 112  0.0000  0.0000  1.0000
752 112  0.0000  0.0000  1.0000
784 112  0.0000  0.0000  1.0000
816 112  0.0000  0.0000  1.0000
848 112 -0.0148  0.0163 9287550.0000
880 112  0.0000  0.0000  1.0000
912 112 -0.0055  0.0124 19.8163
944 112  0.0000  0.0000  1.0000
976 112  0.0000  0.0000  1.0000
1008 112 -0.0107  0.0145  8.9784
1040 112 -0.0134  0.0248 18.0335
1072 112  0.0000  0.0000  1.0000
1104 112  0.0000  0.0000  1.0000
1136 112  0.0000  0.0000  1.0000
1168 112  0.0000  0.0000  1.0000
1200 112  0.0000  0.0000  1.0000
1232 112 -0.0012  0.0002 13985214.0000
1264 112  0.0000  0.0000  1.0000
1296 112  0.0000  0.0000  1.0000
1328 112 -0.0017 -0.0087 19.0000
1360 112  0.0000  0.0000  1.0000
1392 112  0.0000  0.0000  1.0000
1424 112  0.0000  0.0000  1.0000
1456 112  0.0000  0.0000  1.0000
1488 112  0.0000  0.0000  1.0000
1520 112  0.0000  0.0000  1.0000
 16 144  0.0268 -0.0064 53.0588
 48 144  0.0000  0.0000  1.0000
 80 144  0.0000  0.0000  1.0000
112 144  0.0000  0.0000  1.0000
144 144  0.0000  0.0000  1.0000
176 144  0.0007 -0.0015 23.1148
208 144  0.0000  0.0000  1.0000
240 144  0.0000  0.0000  1.0000
272 144  0.0000  0.0000  1.0000
304 144 -0.0022 -0.0015 38.5012
336 144  0.0000  0.0000  1.0000
368 144  0.0000  0.0000  1.0000
400 144  0.0000  0.0000  1.0000
432 144  0.0000  0.0000  1.0000
464 144  0.0022  0.0872 14.7043
496 144 -0.0108  0.0133  9.5695
528 144 -0.2807  0.0925 17.1649
560 144  0.0000  0.0000  1.0000
592 144  0.0000  0.0000  1.0000
624 144  0.0000  0.0000  1.0000
656 144  0.0000  0.0000  1.0000
688 144  0.0000  0.0000  1.0000
720 144  0.0000  0.0000  1.0000
752 144  0.0000  0.0000  1.0000
784 144  0.0000  0.0000  1.0000
816 144  0.0000  0.0000  1.0000
848 144  0.0000  0.0000  1.0000
880 144 -0.0802  0.3618 117.1977
912 144  0.0000  0.0000  1.0000
944 144  0.0000  0.0000  1.0000
976 144  0.0000  0.0000  1.0000
1008 144  0.0000  0.0000  1.0000
1040 144  0.0000  0.0000  1.0000
1072 144  0.0000  0.0000  1.0000
1104 144  0.0000  0.0000  1.0000
1136 144  0.0000  0.0000  1.0000
1168 144  0.0000  0.0000  1.0000
1200 144  0.0000  0.0000  1.0000
1232 144 -0.0016  0.0017 80.3471
1264 144  0.0000  0.0000  1.0000
1296 144  0.0000  0.0000  1.0000
1328 144  0.0000  0.0000  1.0000
1360 144  0.0000  0.0000  1.0000
1392 144 -0.0056  0.0275 17.0909
1424 144 -0.0533  0.0089 17.8933
1456 144  0.0947  0.2829 11.7600
1488 144 -0.0016 -0.0256  9.3116
1520 144 -0.0317  0.0116 17.5200
 16 176  0.0000  0.0000  1.0000
 48 176  0.0000  0.0000  1.0000
 80 176 -0.0104 -0.1733 38.0000
112 176  0.0090 -0.0052 15.1042
144 176  0.0000  0.0000  1.0000
176 176 -0.0028 -0.0143 19.3958
208 176  0.0038  0.0069 47.9521
240 176  0.0000  0.0000  1.0000
272 176  0.0027  0.0030 39.9945
304 176  0.0000  0.0000  1.0000
336 176  0.0000  0.0000  1.0000
368 176 -0.2856  0.2080  9.0226
400 176  0.0000  0.0000  1.0000
432 176  0.0000  0.0000  1.0000
464 176  0.0000  0.0000  1.0000
496 176  0.0000  0.0000  1.0000
528 176  0.0000  0.0000  1.0000
560 176  0.0000  0.0000  1.0000
592 176  0.0000  0.0000  1.0000
624 176  0.0000  0.0000  1.0000
656 176  0.0000  0.0000  1.0000
688 176  0.0000  0.0000  1.0000
720 176  0.0000  0.0000  1.0000
752 176  0.0000  0.0000  1.0000
784 176  0.0000  0.0000  1.0000
816 176  0.0000  0.0000  1.0000
848 176  0.0000  0.0000  1.0000
880 176  0.0000  0.0000  1.0000
912 176  0.0000  0.0000  1.0000
944 176  0.0000  0.0000  1.0000
976 176  0.0000  0.0000  1.0000
1008 176  0.0000  0.0000  1.0000
1040 176 -0.0798  0.0758 30.9212
1072 176  0.0005  0.1319 17.3556
1104 176  0.0000  0.0000  1.0000
1136 176  0.0000  0.0000  1.0000
1168 176  0.0000  0.0000  1.0000
1200 176  0.0000  0.0000  1.0000
1232 176 -0.0051  0.0149 80.6542
1264 176 -0.0016  0.0017 82.3452
1296 176  0.0000  0.0000  1.0000
1328 176 -0.0008  0.0070 11.6359
1360 176  0.0000  0.0000  1.0000
1392 176  0.0000  0.0000  1.0000
1424 176  0.0000  0.0000  1.0000
1456 176  0.1569 -0.0024 14.1709
1488 176  0.0000  0.0000  1.0000
1520 176  0.0000  0.0000  1.0000
 16 208 -0.0258  0.4071  1.5806
 48 208 -0.0026 -0.0001  5.1066
 80 208  0.0000  0.0000  1.0000
112 208  0.0000  0.0000  1.0000
144 208  0.0120 -0.0399 19.9706
176 208  0.0000  0.0000  1.0000
208 208  0.0000  0.0000  1.0000
240 208  0.0015  0.0006 80.3353
272 208  0.0000  0.0000  1.0000
304 208  0.0000  0.0000  1.0000
336 208  0.0000  0.0000  1.0000
368 208  0.0000  0.0000  1.0000
400 208  0.0000  0.0000  1.0000
432 208 -0.1297  0.0130  6.3120
464 208  0.0000  0.0000  1.0000
496 208  0.0000  0.0000 19.0929
528 208  0.0000  0.0000  1.0000
560 208  0.0035  0.0004  5.7942
592 208  0.0000  0.0000  1.0000
624 208  0.0000  0.0000  1.0000
656 208  0.0000  0.0000  1.0000
688 208  0.0000  0.0000  1.0000
720 208  0.0062  0.0134 26.9297
752 208  0.0000  0.0000  1.0000
784 208  0.0000  0.0000  1.0000
816 208  0.0000  0.0000  1.0000
848 208  0.0000  0.0000  1.0000
880 208  0.0000  0.0000  1.0000
912 208 -0.0621 -0.2359 26.8022
944 208  0.0000  0.0000 32.3995
976 208  0.2254 -0.2961 33.3600
1008 208  0.0013  0.3338 37.2761
1040 208  0.0000  0.0000  1.0000
1072 208  0.0000  0.0000  1.0000
1104 208  0.0000  0.0000  1.0000
1136 208  0.0000  0.0000  1.0000
1168 208  0.0000  0.0000  1.0000
1200 208  0.0000  0.0000  1.0000
1232 208  0.0000  0.0000  1.0000
1264 208  0.0000  0.0000  1.0000
1296 208  0.0000  0.0000  1.0000
1328 208  0.0000  0.0000  1.0000
1360 208  0.0000  0.0000  1.0000
1392 208  0.0000  0.0000  1.0000
1424 208  0.0000  0.0000  1.0000
1456 208  0.0062 -0.0091 17.6667
1488 208  0.0564 -0.0010  4.6132
1520 208 -0.0095 -0.0036  8.4389
 16 240  0.0000  0.0000  4.1696
 48 240 -0.0165  0.0026 20.9455
 80 240  0.0000  0.0000  1.0000
112 240  0.0000  0.0000  1.0000
144 240  0.0097  0.0098 23.9612
176 240  0.0000  0.0000  1.0000
208 240  0.0007  0.0003 53.8183
240 240  0.0000  0.0000  1.0000
272 240 -0.0660  0.0119 74.5478
304 240 -0.3257  0.3095  4.6859
336 240  0.0000  0.0000 586.0938
368 240  0.0000  0.0000 17.9148
400 240  0.0000  0.0000  1.0000
432 240  0.0000  0.0000  1.0000
464 240  0.0122  0.0112 30.2890
496 240  0.0000  0.0000  1.0000
528 240  0.0000  0.0000  1.0000
560 240  0.0000  0.0000  1.0000
592 240  0.0000  0.0000  1.0000
624 240  0.0000  0.0000 36.4166
656 240 -0.0023  0.2190  8.8388
688 240  0.0000  0.0000  1.0000
720 240  0.0000  0.0000 34.7809
752 240  0.0000  0.0000  1.0000
784 240  0.0000  0.0000 56.2621
816 240  0.0000  0.0000  9.6207
848 240 -0.4792  0.0697 86.0732
880 240  0.0000  0.0000  1.0000
912 240 -0.0061 -0.0000 33.5872
944 240  0.0000  0.0000  1.0000
976 240  0.0000  0.0000  1.0000
1008 240  0.0000  0.0000  1.0000
1040 240  0.0000  0.0000  1.0000
1072 240  0.0000  0.0000  1.0000
1104 240  0.0000  0.0000  1.0000
1136 240  0.0000  0.0000  1.0000
1168 240  0.0025 -0.0037 21.2980
1200 240  0.0232  0.0016 47.1814
1232 240  0.0000  0.0000  1.0000
1264 240 -0.0069  0.0142 129.8952
1296 240  0.0103  0.0170 172.1467
1328 240  0.0000  0.0000  1.0000
1360 240  0.0000  0.0000  1.0000
1392 240 -0.0066 -0.0018  7.6816
1424 240  0.0513  0.0034 32.1129
1456 240  0.0000  0.0000  1.0000
1488 240  0.0096 -0.0173 12.4667
1520 240  0.0000  0.0000  1.0000
 16 272  0.0000  0.0000  1.0000
 48 272  0.0000  0.0000  1.0000
 80 272  0.0000  0.0000  1.0000
112 272  0.0000  0.0000 33.0951
144 272  0.0000  0.0000  1.0000
176 272  0.0000  0.0000  1.0000
208 272 -0.0085 -0.0036 96.3392
240 272  0.0000  0.0000  1.0000
272 272  0.0000  0.0000  1.0000
304 272  0.0000  0.0000 113.5963
336 272  0.0000  0.0000 19.4265
368 272  0.0000  0.0000  1.0000
400 272  0.0000  0.0000 473.3846
432 272  0.0000  0.0000  1.0000
464 272  0.0000  0.0000  1.0000
496 272  0.0000  0.0000  1.0000
528 272  0.0000  0.0000  1.0000
560 272  0.0000  0.0000  1.0000
592 272  0.0000  0.0000  1.0000
624 272  0.0000  0.0000 8169728.0000
656 272  0.0000  0.0000  1.0000
688 272  0.0000  0.0000  1.0000
720 272 -0.4764  0.2590 54.7592
752 272  0.0000  0.0000  1.0000
784 272  0.0103  0.4545 49.9497
816 272  0.0000  0.0000 13.5703
848 272  0.0157  0.0022 12.8270
880 272  0.0000  0.0000  1.0000
912 272  0.0000  0.0000 23.3363
944 272  0.0000  0.0000  4.1780
976 272  0.0000  0.0000  1.0000
1008 272  0.0000  0.0000  1.0000
1040 272  0.0000  0.0000  1.0000
1072 272  0.0000  0.0000  1.0000
1104 272  0.0000  0.0000  1.0000
1136 272  0.0000  0.0000  1.0000
1168 272  0.0027  0.0077 31.8979
1200 272  0.1380  0.1064 71.1615
1232 272  0.0036 -0.0073 28.0948
1264 272  0.0000  0.0000  1.0000
1296 272  0.0000  0.0000  1.0000
1328 272  0.0000  0.0000  1.0000
1360 272  0.0000  0.0000  1.0000
1392 272  0.0000  0.0000  1.0000
1424 272  0.0000  0.0000  1.0000
1456 272  0.0858 -0.0083 31.4426
1488 272 -0.0046 -0.0029 13.8444
1520 272 -0.0040 -0.0552 23.3034
 16 304  0.0054  0.0055  6.5045
 48 304  0.0000  0.0000  1.0000
 80 304  0.0000  0.0000  1.0000
112 304  0.0000  0.0000  1.0000
144 304  0.0000  0.0000  1.0000
176 304  0.0000  0.0000  1.0000
208 304 -0.0253  0.0050 31.7192
240 304  0.2727  0.0014 76.6515
272 304  0.0000  0.0000  1.0000
304 304  0.0000  0.0000  1.0000
336 304  0.0000  0.0000  1.0000
368 304  0.0000  0.0000  1.0000
400 304  0.0000  0.0000 16.2565
432 304 -0.0749 -0.0087 12.5816
464 304  0.0000  0.0000  7.8129
496 304  0.0000  0.0000 22.6697
528 304  0.0000  0.0000  1.0000
560 304  0.0000  0.0000  1.0000
592 304  0.0000  0.0000  1.0000
624 304  0.4834  0.0015  5.3290
656 304  0.0000  0.0000  8.4123
688 304  0.0000  0.0000 12.1403
720 304  0.0000  0.0000  1.0000
752 304  0.0026  0.4013 39.6199
784 304  0.0000  0.0000  1.0000
816 304  0.0000  0.0000  1.0000
848 304 -0.0049 -0.2073 224.4811
880 304  0.0000  0.0000  1.0000
912 304  0.0000  0.0000  1.0000
944 304  0.0000  0.0000  1.0000
976 304  0.0000  0.0000  1.0000
1008 304  0.0000  0.0000  1.0000
1040 304  0.0000  0.0000 15.9289
1072 304  0.0000  0.0000  1.0000
1104 304  0.0013  0.0839 52.6202
1136 304  0.1086  0.1195 282.7293
1168 304 -0.0004  0.0058 69.6050
1200 304 -0.1788  0.2381 207.9029
1232 304  0.1276 -0.0146 72.5801
1264 304  0.0000  0.0000  1.0000
1296 304  0.0000  0.0000  1.0000
1328 304  0.0000  0.0000  1.0000
1360 304 -0.0040  0.0015 47.1231
1392 304  0.0000  0.0000  1.0000
1424 304 -0.0006 -0.0015 8759008.0000
1456 304  0.0055 -0.0466 34.2632
1488 304  0.0000  0.0967 49.1136
1520 304 -0.0244 -0.1900 18.0137
 16 336 -0.0014  0.0129  8.1775
 48 336  0.0000  0.0000  1.0000
 80 336 -0.0018 -0.0004 45.3614
112 336 -0.0001  0.0001 37.0461
144 336 -0.0001  0.0016 34.5471
176 336  0.0000  0.0000  1.0000
208 336 -0.1647 -0.3657 14.1974
240 336  0.0000  0.0000  1.0000
272 336 -0.1328  0.0040 154.3731
304 336  0.0000  0.0000  1.0000
336 336  0.0000  0.0000 11.1060
368 336  0.0000  0.0000  1.0000
400 336  0.0000  0.0000  1.0000
432 336  0.0000  0.0000  1.0000
464 336 -0.0301 -0.0047 261.9875
496 336 -0.2067  0.2346 12.1166
528 336  0.0000  0.0000  1.0000
560 336  0.0000  0.0000 121.7765
592 336  0.0000  0.0000 59.9555
624 336  0.0000  0.0000  1.0000
656 336  0.0000  0.0000  1.0000
688 336  0.0129  0.0104 10896896.0000
720 336  0.0000  0.0000  1.0000
752 336  0.0000  0.0000  1.0000
784 336  0.0133  0.0058 19.4778
816 336 -0.1274  0.4435 24.7808
848 336  0.0062  0.2148 32.1675
880 336 -0.0576  0.2231 18.6018
912 336  0.0000  0.0000  1.0000
944 336  0.0000  0.0000  9.8972
976 336  0.0000  0.0000  1.0000
1008 336  0.0000  0.0000  1.0000
1040 336  0.0000  0.0000  1.0000
1072 336  0.0000  0.0000 46.4321
1104 336  0.0000  0.0000 34962.9961
1136 336  0.0000  0.0000 37.5641
1168 336  0.0008  0.0021 28.3187
1200 336 -0.0104  0.0071 63.4435
1232 336  0.0000  0.0000  1.0000
1264 336  0.0000  0.0000  1.0000
1296 336 -0.0136  0.1118 31.1527
1328 336  0.0010  0.0017 3016.3840
1360 336  0.0631  0.0687 58.5958
1392 336  0.0000  0.0000  1.0000
1424 336  0.0032 -0.0017 54.6884
1456 336 -0.0059  0.0004 78.3099
1488 336  0.0343  0.0036 35.0667
1520 336  0.0000  0.0000  1.0000
 16 368 -0.0087  0.0705 17.4118
 48 368  0.0000  0.0000  1.0000
 80 368  0.0000  0.0000  1.0000
112 368  0.0000  0.0000  1.0000
144 368  0.0027  0.0102 55.5848
176 368  0.0000  0.0000  1.0000
208 368  0.0000  0.0000  1.0000
240 368 -0.0238 -0.3965 37.1193
272 368  0.0000  0.0000  1.0000
304 368  0.0000  0.0000  1.0000
336 368 -0.2230  0.4128  9.0356
368 368 -0.2617  0.1383 426.8906
400 368  0.2288  0.2992 32.9709
432 368  0.0000  0.0000  1.0000
464 368 -0.0122 -0.0006  6.3661
496 368  0.0000  0.0000  4.2251
528 368 -0.0042  0.0022 136.3977
560 368  0.0000  0.0000  1.0000
592 368 -0.3286 -0.0058 127.9884
624 368  0.0000  0.0000  1.0000
656 368  0.0000  0.0000  1.0000
688 368  0.0000  0.0000  1.0000
720 368 -0.1952  0.2689 13.2470
752 368  0.0000  0.0000  1.0000
784 368  0.0000  0.0000  1.0000
816 368  0.0000  0.0000  1.0000
848 368  0.0000  0.0000  1.0000
880 368  0.0000  0.0000  1.0000
912 368 -0.2024  0.1221 33.1079
944 368  0.0000  0.0000  1.0000
976 368  0.0000  0.0000  3.6069
1008 368  0.0000  0.0000  4.3169
1040 368  0.0000  0.0000  8.2817
1072 368  0.0000  0.0000  1.0000
1104 368 -0.2378 -0.0042 112.2500
1136 368  0.0000  0.0000  1.0000
1168 368  0.0000  0.0000  1.0000
1200 368 -0.0016 -0.0018 32.4104
1232 368  0.0109  0.2511 21.8243
1264 368  0.2109  0.3508 16.7264
1296 368  0.1450  0.0101 20.4802
1328 368  0.0655 -0.0388 36.5473
1360 368  0.0000  0.0000  1.0000
1392 368  0.0428  0.0503 72.1316
1424 368  0.0000  0.0000  1.0000
1456 368  0.0006 -0.0004 2805.9324
1488 368  0.0000  0.0000  1.0000
1520 368  0.0000  0.0000  1.0000
 16 400  0.0000  0.0000  1.0000
 48 400  0.0000  0.0000  1.0000
 80 400 -0.0003  0.0000 58.5170
112 400  0.0000  0.0000  1.0000
144 400 -0.0811  0.0071 24.9918
176 400  0.0000  0.0000  1.0000
208 400  0.0000  0.0000  1.0000
240 400 -0.0031 -0.3238 189.0775
272 400  0.0000  0.0000  9.1764
304 400  0.0000  0.0000  9.9455
336 400  0.1672  0.3249 95.6354
368 400 -0.0003  0.2939  9.7524
400 400 -0.0068 -0.0010 13.6322
432 400  0.0000  0.0000  1.0000
464 400  0.0000  0.0000  1.0000
496 400  0.0000  0.0000  1.0000
528 400 -0.0046  0.0077 17.6060
560 400 -0.0146 -0.0040 111.0918
592 400  0.0000  0.0000  1.0000
624 400  0.0000  0.0000  7.1434
656 400  0.0000  0.0000 29.0630
688 400  0.0000  0.0000  1.0000
720 400  0.0016 -0.0555 18.8107
752 400  0.0000  0.0000 11.7632
784 400  0.0000  0.0000  1.0000
816 400  0.0000  0.0000  1.0000
848 400  0.0000  0.0000  6.0400
880 400  0.0000  0.0000  1.0000
912 400  0.0000  0.0000  1.0000
944 400  0.0000  0.0000  1.0000
976 400  0.0000  0.0000  1.0000
1008 400  0.0000  0.0000  1.0000
1040 400  0.0000  0.0000  1.0000
1072 400  0.0000  0.0000  1.0000
1104 400  0.0000  0.0000  1.0000
1136 400  0.0000  0.0000  1.0000
1168 400  0.0000  0.0000  1.0000
1200 400  0.0000  0.0000  1.0000
1232 400  0.2978  0.0086 78.1428
1264 400  0.0000  0.0000  1.0000
1296 400  0.0000  0.0000  1.0000
1328 400 -0.1358  0.3948 22.4446
1360 400  0.0010  0.0039 23.2365
1392 400 -0.0063  0.0083 27.4204
1424 400  0.0049  0.0001 68.2995
1456 400  0.0031 -0.0041 47.2978
1488 400  0.0001  0.0009 164.9628
1520 400  0.0000  0.0000  1.0000
 16 432 -0.1412 -0.0723 30.0000
 48 432 -0.0010 -0.0006 379.0535
 80 432  0.0000  0.0000  1.0000
112 432 -0.0089 -0.1270 51.1508
144 432 -0.0117 -0.0106 30.6578
176 432  0.0000  0.0000 20.2211
208 432 -0.0099 -0.0009 21.6138
240 432  0.0000  0.0000  1.0000
272 432  0.0000  0.0000  1.0000
304 432  0.0000  0.0000  1.0000
336 432  0.0000  0.0000  1.0000
368 432  0.0000  0.0000  1.0000
400 432 -0.0050 -0.0010 17.8459
432 432 -0.0015  0.0035 38.2052
464 432  0.0038 -0.0146 78.0780
496 432  0.0000  0.0000  1.0000
528 432  0.0062  0.0061 40.4564
560 432  0.0000  0.0000  8.8791
592 432  0.0000  0.0000  1.0000
624 432  0.0000  0.0000 50.1126
656 432  0.0013 -0.0082 122.8814
688 432  0.0000  0.0000  1.0000
720 432  0.0000  0.0000  1.0000
752 432 -0.4270 -0.1303 123.7092
784 432  0.0000  0.0000  1.0000
816 432  0.0097  0.0117 43.2842
848 432  0.0000  0.0000  1.0000
880 432 -0.4375  0.1292 23.5738
912 432 -0.1674  0.0134 32.0576
944 432  0.0000  0.0000  1.0000
976 432  0.0000  0.0000  1.0000
1008 432 -0.4244  0.1504 78.2894
1040 432  0.0000  0.0000  1.0000
1072 432  0.0000  0.0000  1.0000
1104 432  0.0000  0.0000  1.0000
1136 432  0.0000  0.0000  1.0000
1168 432  0.0001  0.0122  6.8281
1200 432  0.0000  0.0000  1.0000
1232 432  0.0000  0.0000  1.0000
1264 432  0.0000  0.0000  1.0000
1296 432  0.0000  0.0000  1.0000
1328 432  0.0000  0.0000  1.0000
1360 432  0.0000  0.0000  1.0000
1392 432 -0.0619 -0.0014 37.1772
1424 432  0.0212  0.0053 20.1400
1456 432  0.0000  0.0000  1.0000
1488 432 -0.0012  0.0023 150.8803
1520 432  0.0000  0.0000  1.0000
 16 464  0.0000  0.0000  1.0000
 48 464 -0.0004 -0.0000 44.8743
 80 464  0.0000  0.0000  1.0000
112 464  0.0997 -0.0048 24.8001
144 464  0.0000  0.0000  1.0000
176 464  0.0000  0.0000  1.0000
208 464 -0.2191  0.3402 22.9239
240 464  0.0000  0.0000  1.0000
272 464 -0.1620  0.2947 15.7738
304 464  0.0000  0.0000  1.0000
336 464  0.0000  0.0000  1.0000
368 464  0.0000  0.0000  1.0000
400 464  0.0000  0.0000  1.0000
432 464 -0.0142 -0.0051 45.4364
464 464  0.0000  0.0000 54.5521
496 464  0.0000  0.0000  1.0000
528 464  0.0000  0.0000  1.0000
560 464  0.0000  0.0000 22.5993
592 464 -0.0320  0.3616 14.4052
624 464 -0.2685  0.0120 50.4351
656 464  0.0000  0.0000  8.5394
688 464  0.0000  0.0000  4.0618
720 464 -0.3194  0.0051 34.6246
752 464 -0.0055 -0.2577 672.1868
784 464  0.0000  0.0000  1.0000
816 464  0.0147 -0.0029  6.5701
848 464  0.0041  0.2705 21.6342
880 464 -0.0149  0.3879 12.9054
912 464  0.0000  0.0000  7.8248
944 464  0.0000  0.0000  1.0000
976 464  0.0000  0.0000  1.0000
1008 464 -0.4282  0.1734  7.3987
1040 464  0.0000  0.0000  4.6374
1072 464  0.0000  0.0000  8.1099
1104 464 -0.0015  0.0350 28.5887
1136 464  0.0000  0.0000  1.0000
1168 464  0.0146  0.0050 23.2692
1200 464 -0.0658 -0.0343 55.3061
1232 464 -0.0006  0.2179  6.8733
1264 464  0.0000  0.0000  1.0000
1296 464  0.0000  0.0000 13.9551
1328 464  0.0000  0.0000  1.0000
1360 464 -0.0049 -0.0108 935.2958
1392 464 -0.0316  0.0657 54.2920
1424 464 -0.0099  0.0132 163.9863
1456 464  0.0045  0.0067 78.3415
1488 464  0.0027 -0.0044 46.5880
1520 464  0.0000  0.0000  1.0000
 16 496 -0.0008 -0.0006 1155.9722
 48 496  0.0009 -0.0006 61.3417
 80 496 -0.0119 -0.0696 102.4504
112 496  0.0169  0.0009 24.4243
144 496 -0.2773 -0.0010 39.5907
176 496  0.0567  0.2921 190.4296
208 496 -0.2493  0.0108 24.4541
240 496  0.0000  0.0000  4.3036
272 496 -0.3440  0.4606  5.7266
304 496  0.0000  0.0000  1.0000
336 496  0.0080  0.1882  6.8890
368 496  0.0000  0.0000  1.0000
400 496  0.0000  0.0000  1.0000
432 496 -0.0074 -0.0022 103.2613
464 496  0.0000  0.0000 11.1980
496 496  0.0915  0.0141 151.9748
528 496  0.0000  0.0000  1.0000
560 496  0.0000  0.0000 104.9254
592 496 -0.0453  0.0098  8.3674
624 496  0.0000  0.0000  1.0000
656 496  0.1876  0.2769 28.3121
688 496  0.0000  0.0000  1.0000
720 496 -0.0048  0.0103 13.1839
752 496  0.0000  0.0000  6.4944
784 496  0.0000  0.0000  1.0000
816 496  0.0613 -0.1205 116.9013
848 496  0.0061  0.2614 10.0405
880 496 -0.1248  0.0049 20.1725
912 496  0.0000  0.0000  1.0000
944 496  0.0000  0.0000  1.0000
976 496  0.0000  0.0000  1.0000
1008 496 -0.1926 -0.0083 29.3709
1040 496  0.0000  0.0000 33.6278
1072 496  0.0143 -0.0746 260.5984
1104 496 -0.0005  0.0042 19.3658
1136 496  0.0000  0.0000  1.0000
1168 496  0.0000  0.0000 19.9281
1200 496  0.0000  0.0000  1.0000
1232 496  0.0000  0.0000  1.0000
1264 496  0.0000  0.0000 38.2545
1296 496  0.2708  0.4925 11.9535
1328 496 -0.0069  0.0507 36.6147
1360 496 -0.0054 -0.0009 33.7740
1392 496 -0.0127 -0.2663 80.1222
1424 496  0.0296  0.0022 28.9635
1456 496  0.0000  0.0000  1.0000
1488 496  0.0000  0.0000  1.0000
1520 496  0.0001  0.0001 236.9668
 16 528  0.0002  0.0000 38.4913
 48 528  0.0000  0.0000  1.0000
 80 528 -0.1082  0.2612 39.4068
112 528  0.0088  0.0514 43.1981
144 528  0.0000  0.0000  7.8468
176 528  0.0000  0.0000  1.0000
208 528  0.0000  0.0000 102.2862
240 528  0.0000  0.0000  1.0000
272 528  0.0000  0.0000  1.0000
304 528  0.0000  0.0000  1.0000
336 528 -0.0061  0.0350  9.9577
368 528  0.0000  0.0000  8.4952
400 528 -0.0025 -0.0032 192.6163
432 528  0.0000  0.0000  1.0000
464 528  0.0000  0.0000 10.5146
496 528  0.0755 -0.0013 26.3245
528 528  0.0000  0.0000  1.0000
560 528  0.0000  0.0000  1.0000
592 528 -0.1666 -0.0108 5078.0991
624 528  0.0000  0.0000  1.0000
656 528  0.0000  0.0000  1.0000
688 528  0.0000  0.0000  1.0000
720 528 -0.0011  0.1318 26.9508
752 528 -0.5693  0.3218 25.4326
784 528  0.0000  0.0000  4.6096
816 528  0.0000  0.0000  1.0000
848 528  0.0000  0.0000  1.0000
880 528  0.0000  0.0000 56.9636
912 528 -0.3427  0.0017 29.2123
944 528  0.0000  0.0000  1.0000
976 528  0.2104 -0.0519 17.2119
1008 528  0.0000  0.0000  1.0000
1040 528  0.0000  0.0000 38.2780
1072 528  0.0000  0.0000  1.0000
1104 528  0.0000  0.0000  1.0000
1136 528  0.0000  0.0000  9.2912
1168 528  0.0000  0.0000 12.0163
1200 528  0.0000  0.0000  1.0000
1232 528  0.0000  0.0000  1.0000
1264 528  0.0000  0.0000  1.0000
1296 528  0.0000  0.0000  1.0000
1328 528  0.0000  0.0000  1.0000
1360 528 -0.0087 -0.0017 106.7581
1392 528  0.0000  0.0000  1.0000
1424 528 -0.0008  0.0062 26.2788
1456 528  0.0056 -0.0006 45.1035
1488 528  0.0027 -0.0013 37.7767
1520 528 -0.0014  0.0010 44.1900
 16 560  0.0006 -0.0003 53.1138
 48 560  0.0000  0.0000  1.0000
 80 560  0.0000  0.0000 38.8661
112 560  0.0000  0.0000 99.1309
144 560  0.0000  0.0000 98.7173
176 560  0.0000  0.0000  1.0000
208 560  0.0932 -0.0538 75.7778
240 560 -0.0033  0.0139 34.6572
272 560  0.0000  0.0000  1.0000
304 560  0.0000  0.0000  1.0000
336 560  0.0000  0.0000  1.0000
368 560  0.0000  0.0000  1.0000
400 560 -0.0013  0.0052 26.9679
432 560  0.3921  0.4179 19.3035
464 560 -0.1091  0.0122 12.7552
496 560  0.0000  0.0000 30.6771
528 560  0.0000  0.0000  1.0000
560 560  0.0000  0.0000  1.0000
592 560  0.0000  0.0000 159.2870
624 560 -0.0092  0.0988 15.8889
656 560  0.0055 -0.0047 18.0228
688 560  0.0000  0.0000  1.0000
720 560 -0.0008 -0.0001 26.1703
752 560 -0.5671 -0.0720 9485312.0000
784 560  0.0000  0.0000 157.8663
816 560  0.0000  0.0000  1.0000
848 560 -0.3258 -0.4907 7845311.0000
880 560  0.0000  0.0000  1.0000
912 560  0.0000  0.0000 10.2142
944 560  0.0000  0.0000  1.0000
976 560  0.0000  0.0000 44.8792
1008 560 -0.4423 -0.1721 30.0644
1040 560  0.0000  0.0000  1.0000
1072 560  0.0000  0.0000  1.0000
1104 560  0.0000  0.0000  1.0000
1136 560  0.0000  0.0000  1.0000
1168 560  0.0000  0.0000  1.0000
1200 560  0.0000  0.0000 17.9599
1232 560 -0.2760  0.0132  7.4836
1264 560  0.0000  0.0000  1.0000
1296 560 -0.5036  0.0159  9.0457
1328 560  0.0000  0.0000 64.2981
1360 560 -0.0154  0.3596  9.1683
1392 560  0.0145  0.0068 25.1873
1424 560  0.0000  0.0000  1.0000
1456 560  0.0372 -0.0142 114.0011
1488 560  0.0012  0.0015 46.2773
1520 560 -0.0049  0.0004 46.7349
 16 592  0.0004 -0.0006 36.5113
 48 592 -0.0084 -0.0018 35.4598
 80 592 -0.0933  0.0685 20.8359
112 592  0.0000  0.0000 13.9271
144 592  0.0000  0.0000 14.8388
176 592  0.0000  0.0000  1.0000
208 592  0.0000  0.0000  1.0000
240 592 -0.0033  0.0155 18.8686
272 592  0.0000  0.0000  1.0000
304 592 -0.1764  0.3718 11.6359
336 592  0.0000  0.0000  1.0000
368 592  0.0035  0.0092 25.7651
400 592  0.0000  0.0000  7.7126
432 592  0.0000  0.0000  1.0000
464 592  0.0000  0.0000  1.0000
496 592  0.0000  0.0000 199.1393
528 592  0.0000  0.0000  1.0000
560 592  0.0114 -0.0661 943.3718
592 592  0.0000  0.0000  1.0000
624 592 -0.0107  0.0021 45.6688
656 592  0.0001  0.3331 16.1991
688 592  0.0000  0.0000  1.0000
720 592  0.0000  0.0000  1.0000
752 592  0.0077  0.4779 16.4829
784 592 -0.0091  0.5193  8.3271
816 592  0.0103  0.0105  4.6806
848 592  0.0000  0.0000  1.0000
880 592  0.0101  0.0153 11.5616
912 592 -0.2291 -0.0163 984.2351
944 592  0.0000  0.0000 631.1065
976 592  0.0000  0.0000  1.0000
1008 592  0.0007  0.4553 16.8178
1040 592  0.0000  0.0000  1.0000
1072 592  0.0000  0.0000  1.0000
1104 592 -0.3930  0.0676  6.2830
1136 592  0.2074  0.0155 60.3924
1168 592  0.0000  0.0000  1.0000
1200 592 -0.0047  0.0086 26.0583
1232 592 -0.3440  0.0095 21.5139
1264 592  0.0000  0.0000  1.0000
1296 592  0.0000  0.0000  1.0000
1328 592  0.0000  0.0000 122.0179
1360 592 -0.0074 -0.2648 121.7212
1392 592  0.0140 -0.0000 33.9561
1424 592 -0.0136  0.0044 37.4393
1456 592 -0.0051  0.0077 34.7561
1488 592 -0.0056  0.0068 30.9664
1520 592  0.0000  0.0000  1.0000
 16 624 -0.0052 -0.0017 31.3252
 48 624  0.0542 -0.0012 25.8506
 80 624  0.0000  0.0000 50.0386
112 624  0.2052 -0.0077 43.5887
144 624  0.0000  0.0000 42.5781
176 624  0.0000  0.0000 36.0614
208 624  0.0000  0.0000  1.0000
240 624 -0.0481  0.0031 10.7396
272 624  0.0000  0.0000 13.1900
304 624 -0.0106  0.0126 53.3696
336 624  0.0000  0.0000  1.0000
368 624  0.0000  0.0000  1.0000
400 624  0.0000  0.0000  1.0000
432 624  0.0000  0.0000  1.0000
464 624 -0.0062 -0.1152 87.1606
496 624  0.0000  0.0000 122.6113
528 624  0.0000  0.0000 37.6386
560 624  0.0000  0.0000  1.0000
592 624 -0.2273  0.3653 28.3277
624 624  0.0000  0.0000 14.4519
656 624  0.0000  0.0000  1.0000
688 624  0.0000  0.0000  7.9969
720 624 -0.0135  0.0155  5.2623
752 624  0.0000  0.0000 13.0171
784 624  0.0000  0.0000  5.5668
816 624  0.0000  0.0000  6.6819
848 624  0.0000  0.0000  1.0000
880 624  0.0000  0.0000  1.0000
912 624 -0.3699  0.0138 143.0462
944 624  0.0000  0.0000 180.3759
976 624 -0.1730  0.2450 52.3205
1008 624  0.0047  0.2844 27.5695
1040 624  0.0000  0.0000 10.3712
1072 624  0.0000  0.0000  1.0000
1104 624 -0.5342 -0.0037 15.7656
1136 624 -0.5343 -0.1192 138.3929
1168 624  0.0035  0.0962 13.9538
1200 624  0.0000  0.0000 330.8378
1232 624 -0.3632  0.0087 44.5567
1264 624  0.0000  0.0000  1.0000
1296 624  0.0000  0.0000  1.0000
1328 624  0.0000  0.0000  1.0000
1360 624  0.0000  0.0000  1.0000
1392 624  0.0013  0.0029 27.1303
1456 624  0.0000  0.0000  1.0000
1488 624 -0.0005  0.0003 39.0713
1520 624 -0.0004 -0.0014 39.7455
 16 656 -0.0010 -0.0004 44.2032
 48 656  0.0000  0.0000  1.0000
 80 656  0.0000  0.0000 10.9400
112 656 -0.0065 -0.0047 17.2079
144 656 -0.1080  0.1079 16.5687
176 656  0.0000  0.0000  5.7457
208 656  0.0000  0.0000  1.0000
240 656 -0.0264 -0.0607 15.1515
272 656  0.0000  0.0000  1.0000
304 656  0.0000  0.0000  1.0000
336 656  0.0000  0.0000  1.0000
368 656  0.0000  0.0000  1.0000
400 656  0.0000  0.0000 216.8881
432 656  0.0000  0.0000  1.0000
464 656  0.0014  0.0059 22.3613
496 656 -0.0089 -0.0026  9.5021
528 656  0.4009 -0.0058 15.2638
560 656  0.0000  0.0000  1.0000
592 656 -0.0178  0.0071 16.4327
624 656  0.0000  0.0000  1.0000
656 656  0.0000  0.0000  1.0000
688 656  0.0000  0.0000  1.0000
720 656  0.1298  0.4370  2.9175
752 656  0.0000  0.0000  1.0000
784 656  0.0000  0.0000  1.0000
816 656  0.0000  0.0000  1.0000
848 656  0.0000  0.0000  1.0000
880 656  0.0000  0.0000  1.0000
912 656  0.0000  0.0000 55.2743
944 656  0.0000  0.0000 15.4172
976 656 -0.3579  0.0273 21.0233
1008 656  0.2080  0.0299 13.6377
1040 656  0.0000  0.0000  1.0000
1072 656  0.0000  0.0000  1.0000
1104 656  0.0000  0.0000  1.0000
1136 656  0.0000  0.0000 23.3455
1168 656  0.0032  0.1531 23.5959
1200 656 -0.0042  0.2812 15.9853
1232 656  0.0000  0.0000  8.3237
1264 656  0.0000  0.0000  2.1363
1296 656  0.0000  0.0000 31.0327
1328 656  0.0000  0.0000  7.7142
1360 656  0.0000  0.0000  1.0000
1456 656  0.0000  0.0000  1.0000
1488 656 -0.0031  0.0027 52.5594
1520 656  0.0000  0.0000  1.0000
 16 688  0.0000  0.0000  1.0000
 48 688  0.0000  0.0000  1.0000
 80 688  0.0000  0.0000  1.0000
112 688  0.0000  0.0000  1.0000
144 688 -0.0857 -0.0010 27.7585
176 688 -0.1672  0.3497 86.4881
208 688 -0.0019 -0.0067 344.8137
240 688  0.0000  0.0000 38.4295
272 688  0.0000  0.0000  1.0000
304 688  0.1247 -0.0105 28.2071
336 688  0.0000  0.0000  1.0000
368 688  0.0000  0.0000  1.0000
400 688  0.0000  0.0000 18.0368
432 688  0.0000  0.0000  1.0000
464 688 -0.0078  0.4346 10.2820
496 688  0.1831  0.4176 19.0251
528 688  0.0000  0.0000  5.3112
560 688  0.0000  0.0000  6.4269
592 688  0.0037  0.0025 419.9614
624 688  0.0000  0.0000  1.0000
656 688  0.0000  0.0000  1.0000
688 688  0.0000  0.0000  1.0000
720 688  0.0000  0.0000  1.0000
752 688  0.0000  0.0000  1.0000
784 688  0.0000  0.0000  1.0000
816 688  0.0000  0.0000  1.0000
848 688  0.0000  0.0000  1.0000
880 688  0.0000  0.0000  1.0000
912 688 -0.2662  0.0016 73.5136
944 688  0.2127  0.1764 22.4822
976 688  0.0098 -0.2179 2597.3821
1008 688  0.0000  0.0000  1.0000
1040 688  0.0000  0.0000  1.0000
1072 688  0.0000  0.0000  1.0000
1104 688  0.0000  0.0000  1.0000
1136 688  0.0101  0.0108  9.3809
1168 688  0.0067 -0.0078 50.1724
1200 688 -0.0094 -0.0113 234.6526
1232 688 -0.0076 -0.0040 75.9952
1264 688  0.0000  0.0000 28.8611
1296 688 -0.0074  0.0137 53.1839
1328 688  0.0000  0.0000  1.0000
1360 688 -0.0044  0.0132 40.1170
1456 688  0.0000  0.0000  1.0000
1488 688  0.0008  0.0006 37.5871
1520 688  0.0038 -0.0009 53.9634
 16 720  0.0012 -0.0000 195.6326
 48 720 -0.0295  0.0004 23.2313
 80 720  0.0000  0.0000  1.0000
112 720  0.0000  0.0000  1.0000
144 720 -0.0511  0.3406 12.1690
176 720  0.0000  0.0000  1.0000
208 720 -0.0048 -0.0087 52.3115
240 720  0.0000  0.0000  1.0000
272 720  0.0147 -0.0016 31.9325
304 720  0.0057  0.0062  6.8065
336 720  0.0000  0.0000  1.0000
368 720  0.0000  0.0000  1.0000
400 720  0.0000  0.0000  1.0000
432 720 -0.0113  0.0059 10.8761
464 720  0.0000  0.0000 689.6922
496 720  0.1560  0.0004 42.8603
528 720  0.0000  0.0000  1.0000
560 720  0.0000  0.0000 66.0789
592 720 -0.1455  0.5297 17.8291
624 720  0.0220 -0.0005 18.5360
656 720  0.0000  0.0000  1.0000
688 720  0.0000  0.0000  1.0000
720 720  0.0000  0.0000  1.0000
752 720  0.0000  0.0000  1.0000
784 720  0.0000  0.0000  1.0000
816 720  0.0000  0.0000  5.0582
848 720 -0.0098 -0.0159  3.1824
880 720  0.0000  0.0000  1.0000
912 720 -0.0652 -0.1848 41.7871
944 720 -0.0014 -0.3366 55.1144
976 720  0.0000  0.0000 11.0712
1008 720  0.1510 -0.0235 512.0256
1040 720 -0.0102  0.1324 122.7433
1072 720  0.0000  0.0000  1.0000
1104 720  0.0000  0.0000  1.0000
1136 720 -0.0332 -0.0060 53.1714
1168 720  0.0008  0.0059 26.8812
1200 720  0.0060  0.0053 37.6192
1232 720  0.0000  0.0000  1.0000
1264 720 -0.0109 -0.0061 37.3443
1296 720  0.0112  0.0019 12.8965
1328 720  0.0000  0.0000 8993024.0000
1456 720 -0.0044  0.0053 29.4680
1488 720 -0.0071  0.0016 33.5392
1520 720  0.0000  0.0000  1.0000
 16 752  0.0000  0.0000  1.0000
 48 752 -0.0097  0.0156 16.5396
 80 752  0.0000  0.0000 23.9077
112 752  0.0000  0.0000  1.0000
144 752  0.0000  0.0000 185.6986
176 752  0.0000  0.0000  1.0000
208 752 -0.0078  0.2497 13.0974
240 752 -0.4316  0.3435  7.1796
272 752  0.0000  0.0000  1.0000
304 752  0.0021 -0.0133 670.4767
336 752 -0.0223 -0.3407 372.7158
368 752  0.0000  0.0000  1.0000
400 752  0.0000  0.0000  1.0000
432 752 -0.0104  0.0043 28.1461
464 752  0.0000  0.0000 28.3886
496 752  0.0000  0.0000  1.0000
528 752  0.0000  0.0000  1.0000
560 752  0.0000  0.0000 52.1653
592 752 -0.1500  0.1162 58.7600
624 752  0.0000  0.0000  3.9102
656 752  0.2909  0.4382 11.1347
688 752  0.0000  0.0000  1.0000
720 752  0.0000  0.0000  1.0000
752 752  0.0000  0.0000  1.0000
784 752  0.0000  0.0000  1.0000
816 752  0.0000  0.0000  1.0000
848 752  0.0000  0.0000  1.0000
880 752  0.0000  0.0000  1.0000
912 752  0.0000  0.0000  1.0000
944 752 -0.0053  0.1535 43.3749
976 752 -0.0127 -0.0157 23.5139
1008 752  0.0000  0.0000  6.9018
1040 752  0.0000  0.0000  1.0000
1072 752  0.0000  0.0000  1.0000
1104 752  0.0048 -0.0776 19.0277
1136 752 -0.0738 -0.0207 39.9126
1168 752  0.0326 -0.0140 21.8733
1200 752  0.0043  0.0022 30.1847
1232 752  0.0011 -0.0013 121.1731
1264 752  0.0028 -0.0025 68.6317
1296 752 -0.0040  0.1502 18.3906
1328 752 -0.0097  0.4927 15.3877
1488 752  0.0318  0.0039 29.9354
1520 752  0.0000  0.0000  1.0000
 16 784 -0.0021 -0.0029 99.0917
 48 784  0.0000  0.0000  1.0000
 80 784  0.0000  0.0000  1.0000
112 784 -0.3672  0.1481 22.6221
144 784  0.0000  0.0000 25.9707
176 784  0.0000  0.0000  1.0000
208 784  0.0543  0.3284  8.5666
240 784  0.0000  0.0000 10.1245
272 784  0.0000  0.0000  1.0000
304 784  0.0000  0.0000  1.0000
336 784 -0.1342 -0.1504 126.4232
368 784  0.0000  0.0000  1.0000
400 784  0.0000  0.0000  1.0000
432 784  0.0000  0.0000  1.0000
464 784  0.0000  0.0000  3.6406
496 784  0.0000  0.0000  1.0000
528 784  0.0000  0.0000  1.0000
560 784  0.0000  0.0000  1.0000
592 784 -0.3235  0.2261 183.6838
624 784  0.0124  0.0894 12.1137
656 784  0.0000  0.0000  1.0000
688 784  0.0000  0.0000  1.0000
720 784 -0.0052  0.1741 19.9600
752 784  0.2052 -0.1435 16.9405
784 784  0.0514  0.3549  9.2924
816 784  0.0138  0.0581 19.3261
848 784 -0.0486  0.0050  7.6567
880 784  0.3396 -0.0045 17.5653
912 784  0.0000  0.0000  1.0000
944 784 -0.4474 -0.0076 126.1071
976 784 -0.1912 -0.0017 29.3041
1008 784 -0.0147  0.0148 19.4431
1040 784  0.0000  0.0000  6.1572
1072 784  0.0000  0.0000  7.0399
1104 784 -0.0083 -0.0547 29.3200
1136 784 -0.0015  0.0017 31.2196
1168 784  0.0112  0.0084 36.5574
1200 784 -0.0062 -0.0003 20.1850
1232 784  0.1347  0.2189 54.8417
1264 784 -0.0029  0.0050 26.8543
1296 784  0.0018 -0.0062 37.0314
1328 784 -0.2182  0.0063 25.2818
1520 784  0.0000  0.0000  1.0000
 16 816  0.0000  0.0000  1.0000
 48 816 -0.0017  0.3062 16.0107
 80 816  0.0093  0.0410 20.0554
112 816  0.0000  0.0000  7.3361
144 816  0.0000  0.0000 15.9097
176 816  0.2753  0.0194 13.7515
208 816  0.0000  0.0000  1.0000
240 816  0.0000  0.0000  1.0000
272 816  0.0000  0.0000  8.8491
304 816 -0.0139  0.2638 10.9131
336 816 -0.1304  0.4216  8.3221
368 816  0.0000  0.0000  1.0000
400 816  0.0000  0.0000  1.0000
432 816  0.0000  0.0000  1.0000
464 816 -0.3159 -0.0238 52.6645
496 816 -0.0623  0.0105 14.3382
528 816  0.0000  0.0000  1.0000
560 816  0.0000  0.0000  1.0000
592 816  0.0167  0.3574 20.4994
624 816 -0.0081  0.1933 44.1390
656 816 -0.3315  0.0308 24.0168
688 816  0.0000  0.0000  1.0000
720 816  0.0000  0.0000  1.0000
752 816  0.0000  0.0000  3.4008
784 816  0.0147  0.0297 12.7910
816 816  0.2328  0.0444  9.5587
848 816  0.0000  0.0000 16.8610
880 816  0.0000  0.0000 28.5845
912 816  0.1356 -0.0612 39.5095
944 816 -0.0129  0.1364 14.2239
976 816 -0.0115  0.0064 120.7823
1008 816  0.0076  0.2376 16.9577
1040 816  0.0000  0.0000  3.2579
1072 816  0.0000  0.0000  1.0000
1104 816  0.0000  0.0000  1.0000
1136 816 -0.0019  0.0747 23.3991
1168 816  0.0080  0.0019 33.3665
1200 816  0.1302  0.0065 22.3555
1232 816 -0.0058  0.0001 83.0089
1264 816 -0.0039 -0.0105 76.7683
1296 816  0.0043  0.0029 40.2169
1328 816  0.0000  0.0000  1.0000
1360 816  0.0000  0.0000  1.0000
1520 816  0.0000  0.0000  1.0000
 16 848 -0.0024  0.0088 20.0265
 48 848  0.0077  0.0515 29.6071
 80 848 -0.0151 -0.0024 39.7340
112 848  0.0000  0.0000  1.0000
144 848  0.0000  0.0000  8.3139
176 848  0.0000  0.0000  1.0000
208 848 -0.3891 -0.0111 35.5138
240 848 -0.0045  0.0040 39.7838
272 848  0.2152  0.0075 36.0708
304 848  0.0000  0.0000  1.0000
336 848  0.0000  0.0376 42.9497
368 848  0.0000  0.0000  1.0000
400 848  0.0000  0.0000  1.0000
432 848  0.0000  0.0000  1.0000
464 848  0.0000  0.0000  1.0000
496 848  0.0000  0.0000  1.0000
528 848  0.0000  0.0000  1.0000
560 848  0.0000  0.0000  1.0000
592 848  0.0000  0.0000  1.0000
624 848  0.0000  0.0000  1.0000
656 848  0.0000  0.0000  1.0000
688 848  0.0000  0.0000  1.0000
720 848  0.0000  0.0000  1.0000
752 848  0.0000  0.0000  1.0000
784 848  0.1033  0.5199 17.7308
816 848 -0.1701 -0.0016 38.8207
848 848 -0.1242 -0.1096 110.3654
880 848  0.0000  0.0000 18.8271
912 848  0.0000  0.0000  1.0000
944 848 -0.0087  0.1729  8.3325
976 848  0.0000  0.0000 29.6687
1008 848  0.0000  0.0000  1.0000
1040 848  0.0000  0.0000 90.1683
1072 848  0.0000  0.0000  1.0000
1104 848 -0.0051  0.0570  9.0396
1136 848 -0.0050  0.0007 40.9384
1168 848  0.0096  0.1859 33.3293
1200 848  0.2571  0.1057 11.7316
1232 848  0.0000  0.0000 1683.2499
1264 848  0.0024 -0.0017 49.3860
1296 848 -0.0029  0.2266 14.1922
1328 848 -0.3263 -0.0117 2133.2500
1360 848  0.0034  0.0034 26.4130
1488 848  0.0000  0.0000  1.0000
1520 848  0.0002  0.0005 32.4435
 16 880 -0.0233 -0.0028 33.2923
 48 880 -0.0387 -0.0059 56.3514
 80 880  0.0023  0.0015 27.1186
112 880  0.0000  0.0000  4.8592
144 880  0.2850 -0.0181 44.6592
176 880  0.0000  0.0000  1.0000
208 880  0.0053 -0.0005 39.0794
240 880 -0.0388  0.3445 38.9753
272 880  0.0000  0.0000  1.0000
304 880 -0.3087 -0.0085 12.3581
336 880  0.0000  0.0000 420.2758
368 880 -0.1154  0.3280  7.6302
400 880  0.0000  0.0000  1.0000
432 880  0.2014  0.1974  9.4369
464 880  0.0000  0.0000 25.9474
496 880  0.1421  0.0103  5.5235
528 880  0.0000  0.0000  1.0000
560 880  0.0000  0.0000  1.0000
592 880  0.0126  0.0057 20.0964
624 880  0.0000  0.0000  1.0000
656 880 -0.2382  0.0299 13.0682
688 880  0.0000  0.0000  1.0000
720 880 -0.1532  0.1634 17.9756
752 880  0.0000  0.0000  1.0000
784 880  0.0000  0.0000  1.0000
816 880  0.0000  0.0000  1.0000
848 880  0.0000  0.0000  1.0000
880 880 -0.0634  0.1335  8.8412
912 880 -0.0056  0.3859 13.3161
944 880 -0.1811 -0.1048 39.9614
976 880  0.0000  0.0000 46.1170
1008 880 -0.0470 -0.0070 59.3160
1040 880  0.0000  0.0000  5.5792
1072 880  0.0000  0.0000  1.0000
1104 880  0.0072  0.0489 41.8148
1136 880 -0.0065  0.0077 34.0596
1168 880  0.0000  0.0000  1.0000
1200 880 -0.0046 -0.0167 53.5455
1232 880  0.0000  0.0000 13.1418
1264 880  0.0000  0.0000  1.0000
1296 880 -0.0064  0.0017 143.1909
1328 880  0.0000  0.0000 47.4223
1360 880  0.0000  0.0000  1.0000
1456 880  0.0050  0.0016 30.8135
1488 880  0.0157  0.0007 41.4318
1520 880  0.0000  0.0000  1.0000
 16 912  0.0001  0.0019 34.7697
 48 912  0.0051 -0.0017 39.6483
 80 912 -0.0002 -0.0021 26.5703
112 912  0.0000  0.0000  1.0000
144 912  0.0000  0.0000  1.0000
176 912  0.0000  0.0000 14.2667
208 912 -0.0768 -0.0063 62.5009
240 912  0.1617  0.0110 76.7477
272 912  0.0000  0.0000 26.1243
304 912  0.0000  0.0000 72.6495
336 912  0.0000  0.0000  1.0000
368 912  0.0000  0.0000 67.0294
400 912  0.0000  0.0000  1.0000
432 912  0.0000  0.0000  1.0000
464 912  0.0000  0.0000  1.0000
496 912  0.0000  0.0000  1.0000
528 912  0.0000  0.0000  1.0000
560 912  0.0000  0.0000  1.0000
592 912 -0.2047 -0.1237 642.0769
624 912  0.0000  0.0000  1.0000
656 912 -0.0014  0.1979  8.2474
688 912  0.2624 -0.0241  9.8929
720 912 -0.0939 -0.0205 10.3152
752 912  0.0000  0.0000  1.0000
784 912  0.0000  0.0000  1.0000
816 912 -0.3340  0.0022 13.0097
848 912 -0.1614  0.2642  5.4653
880 912  0.0000  0.0000  1.0000
912 912  0.0000  0.0000  1.0000
944 912 -0.0332  0.5024 96.1734
976 912  0.2761 -0.0281 11.9596
1008 912  0.0000  0.0000  1.0000
1040 912  0.0000  0.0000  5.2075
1072 912  0.0000  0.0000  1.0000
1104 912 -0.0025 -0.1064 37.4348
1136 912  0.0003  0.0023 12.0526
1168 912  0.1296 -0.0681 35.2547
1200 912  0.0000  0.0000 15.7853
1232 912  0.0022  0.0075 24.2057
1264 912  0.4127  0.0156 53.5521
1296 912  0.0000  0.0000 119.5741
1328 912  0.0324  0.0082 13.7044
1360 912  0.0033  0.0042 21.6697
1424 912  0.0062 -0.0022 40.5478
1456 912  0.0026 -0.0002 37.9161
1488 912  0.0030  0.0004 42.4798
1520 912  0.0007 -0.0005 74.2299
 16 944 -0.0004 -0.0001 44.6357
 48 944  0.0000  0.0000  1.0000
 80 944  0.0001  0.0794 32.5545
112 944 -0.0370  0.4769 11.3768
144 944 -0.1243  0.0072 19.9863
176 944  0.0000  0.0000  1.0000
208 944 -0.0025  0.3055 14.2252
240 944  0.0000  0.0000 28.5310
272 944  0.3321 -0.0153 45.2246
304 944  0.3456 -0.0124 10.5401
336 944  0.0000  0.0000  7.7449
368 944  0.0000  0.0000  1.0000
400 944  0.0000  0.0000  2.7098
432 944  0.0000  0.0000  5.7640
464 944 -0.0289  0.0018 29.5267
496 944  0.0000  0.0000  1.0000
528 944  0.0092 -0.0009 10.5159
560 944 -0.0627 -0.0086 14.5338
592 944 -0.2180  0.2543 10.4809
624 944  0.0000  0.0000  1.0000
656 944  0.0000  0.0000  1.0000
688 944  0.0000  0.0000  1.0000
720 944  0.0000  0.0000  1.0000
752 944  0.0047  0.1306 15.6917
784 944  0.0000  0.0000  1.0000
816 944  0.0000  0.0000  1.0000
848 944 -0.3904  0.2726 17.0347
880 944 -0.0028 -0.0132 18.9627
912 944  0.0000  0.0000  1.0000
944 944  0.0000  0.0000  1.0000
976 944  0.0000  0.0000  1.0000
1008 944  0.0000  0.0000  1.0000
1040 944  0.1251 -0.0021 8752640.0000
1072 944 -0.0957 -0.0109 17.1311
1104 944 -0.0063  0.1815 24.2424
1136 944  0.0000  0.0000  1.0000
1168 944  0.0000  0.0000  1.0000
1200 944  0.0010 -0.3069 120.3412
1232 944  0.0120 -0.0095 121.4000
1264 944  0.0000  0.0000 48.2583
1296 944  0.0373  0.0139 93.8710
1328 944  0.0000  0.0000  1.0000
1360 944  0.3733  0.0139 19.8315
1392 944  0.0152  0.0944 19.1608
1424 944 -0.0040  0.0051 31.3727
1456 944  0.0007  0.0042 31.2243
1488 944 -0.0041  0.0026 31.9168
1520 944 -0.0048  0.0005 30.4529
 16 976  0.0019 -0.0009 45.7797
 48 976  0.0014 -0.0026 24.2238
 80 976  0.0208  0.2144 39.8892
112 976  0.0000  0.0000  1.0000
144 976 -0.0452  0.0445 31.0131
176 976  0.0000  0.0000 13.4902
208 976  0.0000  0.0000  1.0000
240 976  0.0051  0.2859 13.9309
272 976 -0.0018  0.0493 32.1487
304 976  0.3540  0.0120 23.4540
336 976  0.0000  0.0000 25.9778
368 976  0.0000  0.0000  9.9570
400 976  0.0000  0.0000  1.0000
432 976 -0.1227 -0.0100 3293.5886
464 976  0.0000  0.0000  1.0000
496 976  0.0000  0.0000  1.0000
528 976  0.0000  0.0000  1.0000
560 976  0.0000  0.0000  1.0000
592 976 -0.1546  0.0050  8.2479
624 976  0.0000  0.0000  1.0000
656 976  0.0000  0.0000  1.0000
688 976  0.0000  0.0000  1.0000
720 976  0.0000  0.0000  1.0000
752 976  0.0665 -0.1371 15.1789
784 976  0.0000  0.0000  1.0000
816 976  0.0959  0.4857  4.5331
848 976 -0.1644  0.2660  9.8684
880 976  0.0197  0.0150 10.0892
912 976  0.0000  0.0000  1.0000
944 976  0.0000  0.0000  1.0000
976 976  0.0000  0.0000 34.9620
1008 976  0.1605 -0.1937 52.5735
1040 976  0.0000  0.0000  1.0000
1072 976  0.0041 -0.0010 14.8869
1104 976  0.0000  0.0000  1.0000
1136 976  0.1149  0.0866 22.3205
1168 976  0.0000  0.0000  1.0000
1200 976  0.0000  0.0000  1.0000
1232 976  0.0000  0.0000  1.0000
1264 976  0.3244 -0.0032 37.0661
1296 976  0.0122  0.0132 15.3582
1328 976  0.0000  0.0000  1.0000
1360 976  0.0156  0.0163 56.2525
1392 976 -0.0077 -0.0057 58.0683
1424 976 -0.1393 -0.0399 102.2200
1456 976  0.0000  0.0000  1.0000
1488 976  0.0031 -0.0025 38.0636
1520 976  0.0014 -0.0001 33.3551
 16 1008  0.0005 -0.0014 72.7749
 48 1008  0.0000  0.0000  1.0000
 80 1008 -0.1307  0.0016 25.2448
112 1008 -0.0609  0.0026 24.8586
144 1008 -0.0373  0.0144 40.1283
176 1008  0.0000  0.0000 106.9761
208 1008 -0.4073  0.0160 12.2936
240 1008 -0.0037 -0.0142 33.5514
272 1008 -0.0070  0.0026 20.1249
304 1008  0.0024 -0.0916 763.8369
336 1008  0.1952  0.1022 18.0262
368 1008  0.0000  0.0000 29.9715
400 1008  0.0000  0.0000  1.0000
432 1008  0.0000  0.0000 77.1430
464 1008  0.0000  0.0000  1.0000
496 1008  0.0000  0.0000  1.0000
528 1008  0.0000  0.0000  1.0000
560 1008  0.0000  0.0000  1.0000
592 1008  0.0000  0.0000  1.0000
624 1008  0.0000  0.0000  1.0000
656 1008  0.0000  0.0000  1.0000
688 1008  0.1826 -0.1891 15.8365
720 1008  0.0000  0.0000  1.0000
752 1008  0.0000  0.0000  1.0000
784 1008  0.0000  0.0000  1.0000
816 1008 -0.0711 -0.1967 18.7534
848 1008 -0.0097  0.1022 16.0522
880 1008  0.0000  0.0000  1.0000
912 1008  0.0000  0.0000  1.0000
944 1008  0.0000  0.0000 43.0000
976 1008 -0.2063  0.0025 21.1227
1008 1008  0.0000  0.0000  1.0000
1040 1008  0.0000  0.0000  1.0000
1072 1008  0.0000  0.0000  1.0000
1104 1008  0.0000  0.0000  1.0000
1136 1008  0.0000  0.0000  4.9115
1168 1008  0.0046  0.3499 24.8943
1200 1008  0.0000  0.0000  1.0000
1232 1008  0.0000  0.0000  1.0000
1264 1008  0.4651 -0.0127 11.2886
1296 1008 -0.0809  0.0011 13.2909
1328 1008 -0.1517 -0.0039 56.7300
1360 1008  0.0000  0.0000  1.0000
1392 1008 -0.0004 -0.0032 60.8434
1424 1008 -0.0049 -0.0013 21.5503
1456 1008  0.0000  0.0000  1.0000
1488 1008  0.0000  0.0000  1.0000
1520 1008  0.0009 -0.0003 51.5749
 16 1040  0.0004  0.0009 216.0909
 48 1040  0.0008 -0.0006 54.4101
 80 1040 -0.0083  0.0818 31.2625
112 1040 -0.0356  0.0199 35.9293
144 1040  0.0000  0.0000  1.0000
176 1040 -0.2720  0.0015 32.8550
208 1040  0.0000  0.0000  1.0000
240 1040 -0.0042  0.0047 21.5458
272 1040 -0.0065  0.0012 24.5398
304 1040  0.2309 -0.4774 5702399.0000
336 1040  0.2315 -0.2382 14.2673
368 1040  0.0000  0.0000 124.9354
400 1040  0.0000  0.0000  1.0000
432 1040  0.0000  0.0000  1.0000
464 1040  0.0000  0.0000  3.3920
496 1040  0.0000  0.0000  1.0000
528 1040  0.0000  0.0000  1.0000
560 1040  0.0000  0.0000  1.0000
592 1040  0.0000  0.0000  1.0000
624 1040  0.0000  0.0000  1.0000
656 1040 -0.0128  0.1963 23.6322
688 1040  0.0000  0.0000  1.0000
720 1040 -0.1049  0.0041 28.6198
752 1040  0.0000  0.0000  1.0000
784 1040  0.0000  0.0000  1.0000
816 1040  0.0022 -0.0825 36.6102
848 1040  0.0000  0.0000  1.0000
880 1040 -0.0058  0.0364 36.6422
912 1040  0.0000  0.0000  1.0000
944 1040  0.0000  0.0000  1.0000
976 1040  0.0000  0.0000  1.0000
1008 1040  0.0000  0.0000  1.0000
1040 1040  0.0000  0.0000  1.0000
1072 1040  0.0000  0.0000  1.0000
1104 1040  0.0000  0.0000  1.0000
1136 1040  0.0000  0.0000  1.0000
1168 1040  0.0000  0.0000  1.0000
1200 1040  0.0000  0.0000  1.0000
1232 1040  0.0000  0.0000  1.0000
1264 1040  0.0000  0.0000  1.0000
1296 1040 -0.0124  0.1673 33.1418
1328 1040  0.0065  0.2525 75.3758
1360 1040 -0.0066  0.3440 58.3095
1392 1040 -0.0035  0.0014 29.2260
1424 1040  0.0000  0.0000  1.0000
1456 1040 -0.0019 -0.0030 54.5597
1488 1040 -0.0009  0.0003 36.3495
1520 1040  0.0000  0.0000  1.0000
 16 1072  0.0000  0.0000  1.0000
 48 1072  0.0017 -0.0008 51.9907
 80 1072 -0.0030  0.0032 31.3961
112 1072  0.0000  0.0000  1.0000
144 1072 -0.0678  0.0107 67.6978
176 1072 -0.0091  0.0370 43.6060
208 1072  0.0031  0.0048 83.0121
240 1072  0.0000  0.0000  1.0000
272 1072 -0.1399  0.0952 18.9837
304 1072  0.0000  0.0000  7.9806
336 1072  0.0000  0.0000  1.0000
368 1072  0.0000  0.0000  6.2829
400 1072 -0.2587  0.4758 10.3445
432 1072  0.0000  0.0000  1.0000
464 1072  0.0000  0.0000 245.8577
496 1072  0.0000  0.0000  1.0000
528 1072  0.0000  0.0000  1.0000
560 1072  0.0000  0.0000  1.0000
592 1072  0.1020  0.1751 17.4792
624 1072  0.0000  0.0000  1.0000
656 1072  0.0000  0.0000  1.0000
688 1072  0.0000  0.0000  1.0000
720 1072  0.0000  0.0000  1.0000
752 1072  0.0000  0.0000  1.0000
784 1072  0.0000  0.0000  1.0000
816 1072  0.0000  0.0000  1.0000
848 1072  0.0000  0.0000  1.0000
880 1072  0.0001 -0.0373 11.9738
912 1072 -0.0048 -0.0581 24.6103
944 1072  0.0000  0.0000  1.0000
976 1072 -0.1122  0.2831 87.4254
1008 1072  0.0000  0.0000 10.6456
1040 1072  0.0000  0.0000  1.0000
1072 1072  0.0111 -0.0026 49.6763
1104 1072  0.0000  0.0000  1.0000
1136 1072  0.0000  0.0000  1.0000
1168 1072  0.0000  0.0000  5.0169
1200 1072  0.0000  0.0000  1.0000
1232 1072  0.0111  0.2389 21.9931
1264 1072  0.0000  0.0000  1.0000
1296 1072  0.0679  0.0130 28.6908
1328 1072  0.0000  0.0000  1.0000
1360 1072 -0.0051 -0.0021 83.4489
1392 1072  0.0826  0.1443 43.2034
1424 1072 -0.0085 -0.0099 29.0842
1456 1072  0.0000  0.0010 126.1290
1488 1072 -0.0025  0.0013 35.7715
1520 1072  0.0000  0.0000  1.0000
 16 1104  0.0000  0.0000  1.0000
 48 1104 -0.0004  0.0008 1530.9364
 80 1104  0.0000  0.0000  1.0000
112 1104  0.0412  0.1231 22.7188
144 1104 -0.0525 -0.0101 46.4508
176 1104  0.0000  0.0000  1.0000
208 1104 -0.0296  0.1301 21.5781
240 1104  0.0000  0.0000  1.0000
272 1104 -0.3718  0.0068 117.9908
304 1104  0.0000  0.0000  1.0000
336 1104 -0.0416  0.0294 61.4155
368 1104  0.0000  0.0000  1.0000
400 1104  0.0000  0.0000 97.8459
432 1104  0.0000  0.0000  6.3152
464 1104  0.0000  0.0000  1.0000
496 1104  0.0000  0.0000  1.0000
528 1104 -0.0468 -0.0159 23.4135
560 1104  0.0000  0.0000  1.0000
592 1104  0.0000  0.0000  1.0000
624 1104  0.0000  0.0000  1.0000
656 1104 -0.0527 -0.0079  8.4208
688 1104  0.0000  0.0000  1.0000
720 1104  0.0000  0.0000  1.8242
752 1104  0.0000  0.0000 12.0339
784 1104  0.0000  0.0000  4.1188
816 1104  0.2145  0.1862 12.4373
848 1104  0.0000  0.0000  1.0000
880 1104  0.0105  0.1226 10.2365
912 1104  0.0000  0.0000  1.0000
944 1104 -0.0915 -0.2079 376.2023
976 1104  0.0000  0.0000  1.0000
1008 1104  0.0000  0.0000  1.0000
1040 1104  0.0000  0.0000  1.0000
1072 1104 -0.3209  0.5007 10.5481
1104 1104  0.0000  0.0000  1.0000
1136 1104  0.1817  0.5359 13.2180
1168 1104  0.0000  0.0000  1.0000
1200 1104  0.0000  0.0000  1.0000
1232 1104  0.0006 -0.0037 2846.4023
1264 1104  0.0000  0.0000  1.0000
1296 1104  0.0000  0.0000  1.0000
1328 1104 -0.0046 -0.0058 61.7751
1360 1104 -0.0034 -0.0091 59.7036
1392 1104  0.0000  0.0000  1.0000
1424 1104  0.0096  0.0068 41.6311
1456 1104  0.0000  0.0000  1.0000
1488 1104  0.0011 -0.0004 626.5760
1520 1104  0.0000  0.0000  1.0000
 16 1136  0.0000  0.0000  1.0000
 48 1136  0.0000  0.0000  1.0000
 80 1136  0.0016 -0.0011 57.1558
112 1136 -0.0060  0.0037 54.0459
144 1136  0.0000  0.0000  1.0000
176 1136 -0.0010  0.0335 76.8373
208 1136 -0.0152  0.0007 98.8865
240 1136  0.0000  0.0000  1.0000
272 1136  0.0000  0.0000 21.1848
304 1136  0.0000  0.0000 12.8895
336 1136  0.0141 -0.0026 27.3622
368 1136  0.0000  0.0000  1.0000
400 1136  0.0685 -0.0279 14.6148
432 1136  0.0000  0.0000  1.0000
464 1136  0.0000  0.0000  3.0347
496 1136 -0.1244  0.0051  2.2387
528 1136  0.0000  0.0000  4.5690
560 1136  0.0000  0.0000  1.0000
592 1136  0.0000  0.0000  1.0000
624 1136  0.0000  0.0000  1.0000
656 1136  0.0000  0.0000  1.0000
688 1136  0.0000  0.0000  1.0000
720 1136  0.0000  0.0000  1.0000
752 1136  0.0000  0.0000  1.0000
784 1136  0.0154 -0.0114  8.4136
816 1136  0.0000  0.0000  2.4020
848 1136  0.0000  0.0000  1.0000
880 1136  0.0000  0.0000  1.0000
912 1136  0.0000  0.0000  1.0000
944 1136 -0.0023  0.4056  4.4926
976 1136  0.0000  0.0000 95.7028
1008 1136  0.0000  0.0000  3.6030
1040 1136 -0.0846  0.4304 16.8236
1072 1136  0.0000  0.0000  1.0000
1104 1136  0.0000  0.0000  9.9401
1136 1136  0.0000  0.0000  1.0000
1168 1136  0.0000  0.0000 3746.2703
1200 1136 -0.0125  0.0085 24.7987
1232 1136  0.0000  0.0000  1.0000
1264 1136  0.0000  0.0000  1.0000
1296 1136  0.0000  0.0000  1.0000
1328 1136  0.0026  0.1419 16.0795
1360 1136 -0.0767 -0.0082 82.5981
1392 1136 -0.0269 -0.0071 24.7843
1424 1136  0.0000  0.0000  1.0000
1456 1136 -0.0023 -0.0015 50.3344
1488 1136  0.0000  0.0000  1.0000
1520 1136  0.0000  0.0000  1.0000
 16 1168 -0.1054  0.0055  8.7580
 48 1168 -0.0018  0.0940 23.2449
 80 1168  0.0000  0.0000  1.0000
112 1168  0.0000  0.0000  1.0000
144 1168  0.0000  0.0000  1.0000
176 1168 -0.0155  0.0080 86.5646
208 1168  0.0000  0.0000  1.0000
240 1168 -0.0355  0.0779 20.4230
272 1168  0.0000  0.0000  1.0000
304 1168 -0.0044  0.5721 28.6356
336 1168 -0.0073  0.5301 270.9744
368 1168  0.0000  0.0000  1.0000
400 1168  0.0000  0.0000 7117503.5000
432 1168  0.1266  0.1957 17.8618
464 1168  0.0000  0.0000  1.0000
496 1168  0.0000  0.0000  1.0000
528 1168  0.0000  0.0000  1.0000
560 1168 -0.1253 -0.0056 51.6608
592 1168  0.0000  0.0000  1.0000
624 1168  0.0000  0.0000  1.0000
656 1168  0.0838  0.0740 1494.0054
688 1168  0.0000  0.0000  6.0585
720 1168  0.0000  0.0000  1.0000
752 1168 -0.0094  0.0131 13.7412
784 1168  0.0000  0.0000  1.0000
816 1168  0.0000  0.0000 79.8168
848 1168 -0.3114  0.1008  8.0875
880 1168  0.0031  0.4791 13.9189
912 1168  0.1907  0.5024 13.9641
944 1168  0.0000  0.0000 96.5438
976 1168  0.1750  0.5062 31.3704
1008 1168  0.0014  0.5607 20.7198
1040 1168  0.0002  0.5499 49.7052
1072 1168  0.0000  0.0000  1.0000
1104 1168  0.0000  0.0000  1.0000
1136 1168  0.0000  0.0000  1.0000
1168 1168  0.0000  0.0000  1.0000
1200 1168  0.0000  0.0000  1.0000
1232 1168  0.0000  0.0000  1.0000
1264 1168  0.0000  0.0000  1.0000
1296 1168 -0.0045  0.0590 13.7153
1328 1168  0.0000  0.0000  1.0000
1360 1168 -0.0028  0.1440 20.1212
1392 1168  0.0040  0.0085 29.1037
1424 1168 -0.0060 -0.0017 40.2228
1456 1168  0.0000  0.0000  1.0000
1488 1168 -0.0331  0.0124 14.0294
1520 1168  0.0000  0.0000  1.0000
 16 1200  0.0000  0.0000  1.0000
 48 1200 -0.0046 -0.0222 23.5373
 80 1200  0.0000  0.0000  1.0000
112 1200  0.0013 -0.0005 365.6850
144 1200  0.0000  0.0000  1.0000
176 1200 -0.0275  0.0089 35.0042
208 1200  0.0000  0.0000  1.0000
240 1200  0.0000  0.0000  1.0000
272 1200 -0.0048  0.0067 82.5914
304 1200 -0.0027  0.3763 29.8332
336 1200  0.2933 -0.2294 39.9374
368 1200  0.0000  0.0000  1.0000
400 1200  0.0000  0.0000  1.0000
432 1200 -0.0020  0.4532 21.0906
464 1200  0.0000  0.0000 13.5922
496 1200  0.0000  0.0000  1.0000
528 1200  0.0000  0.0000  1.0000
560 1200  0.0636  0.0040 11.3655
592 1200  0.0000  0.0000  7.6071
624 1200 -0.1923  0.5859  7.1676
656 1200 -0.0096  0.2025 38.7846
688 1200  0.0000  0.0000  1.0000
720 1200  0.0000  0.0000  1.0000
752 1200  0.0000  0.0000  1.0000
784 1200  0.0000  0.0000  1.0000
816 1200  0.0000  0.0000  1.0000
848 1200  0.0000  0.0000  1.0000
880 1200  0.0000  0.0000  1.0000
912 1200  0.0000  0.0000  1.0000
944 1200  0.0000  0.0000 186.6334
976 1200  0.0000  0.0000  1.0000
1008 1200  0.0000  0.0000  1.0000
1040 1200  0.0000  0.0000  1.0000
1072 1200  0.0000  0.0000  1.0000
1104 1200  0.0000  0.0000  1.0000
1136 1200  0.0000  0.0000  1.0000
1168 1200 -0.0009  0.1207 98.8513
1200 1200  0.0146  0.0145 12.8449
1232 1200  0.0146  0.4592 88.5807
1264 1200 -0.2618  0.3796 17.4987
1296 1200  0.0000  0.0000  1.0000
1328 1200 -0.1951  0.3390 39.8199
1360 1200  0.0000  0.0000  1.0000
1392 1200  0.0000  0.0000  1.0000
1424 1200 -0.0033 -0.0027 324.3498
1456 1200  0.0000  0.0000  1.0000
1488 1200 -0.1126  0.0019 26.1250
1520 1200  0.0000  0.0000  1.0000
 16 1232  0.0000  0.0000  1.0000
 48 1232  0.0000  0.0000  1.0000
 80 1232 -0.0375 -0.0355 22.0862
112 1232  0.0021  0.0024 74.8831
144 1232  0.0003  0.0004 56.1277
176 1232  0.0000  0.0000  1.0000
208 1232  0.0000  0.0000  1.0000
240 1232  0.0000  0.0000  1.0000
272 1232 -0.0669  0.0920 58.6908
304 1232  0.0000  0.0000  1.0000
336 1232  0.0000  0.0000  1.0000
368 1232  0.0000  0.0000  1.0000
400 1232  0.0000  0.0000  1.0000
432 1232  0.0000  0.0000  1.0000
464 1232 -0.0560  0.5669  9.1266
496 1232 -0.5177  0.0052 17.4000
528 1232  0.0000  0.0000  1.0000
560 1232  0.0230  0.2090 30.8827
592 1232  0.0000  0.0000  1.0000
624 1232 -0.0123  0.1829 16.0557
656 1232 -0.4268  0.5678 12.7450
688 1232  0.2416  0.0003 10.8540
720 1232  0.0000  0.0000  1.0000
752 1232  0.0000  0.0000  1.0000
784 1232  0.0000  0.0000  1.0000
816 1232  0.0000  0.0000  1.0000
848 1232  0.0000  0.0000  1.0000
880 1232  0.0000  0.0000  1.0000
912 1232  0.0000  0.0000  1.0000
944 1232  0.0000  0.0000  1.0000
976 1232  0.0000  0.0000  1.0000
1008 1232  0.0000  0.0000  1.0000
1040 1232  0.0000  0.0000 16.2700
1072 1232  0.3302  0.0087 14.5216
1104 1232  0.0553  0.0023 42.7534
1136 1232  0.0084  0.3772 40.0000
1168 1232  0.0000  0.0000  1.0000
1200 1232  0.0000  0.0000  1.0000
1232 1232  0.0000  0.0000  1.0000
1264 1232  0.0000  0.0000  1.0000
1296 1232  0.0000  0.0000  1.0000
1328 1232  0.0000  0.0000  1.0000
1360 1232  0.0000  0.0000  1.0000
1392 1232 -0.0070 -0.0042 78.7782
1424 1232  0.0014 -0.0009 11463679.0000
1456 1232 -0.1754 -0.0003 15.1613
1488 1232 -0.0125  0.0655 20.7429
1520 1232  0.0051 -0.0012 14.4880
 16 1264  0.0000  0.0000  1.0000
 48 1264 -0.0070 -0.0008 14.5082
 80 1264 -0.1335 -0.0066 27.8478
112 1264  0.0000  0.0000  1.0000
144 1264  0.0000  0.0000  1.0000
176 1264  0.0000  0.0000  1.0000
208 1264 -0.0082  0.0093 31.6644
240 1264 -0.0029  0.0451 56.2785
272 1264 -0.0029  0.0975  9.2558
304 1264  0.0000  0.0000  1.0000
336 1264  0.0000  0.0000  1.0000
368 1264  0.0000  0.0000 34.7847
400 1264  0.0000  0.0000  1.0000
432 1264  0.0000  0.0000 57.2730
464 1264  0.0000  0.0000  1.0000
496 1264 -0.0037  0.0116 66.2208
528 1264  0.0000  0.0000  9.4453
560 1264  0.0000  0.0000  1.0000
592 1264 -0.0016  0.0013 35.3536
624 1264  0.0000  0.0000  1.0000
656 1264  0.0000  0.0000  1.0000
688 1264  0.0000  0.0000 5144320.0000
720 1264  0.0000  0.0000  8.3920
752 1264  0.0000  0.0000  4.3557
784 1264  0.0000  0.0000  1.0000
816 1264  0.0000  0.0000  1.0000
848 1264  0.0000  0.0000  1.0000
880 1264  0.0000  0.0000  3.6487
912 1264  0.0000  0.0000  1.0000
944 1264 -0.0047  0.4371 111.4012
976 1264  0.0000  0.0000  5.8259
1008 1264  0.0000  0.0000  1.0000
1040 1264  0.0000  0.0000  1.0000
1072 1264  0.0000  0.0000  1.0000
1104 1264  0.0000  0.0000  1.0000
1136 1264  0.0000  0.0000  1.0000
1168 1264 -0.1734  0.5025 26.7756
1200 1264 -0.1895  0.4221 10.1851
1232 1264  0.0000  0.0000  1.0000
1264 1264  0.0000  0.0000  1.0000
1296 1264  0.0002 -0.0071 125.0227
1328 1264 -0.0020 -0.0019 137.2976
1360 1264  0.0000  0.0000  1.0000
1392 1264  0.0000  0.0000  1.0000
1424 1264  0.1785 -0.0041 11.9286
1456 1264  0.0044  0.0079 27.2368
1488 1264 -0.0100  0.0700 27.7273
1520 1264  0.0000  0.0000  1.0000
 16 1296  0.0027  0.0038 13.6575
 48 1296  0.0000  0.0000  1.0000
 80 1296 -0.1191  0.1309 11.5238
112 1296  0.0000  0.0000  1.0000
144 1296 -0.0044  0.0041 12.5046
176 1296  0.0000  0.0000  1.0000
208 1296  0.0000  0.0000  1.0000
240 1296  0.0000  0.0000  1.0000
272 1296  0.0000  0.0000  1.0000
304 1296  0.0000  0.0000  1.0000
336 1296 -0.0033  0.1561 82.0000
368 1296 -0.0102  0.0111 18.1780
400 1296  0.0000  0.0000  1.0000
432 1296 -0.0153  0.1708 8543872.0000
464 1296  0.0000  0.0000  1.0000
496 1296  0.0000  0.0000  1.0000
528 1296  0.0000  0.0000  1.0000
560 1296  0.0000  0.0000  1.0000
592 1296  0.0000  0.0000  1.0000
624 1296  0.0000  0.0000  1.0000
656 1296  0.0000  0.0000  1.0000
688 1296  0.0000  0.0000  1.0000
720 1296  0.0000  0.0000  1.0000
752 1296  0.0000  0.0000  1.0000
784 1296  0.0000  0.0000 291.1953
816 1296  0.0000  0.0000  1.0000
848 1296  0.0000  0.0000  1.0000
880 1296  0.0000  0.0000  1.0000
912 1296  0.0000  0.0000  1.0000
944 1296  0.0000  0.0000  1.0000
976 1296  0.0000  0.0000 7564288.0000
1008 1296  0.0000  0.0000  1.0000
1040 1296 -0.0004  0.0069 8006655.0000
1072 1296  0.0000  0.0000  1.0000
1104 1296  0.0000  0.0000  1.0000
1136 1296  0.1805  0.1661 26.7212
1168 1296  0.0007 -0.0044 18.2251
1200 1296  0.0000  0.0000  1.0000
1232 1296  0.0000  0.0000  1.0000
1264 1296  0.0000  0.0000  1.0000
1296 1296  0.0011  0.0022 120.8965
1328 1296  0.0006  0.0013 63.2919
1360 1296  0.0000  0.0000  1.0000
1392 1296  0.0038 -0.0482 56.2083
1424 1296  0.0000  0.0000  1.0000
1456 1296  0.0000  0.0000  1.0000
1488 1296  0.0000  0.0000  1.0000
1520 1296  0.0000  0.0000  1.0000
 16 1328  0.0000  0.0000  1.0000
 48 1328  0.0000  0.0000  1.0000
 80 1328  0.0000  0.0000  1.0000
112 1328  0.0000  0.0000  1.0000
144 1328  0.0000  0.0000  1.0000
176 1328  0.0028  0.2979  4.3146
208 1328  0.0000  0.0000  1.0000
240 1328  0.0000  0.0000  1.0000
272 1328  0.0646  0.0994 26.7857
304 1328  0.0000  0.0000  1.0000
336 1328  0.0000  0.0000  1.0000
368 1328  0.0000  0.0000  1.0000
400 1328  0.0000  0.0000  1.0000
432 1328  0.0000  0.0000  1.0000
464 1328  0.0000  0.0000  1.0000
496 1328  0.0000  0.0000  1.0000
528 1328  0.0000  0.0000  1.0000
560 1328  0.0000  0.0000  1.0000
592 1328  0.0000  0.0000  1.0000
624 1328  0.0000  0.0000  1.0000
656 1328  0.0000  0.0000  1.0000
688 1328  0.0000  0.0000  1.0000
720 1328  0.0000  0.0000  1.0000
752 1328  0.0000  0.0000 111.5658
784 1328  0.0000  0.0000  1.0000
816 1328  0.0000  0.0000 52.0053
848 1328  0.0000  0.0000  1.0000
880 1328  0.0000  0.0000  6.9779
912 1328  0.0000  0.0000  1.0000
944 1328  0.0000  0.0000  1.0000
976 1328 -0.2763  0.0063 8309631.0000
1008 1328  0.0000  0.0000  1.0000
1040 1328  0.0000  0.0000  1.0000
1072 1328  0.0000  0.0000 37.8250
1104 1328 -0.0041 -0.0050  9.4368
1136 1328  0.0000  0.0000  1.0000
1168 1328  0.0000  0.0000  1.0000
1200 1328 -0.0035  0.1601 26.9356
1232 1328  0.0000  0.0000  1.0000
1264 1328  0.0000  0.0000  1.0000
1296 1328 -0.0001  0.0001 91.5049
1328 1328  0.0000  0.0000  1.0000
1360 1328  0.0024  0.0092 15.6538
1392 1328  0.0000  0.0000  1.0000
1424 1328  0.0000  0.0000  1.0000
1456 1328  0.0000  0.0000  1.0000
1488 1328  0.0000  0.0000  1.0000
1520 1328 -0.0014  0.1576 15.9524
 16 1360  0.0000  0.0000  1.0000
 48 1360 -0.0041 -0.1559 29.1935
 80 1360  0.0000  0.0000  1.0000
112 1360  0.0010  0.2674 17.1667
144 1360  0.0000  0.0000  1.0000
176 1360  0.0000  0.0000  1.0000
208 1360  0.0000  0.0000  1.0000
240 1360  0.0000  0.0000  1.0000
272 1360  0.0000  0.0000  1.0000
304 1360  0.0000  0.0000  1.0000
336 1360 -0.0419  0.0122  8.4023
368 1360  0.0000  0.0000  1.0000
400 1360  0.0000  0.0000  1.0000
432 1360  0.0000  0.0000  1.0000
464 1360  0.0000  0.0000  1.0000
496 1360  0.0000  0.0000  1.0000
528 1360  0.0000  0.0000  1.0000
560 1360 -0.1134  0.3332 17.6135
592 1360  0.0000  0.0000  1.0000
624 1360  0.0000  0.0000  1.0000
656 1360  0.0000  0.0000  1.0000
688 1360  0.0000  0.0000  1.0000
720 1360  0.0000  0.0000  1.0000
752 1360 -0.0474 -0.3997 25.1883
784 1360  0.0000  0.0000  1.0000
816 1360 -0.2354  0.1585 18.8724
848 1360  0.0000  0.0000  1.0000
880 1360  0.0000  0.0000  1.0000
912 1360  0.0000  0.0000  1.0000
944 1360  0.0000  0.0000  1.0000
976 1360  0.0000  0.0000  1.0000
1008 1360 -0.4545  0.0721 10.8185
1040 1360  0.0000  0.0000  1.0000
1072 1360  0.0000  0.0000  1.0000
1104 1360  0.0000  0.0000  1.0000
1136 1360  0.0000  0.0000  1.0000
1168 1360  0.0000  0.0000  1.0000
1200 1360  0.0000  0.0000  1.0000
1232 1360  0.0000  0.0000  1.0000
1264 1360  0.0000  0.0000  1.0000
1296 1360  0.0000  0.0000  1.0000
1328 1360  0.0000  0.0000  1.0000
1360 1360  0.0000  0.0000  1.0000
1392 1360  0.0880  0.0911 15.7719
1424 1360  0.0000  0.0000  1.0000
1456 1360  0.0000  0.0000  1.0000
1488 1360  0.0000  0.0000  1.0000
1520 1360  0.0000  0.0000  1.0000
 16 1392 -0.0110  0.0027 48.1429
 48 1392  0.0000  0.0000  1.0000
 80 1392  0.0000  0.0000  1.0000
112 1392  0.0000  0.0000  1.0000
144 1392  0.0000  0.0000  1.0000
176 1392  0.0000  0.0000  1.0000
208 1392  0.0000  0.0000  1.0000
240 1392  0.0065 -0.0032 15.1818
272 1392  0.0000  0.0000  1.0000
304 1392  0.0000  0.0000  1.0000
336 1392 -0.0019  0.0025 17.5499
368 1392  0.0000  0.0000  1.0000
400 1392  0.0000  0.0000  1.0000
432 1392 -0.0585  0.0067 46.3411
464 1392  0.0000  0.0000  1.0000
496 1392  0.0000  0.0000  1.0000
528 1392  0.0000  0.0000  1.0000
560 1392  0.0000  0.0000  1.0000
592 1392  0.0000  0.0000  1.0000
624 1392  0.0000  0.0000  1.0000
656 1392  0.0000  0.0000  1.0000
688 1392  0.0000  0.0000  1.0000
720 1392  0.0000  0.0000  1.0000
752 1392  0.0000  0.0000  1.0000
784 1392  0.0000  0.0000  1.0000
816 1392  0.0000  0.0000  1.0000
848 1392  0.0000  0.0000  1.0000
880 1392  0.0000  0.0000  1.0000
912 1392  0.0000  0.0000  1.0000
944 1392  0.0000  0.0000  1.0000
976 1392  0.0000  0.0000  1.0000
1008 1392  0.0000  0.0000  1.0000
1040 1392  0.0000  0.0000  1.0000
1072 1392 -0.0044  0.0962 38.7214
1104 1392  0.0000  0.0000  1.0000
1136 1392  0.0000  0.0000  1.0000
1168 1392  0.0000  0.0000  1.0000
1200 1392  0.0000  0.0000  1.0000
1232 1392  0.0000  0.0000  1.0000
1264 1392  0.0000  0.0000  1.0000
1296 1392  0.0000  0.0000 18.3823
1328 1392  0.0000  0.0000  1.0000
1360 1392  0.0000  0.0000  1.0000
1392 1392  0.0000  0.0000  1.0000
1424 1392  0.0000  0.0000  1.0000
1456 1392  0.0000  0.0000  1.0000
1488 1392  0.0000  0.0000  1.0000
1520 1392  0.0000  0.0000  1.0000
 16 1424  0.0000  0.0000  1.0000
 48 1424  0.0000  0.0000  1.0000
 80 1424 -0.1172  0.0572 14.6429
112 1424  0.0000  0.0000  1.0000
144 1424  0.1996 -0.3663 12.0000
176 1424  0.0000  0.0000  1.0000
208 1424  0.0000  0.0000  1.0000
240 1424 -0.0447  0.0028 16.0357
272 1424  0.0000  0.0000  1.0000
304 1424  0.0000  0.0000  1.0000
336 1424  0.0000  0.0000  1.0000
368 1424  0.0000  0.0000  1.0000
400 1424  0.0000  0.0000  1.0000
432 1424  0.0085  0.0220 18.4718
464 1424 -0.0059  0.0022  7.4049
496 1424  0.0000  0.0000  1.0000
528 1424  0.0000  0.0000  1.0000
560 1424  0.0008  0.0918 85.2700
592 1424  0.0000  0.0000  1.0000
624 1424  0.0000  0.0000  1.0000
656 1424  0.0000  0.0000  1.0000
688 1424  0.0000  0.0000  1.0000
720 1424  0.0000  0.0000  1.0000
752 1424  0.0000  0.0000  1.0000
784 1424  0.0160  0.0012  7.5812
816 1424  0.0000  0.0000  1.0000
848 1424  0.0016  0.0946 14.6574
880 1424 -0.0049  0.0214 14.1318
912 1424  0.0000  0.0000  1.0000
944 1424  0.0000  0.0000  1.0000
976 1424 -0.0007  0.0015 30.7102
1008 1424  0.0000  0.0000  1.0000
1040 1424  0.0000  0.0000  1.0000
1072 1424  0.0000  0.0000  1.0000
1104 1424  0.0000  0.0000  1.0000
1136 1424  0.0000  0.0000  1.0000
1168 1424  0.0000  0.0000  1.0000
1200 1424  0.0000  0.0000  1.0000
1232 1424  0.0000  0.0000  1.0000
1264 1424  0.2576 -0.1324 10.7447
1296 1424  0.0000  0.0000  1.0000
1328 1424  0.0000  0.0000  1.0000
1360 1424 -0.0008 -0.0318 21.5833
1392 1424  0.0000  0.0000  1.0000
1424 1424  0.0355  0.1458 12.4082
1456 1424  0.0000  0.0000  1.0000
1488 1424 -0.0627 -0.2208 22.2188
1520 1424  0.0000  0.0000  1.0000
 16 1456 -0.1970 -0.0285 38.5000
 48 1456  0.0000  0.0000  1.0000
 80 1456 -0.0410 -0.2301 58.7143
112 1456  0.0000  0.0000  1.0000
144 1456  0.0000  0.0000  1.0000
176 1456  0.0000  0.0000  1.0000
208 1456  0.0000  0.0000  1.0000
240 1456  0.0000  0.0000  1.0000
272 1456  0.0000  0.0000  1.0000
304 1456  0.0000  0.0000  1.0000
336 1456  0.0000  0.0000  1.0000
368 1456  0.0000  0.0000  1.0000
400 1456  0.0000  0.0000  1.0000
432 1456  0.0000  0.0000  1.0000
464 1456  0.0000  0.0000  1.0000
496 1456  0.0000  0.0000  1.0000
528 1456  0.0000  0.0000  1.0000
560 1456  0.0000  0.0000  1.0000
592 1456  0.0000  0.0000  1.0000
624 1456  0.0000  0.0000  1.0000
656 1456  0.0000  0.0000  1.0000
688 1456  0.0000  0.0000  1.0000
720 1456  0.0000  0.0000  1.0000
752 1456  0.0000  0.0000  1.0000
784 1456  0.0000  0.0000  1.0000
816 1456  0.0000  0.0000  1.0000
848 1456  0.0000  0.0000  1.0000
880 1456 -0.0040  0.0071 97.4266
912 1456  0.0000  0.0000  1.0000
944 1456  0.0000  0.0000  1.0000
976 1456  0.0000  0.0000  1.0000
1008 1456  0.0000  0.0000  1.0000
1040 1456  0.0000  0.0000  1.0000
1072 1456  0.0000  0.0000  1.0000
1104 1456  0.0010  0.0010 24.9730
1136 1456  0.0000  0.0000  1.0000
1168 1456  0.0000  0.0000  1.0000
1200 1456  0.0000  0.0000  1.0000
1232 1456  0.0148 -0.0041 31.5667
1264 1456 -0.0010 -0.0062 55.4720
1296 1456  0.0247 -0.0321 11.0556
1328 1456  0.0000  0.0000  1.0000
1360 1456  0.0055 -0.2338 14.9519
1392 1456  0.0000  0.0000  1.0000
1424 1456  0.2316  0.0885 18.0986
1456 1456  0.0000  0.0000  1.0000
1488 1456  0.0000  0.0000  1.0000
1520 1456  0.0000  0.0000  1.0000
 16 1488  0.0205 -0.0222 21.1408
 48 1488  0.2713  0.0066  7.8617
 80 1488  0.0000  0.0000  1.0000
112 1488  0.0000  0.0000  1.0000
144 1488  0.2213  0.1333 18.9211
176 1488  0.0000  0.0000  1.0000
208 1488  0.0000  0.0000  1.0000
240 1488  0.0000  0.0000  1.0000
272 1488  0.0000  0.0000  1.0000
304 1488  0.0000  0.0000  1.0000
336 1488  0.0000  0.0000  1.0000
368 1488  0.1305 -0.0051 23.4474
400 1488  0.0000  0.0000  1.0000
432 1488  0.0000  0.0000  1.0000
464 1488  0.0000  0.0000  1.0000
496 1488  0.0000  0.0000  1.0000
528 1488 -0.0002  0.0026 45.2291
560 1488  0.0000  0.0000  1.0000
592 1488  0.0000  0.0000  1.0000
624 1488  0.0000  0.0000  1.0000
656 1488  0.0000  0.0000  1.0000
688 1488  0.0000  0.0000  1.0000
720 1488  0.0000  0.0000  1.0000
752 1488  0.0000  0.0000  1.0000
784 1488  0.0000  0.0000  1.0000
816 1488  0.0000  0.0000  1.0000
848 1488 -0.0013  0.0045 562.3499
880 1488  0.0000  0.0000  1.0000
912 1488  0.0000  0.0000  1.0000
944 1488  0.0000  0.0000  1.0000
976 1488  0.0000  0.0000  1.0000
1008 1488  0.0000  0.0000  1.0000
1040 1488  0.0000  0.0000  1.0000
1072 1488  0.0000  0.0000  1.0000
1104 1488  0.0000  0.0000  1.0000
1136 1488 -0.0483 -0.0039 40.2787
1168 1488  0.0768 -0.2113 10452992.0000
1200 1488  0.0000  0.0000  1.0000
1232 1488  0.0000  0.0000  1.0000
1264 1488 -0.0299  0.0045 14.9459
1296 1488  0.3437  0.0014  5.3286
1328 1488  0.0000  0.0000  1.0000
1360 1488  0.0000  0.0000  1.0000
1392 1488 -0.0246 -0.0008  8.7966
1424 1488 -0.0594  0.1540 19.2957
1456 1488  0.0000  0.0000  1.0000
1488 1488  0.0000  0.0000  1.0000
1520 1488  0.0000  0.0000  1.0000
 16 1520  0.0429 -0.0077  5.9085
 48 1520  0.1371  0.0002  9.9429
 80 1520 -0.0572  0.2237 12.8529
112 1520 -0.0142 -0.0062 11.6500
144 1520 -0.1738  0.0089 21.6923
176 1520  0.0032  0.0063 10.0943
208 1520 -0.0990 -0.0025 16.9180
240 1520 -0.0008  0.0013 28.7931
272 1520  0.0000  0.0000  1.0000
304 1520  0.0000  0.0000  1.0000
336 1520  0.0000  0.0000  1.0000
368 1520 -0.0116 -0.0029 15.9890
400 1520  0.0000  0.0000  1.0000
432 1520 -0.2675  0.0249  9.6528
464 1520 -0.0039 -0.0006 18.1667
496 1520 -0.0011 -0.0034 69.6428
528 1520  0.0000  0.0000  1.0000
560 1520  0.0000  0.0000  1.0000
592 1520  0.0000  0.0000  1.0000
624 1520  0.0000  0.0000  1.0000
656 1520  0.0002 -0.0005 35.5716
688 1520  0.0000  0.0000  1.0000
720 1520  0.0000  0.0000  1.0000
752 1520  0.0000  0.0000  1.0000
784 1520  0.0000  0.0000  1.0000
816 1520  0.0000  0.0000  1.0000
848 1520  0.0000  0.0000  1.0000
880 1520  0.0000  0.0000  1.0000
912 1520  0.0000  0.0000  1.0000
944 1520  0.0000  0.0000  1.0000
976 1520  0.0000  0.0000  1.0000
1008 1520  0.0000  0.0000  1.0000
1040 1520  0.0000  0.0000  1.0000
1072 1520  0.0000  0.0000  1.0000
1104 1520  0.0051  0.0017  5.2804
1136 1520  0.1355 -0.1171 21.7234
1168 1520  0.0000  0.0000  1.0000
1200 1520  0.0000  0.0000  1.0000
1232 1520  0.0000  0.0000  1.0000
1264 1520 -0.0091  0.0103 14.4028
1296 1520  0.0137  0.1351 30.2381
1328 1520  0.0000  0.0000  1.0000
1360 1520  0.2212  0.3895  3.8475
1392 1520  0.0000  0.0000  1.0000
1424 1520  0.0000  0.0000  1.0000
1456 1520  0.0000  0.0000  1.0000
1488 1520 -0.2109  0.0039  5.0380
1520 1520 -0.0405 -0.0555  8.4821
  0   0  0.0000  0.0000  0.0000
  0   0  0.0000  0.0000  0.0000
  0   0  0.0000  0.0000  0.0000
  0   0  0.0000  0.0000  0.0000
  0   0  0.0000  0.0000  0.0000
  0   0  0.0000  0.0000  0.0000
  0   0  0.0000  0.0000  0.0000
  0   0  0.0000  0.0000  0.0000
  0   0  0.0000  0.0000  0.0000
  0   0  0.0000  0.0000  0.0000
  0   0  0.0000  0.0000  0.0000
  0   0  0.0000  0.0000  0.0000
  0   0  0.0000  0.0000  0.0000
  0   0  0.0000  0.0000  0.0000
  0   0  0.0000  0.0000  0.0000
  0   0  0.0000  0.0000  0.0000
  0   0  0.0000  0.0000  0.0000
  0   0  0.0000  0.0000  0.0000
  0   0  0.0000  0.0000  0.0000
  0   0  0.0000  0.0000  0.0000
  0   0  0.0000  0.0000  0.0000
  0   0  0.0000  0.0000  0.0000
  0   0  0.0000  0.0000  0.0000
  0   0  0.0000  0.0000  0.0000
  0   0  0.0000  0.0000  0.0000
  0   0  0.0000  0.0000  0.0000
  0   0  0.0000  0.0000  0.0000
