VARIABLES= "X pix", "Y pix", "U pix/dt", "V pix/dt", "CHC", ZONE I=48, J=48
 16  16 -0.0786  3.5535  8.6708
 48  16 -3.8322  2.8592  4.3113
 80  16 20.7331  2.7871  8.0877
112  16 17.5180 -16.0860  5.9805
144  16 -0.3275 -0.0291  8.0582
176  16 -0.4982  0.1989 10.3386
208  16 -5.9270  9.6602  4.1323
240  16 -4.8391 -11.1702  5.2675
272  16 16.2603 -0.1069 10.3597
304  16 -8.5884 -0.0360  7.4231
336  16 17.7031 -0.2383  5.9889
368  16 20.4078 -13.0287  8.1153
400  16 -15.9595 -0.4748  4.9592
432  16 -5.5286 -21.3012 11.0559
464  16  3.8616 -24.1418  7.8235
496  16 -0.6277 -21.2633  6.7413
528  16  0.0245 -12.8471 10.5441
560  16 10.7738 -22.2556  4.4207
592  16  0.0645  0.4863  9.2120
624  16  0.0548 -0.1501  9.2679
656  16 -9.7909 -0.1143  7.8046
688  16 -17.1100  5.2249 10.1982
720  16 21.7086  0.3803  8.2411
752  16 -8.5998 -3.3805  7.2107
784  16 -0.2238 -0.1503 12.0460
816  16 -18.3627 -0.0791  8.7425
848  16 -20.7373 -0.3041  7.0736
880  16 13.2492  0.3505  4.9791
912  16  0.2144 -3.4230  9.7541
944  16 -6.4722 -15.8621  8.3056
976  16 -14.3598  0.1389  7.7253
1008  16 13.7994 -0.4649  8.8291
1040  16 17.9320  2.8501 13.9274
1072  16  9.6372  3.5613  5.0496
1104  16 -23.8012 -20.7185  5.6269
1136  16  2.1468 -18.4036  9.5184
1168  16 13.8281 -0.4002  5.3161
1200  16 -0.1786 -0.3893  6.7144
1232  16  3.6386  0.1179 10.0731
1264  16  8.2129  3.8946  5.3340
1296  16 22.0767  0.3067  8.5971
1328  16 13.2657 13.1426  6.6189
1360  16 -7.8287  0.4759 10.7613
1392  16  0.4526 -7.9405  8.0934
1424  16 -10.2267 -0.2047  7.0180
1456  16  0.3060  0.1743  7.5143
1488  16 -22.1290 -3.8332 10.1521
1520  16  1.9804  0.1022 10.7021
 16  48 -0.4661  0.1751  6.0159
 48  48  7.9039  2.0978  5.8395
 80  48 -0.3450 11.1818  8.8742
112  48 -0.3816 14.8686  8.0720
144  48 11.3213  9.6113  9.6011
176  48  0.2396 17.0528  7.4209
208  48 -2.7225  5.7154  7.3193
240  48 -19.6385 16.4095  9.0434
272  48 19.9319 -11.7422  6.2870
304  48 12.1319 -17.3056  8.0856
336  48 20.7405 -15.5500  5.2108
368  48  0.2826 -0.4688  4.7048
400  48  0.0314 -21.2195  9.0872
432  48  0.0379 -11.8666  6.7915
464  48 -25.9007 -17.8509  8.2546
496  48 12.7710 -19.5975  8.0432
528  48  0.2093 -18.1669  9.0721
560  48  4.6947 -5.2221  6.9202
592  48 -0.1182  0.0003  9.3888
624  48 -0.1294  0.2229  6.3020
656  48 -10.8679  8.1654  5.2770
688  48 -20.4528  7.8387  7.3200
720  48 21.3489 -7.9025  8.0085
752  48 -0.4720 -0.3846  7.3608
784  48 -0.2343 -2.5518 10.3026
816  48 -11.0997 -2.5994  9.4493
848  48  0.3092 -16.9302  4.3937
880  48 -0.3820  3.6586  8.0790
912  48 -0.0954 -0.0810  8.9606
944  48  2.5595 -2.2010  6.5662
976  48 -12.2307  4.3170  6.0544
1008  48  2.0335 11.8566  9.4701
1040  48  6.0483 -10.3601  6.7649
1072  48 -4.6322 -18.1870  6.8493
1104  48 -20.8183 -10.2107  4.7027
1136  48 19.6266  0.1370  7.4395
1168  48 -0.2184 -13.3542 14.7180
1200  48 -0.1179  0.2456  6.3388
1232  48 -2.9331 -0.1754  5.5572
1264  48 -13.2345 -12.9098  6.0270
1296  48 19.7516 -0.0540  6.7400
1328  48 10.7175 -0.3200  7.4585
1360  48 -6.9708 -0.1616  8.9696
1392  48  6.8037 24.1550  7.3021
1424  48 -6.3452 12.1223  5.7464
1456  48 -20.2330 -14.3323  5.7559
1488  48 -0.0448 -0.0176  6.2792
1520  48  0.0487 -0.2815  6.9699
 16  80  0.4061 -6.2546  8.2695
 48  80 -11.1320  5.9770  6.4769
 80  80 -1.6404 -0.1983  6.3953
112  80 20.7066 -0.3647  4.4590
144  80 -5.9943  2.8985  6.5133
176  80 -0.3464 15.6330  4.6422
208  80 -11.0744  0.1069  4.8125
240  80 -18.3630  7.3985  6.8801
272  80 -16.2128  0.1417 10.1028
304  80 16.1952 -20.0484  5.2485
336  80 14.9040 -8.3199  7.2683
368  80  0.3265 -0.4093  6.3786
400  80 -0.1367 -9.6341  8.8429
432  80  0.2904 -10.9744  7.4886
464  80 -18.7983 15.8558  7.0039
496  80  2.5000 11.2821  7.0784
528  80  0.0169 -0.4674  8.3225
560  80 11.2545 -16.1086  6.9233
592  80 23.5362 -5.9214  7.2651
624  80 -0.2376  0.1834  7.9885
656  80 -0.0181  0.0203  7.3726
688  80 -18.2799  0.1133  6.2977
720  80 19.1357 -0.1319  6.8299
752  80 -0.3866  0.1063  9.9689
784  80  0.1303 -14.9452  8.6655
816  80 -3.4671 -1.5357  8.5412
848  80  0.0516  3.1724  7.8362
880  80 -0.4434 13.5023 10.7431
912  80 -0.1101  2.7853  9.4170
944  80 18.5348 -5.5282  9.1868
976  80 -10.7751 -23.6279  6.2457
1008  80  6.4346 -12.3309  4.9812
1040  80 -22.9883  0.3690  8.5229
1072  80 11.0048 -14.7854  4.6688
1104  80 -19.5943 -0.3577  4.6654
1136  80 23.8322  8.2268  8.8061
1168  80  0.5970 23.5930 10.8408
1200  80  2.9265 21.0489  7.7702
1232  80 -18.0866 -0.8871  6.0847
1264  80 18.7936  4.0080  8.1924
1296  80 24.3332 -12.7839  9.5773
1328  80 -0.0871 -20.9131  9.0511
1360  80 18.8796  0.0878  6.3377
1392  80 -0.4338 -0.2139  6.8380
1424  80 -2.3853 -11.0236  6.7746
1456  80 -12.1706  4.9464  7.0962
1488  80  0.0183 -14.0586 11.2366
1520  80 18.4737 -7.9886  8.2170
 16 112 21.0503 20.9412  6.1151
 48 112 -22.6476  0.6587  5.7813
 80 112 -19.0655  9.3907  7.6651
112 112 13.1719 -15.6457  8.7630
144 112  2.0333 -5.4194  4.9118
176 112 -0.1034 -0.2031  5.7920
208 112 -7.9076  0.0811  8.2274
240 112 -20.9727  0.1952  8.2214
272 112 -11.2053 -0.0784  8.5080
304 112  0.1067 14.5161  6.2938
336 112 21.1016  0.0265  5.6292
368 112 15.5257 -0.1119  8.2075
400 112 -3.0207 13.3710  6.5936
432 112  6.0304  0.1752  6.4648
464 112 23.2748  0.3113  7.5206
496 112  4.0052  1.3211  6.7048
528 112  0.0065  7.9897  7.5613
560 112 27.1236  0.2769  4.6200
592 112 18.9804  0.2506  6.9015
624 112 -0.1452 -0.2704  5.9511
656 112 -2.0119 -10.1692  5.7247
688 112 -20.0159  0.3936  7.5144
720 112 -0.1706  0.2720  9.2082
752 112 -0.2272 -0.3835 10.6153
784 112 -3.0615  0.0279  6.0420
816 112 20.3935  0.3784  6.6263
848 112  7.4445 14.1727  6.8122
880 112 -0.1670 -0.3517  5.1892
912 112  1.2276 -0.0003  7.1961
944 112  9.4145 -2.5116 11.6932
976 112 -20.7080  0.0113  8.4724
1008 112  2.2956 -3.6298  7.6392
1040 112 -21.0206 -25.6253  9.2757
1072 112 -4.9441 -12.6033  5.3362
1104 112 -7.5991 19.3809  9.4472
1136 112 26.6543 -0.0257 11.1127
1168 112  2.6620 -0.2205  7.3214
1200 112 -10.7042 -12.8224  4.8924
1232 112 -19.7645  0.0802  9.1443
1264 112 11.0055 -12.9606  7.7938
1296 112  0.0928 -20.5492  7.9253
1328 112 -0.0740 -0.2149  9.2752
1360 112  0.6283 -0.0318  4.3147
1392 112 -0.4755 -16.2848  7.2047
1424 112  0.8239 -16.4323 10.1726
1456 112 -10.3203  0.0821  8.0872
1488 112  3.4530 -0.1126 10.6217
1520 112 21.0756 10.5159  8.8233
 16 144 16.2193 -10.1393  8.1494
 48 144 -18.8529  0.0157  4.3089
 80 144 -20.8352  9.9624  7.8591
112 144 -0.2798  0.0874  5.6850
144 144 -0.5469  0.3317  7.7504
176 144  0.0225 -5.9165  8.5593
208 144 -1.0431 -13.2842  7.9758
240 144 -23.7940 -0.4692  6.8439
272 144 -5.6531  4.0733  7.1897
304 144 -1.3372  0.3651  9.4519
336 144 -0.0454 -0.1326  7.6513
368 144  8.1750  0.1890  6.4631
400 144 -10.8748 20.0833  5.9507
432 144  0.2849 -0.0763  9.7925
464 144 -0.1681  0.3367 10.9707
496 144 14.1870  8.7789  6.5740
528 144 -0.8742  7.3771  7.0891
560 144 14.0104 15.6604  9.6347
592 144  0.2799  0.2668  8.6288
624 144 -0.0691  0.0253  7.0009
656 144 10.8145  0.0750  7.7805
688 144 -23.0390 -0.0996  8.7095
720 144 18.6786 -19.3115  5.8579
752 144  0.3915 12.0594  4.6018
784 144 21.4802 13.9143  6.3094
816 144  0.0650  0.0194 11.5320
848 144 -10.3139  3.4009  4.0861
880 144  0.0636 -3.1882  9.6919
912 144  6.5405 -23.3977  7.1332
944 144 17.5592 -9.8932  5.8491
976 144 -0.2722 -13.6835 16.0905
1008 144 -4.8154 -23.1112 12.1347
1040 144 -5.8651 -11.0276 10.1669
1072 144 -0.4700 -0.1095  5.0007
1104 144 -20.1918  6.5869  7.8455
1136 144 18.8349 -0.2205  9.9192
1168 144  8.1186 -0.3101  5.1138
1200 144 -10.9947 -17.9852  6.5624
1232 144 -6.3116  0.0156  8.9928
1264 144 -16.0108  2.3336  6.3712
1296 144 10.7001 -6.8919  5.5046
1328 144 -17.1842 -5.7079  6.1162
1360 144 -2.3566 -21.1732  7.4539
1392 144  0.1587 -15.6396  6.3797
1424 144 -0.0876 -0.0500  9.3992
1456 144  0.1749  0.9435 11.3314
1488 144 21.2473 10.4457  6.7818
1520 144 16.9553 -0.0365  9.7234
 16 176 -0.3246  0.4942  9.6798
 48 176  7.9116 -21.9529  6.3692
 80 176 -4.7170 -5.6622  7.9653
112 176 -0.3553 -7.5607  8.5140
144 176 -10.3373 -4.0236  6.6172
176 176 16.6083 -19.7118  5.6207
208 176 -0.0215 -0.0351  5.8727
240 176 -9.9311 -0.1829  6.6153
272 176 -6.2281 15.8863  6.3803
304 176 -20.7490  0.4314  8.2077
336 176  3.6460  0.0328  7.9829
368 176 -0.1922  0.1693  8.5069
400 176 -20.3653  0.0792  8.7809
432 176  0.1559 -4.9602  7.7659
464 176 -0.1902 -0.4433  7.1067
496 176  3.1058 -0.2833  6.7504
528 176  5.2832  0.2255  5.4352
560 176 13.0203 -12.9153  8.8389
592 176  0.2460 -0.1867  7.9176
624 176 -14.7580  0.2105  6.1449
656 176  6.2838 -0.2847  7.4043
688 176 -23.0465 -4.0814  7.3721
720 176  2.2892 -11.4507  4.8788
752 176  0.4926 -0.1962  9.2484
784 176 20.3718  0.0744  5.6062
816 176 -0.1050 -4.0079  7.7083
848 176 -0.3577 -4.8242  7.7637
880 176 -4.9056 -18.6689  6.7264
912 176  0.0737  7.2434  4.7386
944 176 11.9086 -1.1160  7.3822
976 176  0.8552  8.1074 10.1002
1008 176  1.6255 -5.2152  4.9999
1040 176 -0.1955 -13.4722  7.1436
1072 176 19.5368 -0.4829 11.9800
1104 176  6.0811  2.5981  9.0306
1136 176 20.9043 -2.3081  8.1065
1168 176  0.3610 -20.7131  9.2810
1200 176 -2.2265 -0.0468  9.7896
1232 176 -26.5360  0.1479  8.9538
1264 176 -0.1483 -0.4510  4.6204
1296 176  0.1581 -21.6017 11.5922
1328 176 -23.5131 -21.2575  7.8725
1360 176 -15.6635 -19.8512  6.3335
1392 176 11.7072 -0.2646  8.3732
1424 176  0.0749  0.0365  9.9562
1456 176  3.6603 -0.2171  6.8279
1488 176  3.1436 -0.2883 11.2886
1520 176 -0.2514 -23.7267  5.6505
 16 208  0.1400  7.0510 10.1789
 48 208 11.9219 17.7178 10.4016
 80 208 -2.8545 16.2394  8.5737
112 208  0.9536 23.9728  5.6391
144 208  0.1814  3.7142  9.7163
176 208 -0.1887 20.5686  7.4295
208 208 17.9577 13.1841  8.6588
240 208 -20.6437 19.2897  9.9321
272 208 -21.4924 11.4811  8.2011
304 208 -18.4974  0.0271  7.9270
336 208  9.7347 -0.4285  7.3112
368 208  7.5646  0.3147  7.0609
400 208  5.2864 -0.3301  6.7796
432 208 -21.0638 -3.9461  6.3204
464 208 -6.4090 -5.9031  7.0566
496 208 18.9874 -5.5923  4.5464
528 208  2.0651 -13.9799  9.0153
560 208 -2.8156 14.7563  8.0789
592 208 17.7957  0.8101  6.7883
624 208 -6.2103 -0.0757  6.2847
656 208 22.2061 -0.1565  5.8967
688 208  0.1444  0.4206  9.2461
720 208 -9.8939 16.2953  6.0525
752 208  1.3151  1.1989  7.6246
784 208 22.1105 -1.3344  5.2320
816 208 -11.8588  0.1256  7.4055
848 208 -2.6506 -3.4789 11.6621
880 208 -7.3052  0.3250  6.4050
912 208  7.0416 14.2440  6.9304
944 208 -8.8322 -0.1566  6.8853
976 208 11.0850 14.8310  4.3205
1008 208  1.7932 -16.1245  6.8064
1040 208  0.2227 -4.5896 15.4213
1072 208 10.4168  0.2961  8.8376
1104 208  4.2642 -1.4799  8.5808
1136 208 20.6759 -15.7074  8.1875
1168 208 15.7521 -21.0628  5.3691
1200 208 -6.2672  8.8149  7.0312
1232 208 -23.5846  5.9596  7.7333
1264 208 -22.7550 -0.1915  7.7364
1296 208 -0.1695 -0.1449  8.5370
1328 208 -8.3498  0.1112  7.2720
1360 208  0.3027  0.0547  8.7616
1392 208  0.2119 -0.2234 11.6554
1424 208  0.0265 -0.2838  8.8691
1456 208  3.9406 -0.1637 10.6376
1488 208 -6.2100  0.0227  8.6109
1520 208 17.9942 -0.4499  9.0746
 16 240  3.7821  3.0987  5.8318
 48 240 -0.3231  0.1787 11.8229
 80 240  7.5151 -2.6993 11.1092
112 240 -10.8532 12.6076  6.9980
144 240  0.7331 -0.5963  8.9199
176 240  0.0752 -7.5774  6.3214
208 240 -0.2277 -6.7156  6.6850
240 240 -16.0016 -0.0109  5.9923
272 240 -25.9707  0.2211  4.5603
304 240 -12.8120 21.9932  6.7114
336 240 -14.7224 14.3180  9.0032
368 240  0.0312 -7.7258  9.6148
400 240 -2.5429  0.1555  9.3054
432 240 -16.1315 -0.0093  6.0621
464 240 -6.6848  0.1110  6.0746
496 240 -12.7749  0.1500  8.6629
528 240  1.2117 -10.5676  6.3977
560 240  0.1463 -0.3704  5.0113
592 240  0.4525  2.5434  5.7391
624 240 -9.8844 20.2407  5.8827
656 240 19.6984 11.0618  5.7801
688 240  0.0531 -0.1809  7.1971
720 240 -23.0222  9.3991  8.5902
752 240  0.1500  1.9539  5.0850
784 240 -8.4833 -11.2183  7.4759
816 240 -20.2068 -25.8477  6.6853
848 240 -0.1644  0.1821  7.4171
880 240 21.8019  3.5226  4.9478
912 240 -15.1832  8.9356  8.2577
944 240 -16.0477  7.5646 10.0302
976 240 15.7682  6.3948  4.7314
1008 240 19.0520  4.5981  8.1987
1040 240  0.1177 -0.2803  8.3303
1072 240 12.5344 -0.0729  5.9963
1104 240 -16.9952 12.8534  8.9383
1136 240  0.2974 16.8295  6.8751
1168 240 20.3648  6.8159  8.0667
1200 240 11.7183  0.0113  8.5564
1232 240 -19.7345 -5.7652  9.3534
1264 240 -19.0169 -7.7253  7.2752
1296 240 -15.7866 -0.0415  7.3494
1328 240  0.0715 -0.0157  8.5513
1360 240 -0.2910  0.1712 13.2863
1392 240  0.4570  0.4707  7.9110
1424 240  0.2147  1.6330  7.4632
1456 240  2.8952  1.9664  7.3513
1488 240 -11.9539  6.0248  6.2347
1520 240 20.2393 16.4415  9.3697
 16 272  1.6966 -0.0279  8.5619
 48 272  0.1345  6.4853  9.3884
 80 272  0.3743  5.7869  5.4087
112 272 -0.0080 -2.1043  6.8615
144 272 -0.0561 -3.0950  6.3359
176 272 -0.1504 -7.9718  8.8321
208 272 12.3090 -7.7109  5.1980
240 272 -0.0068 -0.1739  8.4627
272 272  0.1370  0.1905  6.1746
304 272 -14.1271 19.6645  5.6317
336 272 -20.3112 11.5612  7.8020
368 272 -0.3337  8.4499  7.5649
400 272 -1.0709  0.0681  7.0334
432 272 -16.7637 -0.2688  8.6502
464 272 -8.8887  0.1169  7.5061
496 272 -16.3991 -0.3135  6.3515
528 272  0.4797  0.2353  8.1088
560 272 25.7559 -5.9726  7.0098
592 272  0.5281 13.7768  7.1492
624 272  6.8762 -8.4498  6.0240
656 272 24.1271  3.1058 11.3213
688 272 -16.1510  4.4974  7.6708
720 272 -3.2489 -7.7163  6.7398
752 272 -15.3525 -0.4176  6.0139
784 272 -0.3097 11.4586  6.2491
816 272  0.2119  9.6320  7.2828
848 272  0.1470  1.5193  7.1840
880 272 -3.4662  5.4496  6.3973
912 272 -21.6403 -0.0840  7.6843
944 272 -9.9009  0.1900  6.4924
976 272 15.8092 11.1486 15.4584
1008 272 14.3622 -3.6934  8.1533
1040 272 -0.2331  7.6010 11.2885
1072 272 -3.7683  9.4318  8.9858
1104 272 -26.1842 21.0531 15.3302
1136 272 -2.4648 19.0608  8.4942
1168 272 22.3049 21.0328  7.8593
1200 272  5.9712 -0.1614  7.3489
1232 272 -21.9800  0.2144  8.2180
1264 272 -21.2598  0.1077  8.8551
1296 272  0.4047  0.3144 10.3953
1328 272 -0.0815  0.0047  9.4263
1360 272  0.2053  0.3581  9.9552
1392 272  0.4196  0.4822  4.8094
1424 272  0.9819 13.7181  5.2777
1456 272 -0.0580 19.8043  6.1616
1488 272  0.1413 19.8941  5.8860
1520 272  6.2092  0.0819  6.4343
 16 304 -5.7841  9.7947  7.6692
 48 304 -13.8394 -0.0574  6.3334
 80 304 -0.4013 -13.7209  8.4300
112 304 -0.0667 -19.6635  4.7268
144 304  4.3929 -3.1021  7.4698
176 304  0.0119 -7.5961  5.2454
208 304  0.0373 -10.9249  7.9744
240 304 -0.0588 -13.2420  7.0740
272 304  3.8048 -13.4044  7.5068
304 304 -0.2992 -0.4558  6.2149
336 304 -20.6125 14.2027  7.4932
368 304 -0.2763 19.2384  6.3902
400 304 -0.0111  0.1418  8.1355
432 304 -18.8110 -0.3187  6.9834
464 304  3.0780 -0.1275 11.8050
496 304 -23.5100 20.9415  9.9474
528 304 -2.8214 -2.1040  7.0621
560 304 11.9834  0.0908  7.1754
592 304  0.1049 -0.0895  5.4910
624 304 -3.0007  0.0118 10.5903
656 304 -0.2315 -7.0295 10.6947
688 304  0.2037  0.0062  6.7713
720 304 -16.8264 -0.0640  7.4850
752 304  0.2814 -0.1321  6.0964
784 304  1.2176 -0.1291  6.9199
816 304 -12.5781 12.8234  5.3777
848 304 -6.9552 -0.2023  7.1252
880 304 -0.3606 -0.5625  7.0467
912 304 -9.0152 18.4638  8.4783
944 304 -0.9639 -0.0416  8.5053
976 304 13.8765 -13.3521  6.7724
1008 304 15.3956  9.6028  8.9752
1040 304  4.2277  5.2115  7.9400
1072 304  3.8310 -0.3701  7.9795
1104 304 -6.1398 -2.1592  9.2527
1136 304 -15.8135 13.2593  5.5132
1168 304 -11.2924 15.5900 10.6828
1200 304  0.0766 -0.6253  8.7955
1232 304 -23.9243 -17.8104 10.0664
1264 304  0.2569  1.7518  6.3042
1296 304 13.3009  0.4166 10.3642
1328 304 -0.0563  0.0977 10.6967
1360 304 -0.0963  0.1358  4.4463
1392 304 16.9985  7.9791  5.0854
1424 304  0.4559 24.7947  6.3755
1456 304 -0.0777 22.6094  7.8277
1488 304 -16.9301  0.0264  7.7069
1520 304  1.9237  7.1406 10.2724
 16 336  5.5740 -17.5740  6.1644
 48 336 -18.0138 -8.3690  7.0804
 80 336  0.3265 -21.7610  6.7655
112 336 -0.1063  0.3769  6.9169
144 336 -19.7328  2.1742  5.4129
176 336 -0.2900  0.1518  9.5648
208 336  0.0429  1.0910  9.9081
240 336  0.3208 -20.7837  7.4190
272 336 -0.0445 -5.3245  9.9567
304 336 -4.5000 -13.9150  6.8010
336 336  4.1147 -19.1840  7.0294
368 336  0.0816 15.5893  8.1758
400 336 -15.6501  7.5057  6.6325
432 336 -0.4303 19.6782  5.8202
464 336 -0.1797  0.0207  8.4543
496 336 -0.9023 -0.4762  6.7086
528 336  0.2645  0.3650  5.7899
560 336  9.4393 -0.2318  8.5509
592 336 -0.0558 -2.9135 11.9402
624 336 -1.2350  7.6776  8.8024
656 336 -16.9220  0.4184  6.7399
688 336  1.4139 -23.7192  6.7299
720 336  5.1549  0.0683  6.4967
752 336  2.3495 -0.0649  7.3363
784 336  0.0780 16.3781  5.4515
816 336 -17.8395 -0.1204  5.6701
848 336 -10.3364 -21.6831  8.0889
880 336  8.6879  1.9791  9.7812
912 336  2.5841 -18.5680  6.9345
944 336  0.0901  0.0695  6.0908
976 336 -15.5778 -8.3642  7.1232
1008 336  5.1323  1.7431  6.4071
1040 336 -3.4290 -8.3537 12.4328
1072 336 10.2156 -9.8609  7.8574
1104 336 -18.1965 15.6385  7.9430
1136 336  4.2284 -0.2029  5.4684
1168 336 -11.1508 -20.7645 12.7529
1200 336 -0.3190 -0.1573 10.6621
1232 336 -1.5842 -0.0192 12.7836
1264 336 -0.1740 -0.3220  9.9705
1296 336 -0.2409 -0.3803 10.7074
1328 336  0.4561  0.4194  5.3588
1360 336  4.5749 13.1272  4.6190
1392 336 22.9893  0.2908  4.5955
1424 336 -13.4671 -8.4668  5.1046
1456 336  0.4052 -11.5851  6.1956
1488 336 -6.1477 -13.8229  6.2561
1520 336 -0.0577 -0.5506  9.1671
 16 368  2.9318 -1.7005  7.8572
 48 368 14.2682 -0.1102  8.0051
 80 368  1.1174  0.1719  6.4481
112 368 12.9878 -4.1129  6.4734
144 368 -0.0226 -0.1269  5.8629
176 368  0.0697 -0.3631  7.2276
208 368  0.1548  0.1939  8.9863
240 368  0.0636 -0.0529 10.5541
272 368 -0.0064 -0.3072  9.1270
304 368 -1.7705  0.1782  6.6505
336 368 21.5926 -18.4279 10.8215
368 368  0.0704  0.2671  9.8030
400 368 -0.0859  7.4758  9.5822
432 368 -0.1852 10.6260  9.3519
464 368 -9.9005  5.8679  6.7129
496 368 -0.3561  0.3487  6.0556
528 368 23.7035  0.0114  5.6518
560 368  0.0466  0.2728  5.9082
592 368  2.9348 -2.3578  4.3140
624 368 19.7821 -0.4845  6.5230
656 368  0.1771 -8.9749  6.5568
688 368 -8.8085 17.4947  8.3902
720 368  0.1703 -0.2716  7.9252
752 368 17.2907 -18.3656  7.7789
784 368  8.1709 -13.4067  7.4971
816 368 -23.3460 -0.0623  8.9296
848 368  1.4897 14.4836  6.1726
880 368 -11.7359 -20.3538  8.6754
912 368  3.2341 -18.4339  6.2589
944 368 -0.2660 -5.3361  9.6680
976 368  0.4186  0.0753 10.6871
1008 368 18.3968  1.2200 13.1665
1040 368 -19.7768 -15.8401 12.0536
1072 368 10.3522 -14.5051  9.3568
1104 368 -7.0172 -18.8944  7.8952
1136 368 -9.2617 -15.3710  6.3494
1168 368 17.2075 12.2478 10.8479
1200 368 -0.4053 -0.1289  5.8828
1232 368 -0.0400  0.2664  5.8808
1264 368  8.6090  8.0144  4.2280
1296 368  0.2443  0.3473  6.1513
1360 368  0.3761 10.8843  4.6274
1392 368  5.4385  8.0359  4.4334
1424 368 -8.1593  2.2403  4.2463
1456 368 -6.3242 -6.3577  6.4208
1488 368 21.8554 18.7370  9.1951
1520 368 -0.7881 16.1646  7.8651
 16 400 13.4005  2.1518  7.9056
 48 400 -0.0931  0.0468  7.9452
 80 400 -0.1445 -18.7127  7.6783
112 400 10.2325 -8.3010  7.0832
144 400  0.2202 -16.9402  4.9900
176 400 -0.0612 -0.1079  6.9557
208 400 -0.3175  4.0000  9.7787
240 400 -4.5831  7.7786  8.3023
272 400  0.0473 -0.2677  7.1149
304 400 -0.0748 -8.3113  9.0510
336 400 15.6966 -0.0984  6.0463
368 400 20.3660 -19.1049  8.8192
400 400  0.1354 -0.0027  9.3829
432 400 -9.8849 20.0882  6.2574
464 400 -5.0587  0.0739  8.1456
496 400 -15.5797  0.2172  3.9488
528 400  0.1587  0.3083  8.9373
560 400  0.0726 -0.2173  6.0652
592 400  4.4812 11.2299  5.6323
624 400  0.1069 -1.5827  7.8008
656 400 -5.9935 -0.2100  9.3225
688 400 11.6361 -4.6916  9.3686
720 400  2.2973 14.4936  5.3629
752 400  1.0727 -2.9873  6.3471
784 400 -12.3347 -15.4500  5.4123
816 400  0.9379 -22.1944  6.4058
848 400  2.7384 17.1711 12.1844
880 400 -18.9166  0.1407 11.0024
912 400  2.1734 -0.0378  6.4559
944 400 22.8064 -0.1109 11.6337
976 400 -0.6827 -0.3020 30.8401
1008 400  3.8097 -20.3569  7.1895
1040 400 -6.5221 -20.7266 10.9485
1072 400  5.0268 10.3333  9.7364
1104 400  1.0093 -18.5450  7.0258
1136 400 13.6651  0.0427  7.5044
1168 400 -0.1619 -16.0513  7.3831
1200 400  7.2088  3.0635  5.6755
1232 400  0.1575  0.1418  4.6658
1264 400 -7.8208  0.2611  5.0969
1296 400  0.2592 17.5619  4.1440
1328 400 10.6962  0.1193  4.5145
1360 400  0.3869  0.1420  3.6172
1392 400 -0.2274 -15.1472  4.8874
1424 400 11.5606 10.8852  9.8804
1456 400 17.5313 18.0438 16.8323
1488 400 14.8683 23.3502  7.8117
1520 400  1.4367  6.9106  9.3362
 16 432 -0.3534  0.3535  6.4144
 48 432  2.2225  5.5242  5.6636
 80 432 -16.1127  5.1164  5.6086
112 432 -4.4023 -0.8898  6.3778
144 432 21.9632 -13.9385  7.0066
176 432 22.0000 -7.5541  5.4376
208 432 -4.5581 11.6603  7.1527
240 432 -0.0797 -0.2664 10.6546
272 432 -7.8912  0.1961  5.9333
304 432 -23.8556  0.4563  5.6590
336 432  0.2189 -8.1916  8.0982
368 432 19.0376 -0.4941  6.4159
400 432 -0.1285  0.2627 10.4117
432 432  1.7706 -0.0706  8.5108
464 432 -8.0585 13.9156  7.2443
496 432 -21.6469  7.6158 10.1688
528 432  0.2012 -0.1150  9.6884
560 432 -1.8447  0.3611 11.3135
592 432  1.5119 -0.0372  8.3979
624 432 17.7657 -0.1905  7.1547
656 432  6.9956 -0.3484  8.8972
688 432 -0.0694 -5.9341  8.3840
720 432 -0.2810 -12.4658  7.2964
752 432 -11.1623 -1.6460  7.0657
784 432  0.3090  0.2286  5.8550
816 432 -0.0062  0.0586  7.4132
848 432 -5.4825  0.2420  4.2969
880 432 -18.3144 -11.2763  7.4589
912 432 -7.8599 -12.2281  6.4178
944 432 20.9532  6.3515  9.4741
976 432 -0.2154 -5.0542  7.1765
1008 432  2.7122  0.8772  9.4151
1040 432 -6.9731  2.0100 12.6166
1072 432 -2.4738 -0.2077  7.0380
1104 432  1.4638 18.9746  8.0115
1136 432  0.0247  8.1760  8.9826
1168 432 10.7170 21.5142  6.2714
1200 432  0.3920  0.4020  8.1360
1232 432 10.8417 -12.0082  4.8419
1264 432  3.6989 -9.9345  4.3387
1296 432  3.1669  0.2812  4.0334
1328 432  0.2919  0.1557  4.2801
1360 432  0.1655 -1.1796  8.9091
1392 432 -6.5905 -9.2105 16.6004
1424 432 -9.2565 -13.0937 13.5692
1456 432  0.1049 -0.3398  5.3267
1488 432  8.1578 -12.5926  8.3343
1520 432  0.1336 -20.9814  7.8553
 16 464  0.2171 -0.1674 10.1263
 48 464  0.0655 16.0529  6.9906
 80 464 -10.2730 23.6044  7.1466
112 464  0.3163  7.6299  4.7116
144 464 18.4253 -2.1490  6.3946
176 464 21.7132 -16.1670  8.5857
208 464  0.4337 -3.2589  6.5834
240 464 -0.0990  0.0722 11.2718
272 464 -1.3290 -0.3611  7.7141
304 464 -20.4340 -0.0174  7.2111
336 464  0.0402 -0.1038 11.7580
368 464  9.9131 -4.8791  5.9305
400 464 22.3992 -10.7659  7.1291
432 464 -0.1309  0.3318  6.0797
464 464 -21.0121  8.2849  5.3433
496 464 -21.9636  0.0467  7.5041
528 464 -14.7513  0.4673  5.0308
560 464 -0.2342 -0.4823  7.7163
592 464  0.0999 -0.0312 11.3422
624 464  0.3011 -5.6736  6.4720
656 464 11.2715 -5.1836  6.6462
688 464 -0.3549  0.1460  7.6275
720 464 -0.1176 -0.0101  9.0697
752 464  2.9493 -9.1068  8.2596
784 464  0.0440 -0.0118 11.1930
816 464 -6.6501 -5.0796  8.3154
848 464 -0.0604 -0.1968 12.1103
880 464 -19.8296  2.0585  8.3054
912 464 -0.3345  0.4197  6.8495
944 464 11.7091  0.2500 13.6107
976 464  7.4582 -10.2578 11.6142
1008 464  2.3047  0.1842 10.6377
1040 464 -9.8303 10.8025  8.0897
1072 464  0.3278 23.9170  6.0294
1104 464  1.6407 12.4352 11.3977
1136 464 -6.2513  5.2637 10.0927
1168 464 -0.2740  0.0457 11.4460
1200 464 -0.0672  0.3102  5.8627
1232 464 -0.1075 -0.0517  4.4089
1328 464  1.9521  0.4197  8.2722
1360 464 -11.7793 -21.0134 11.5647
1392 464 -9.8049 -7.8940  6.2604
1424 464 -0.2048 -1.5116  8.9110
1456 464 -5.3038  4.7818  6.1310
1488 464 -7.4433 -19.9370  7.3921
1520 464 16.7437 -17.4166 15.0898
 16 496  0.0685  0.3979  8.4753
 48 496 -0.0293 -0.1147 10.1753
 80 496 -17.6869 20.6098  5.8259
112 496 -22.1295  6.1747  8.2155
144 496 16.8025  8.0655  4.9598
176 496 19.5526 -6.1424  7.5251
208 496  0.0056 -0.3350  8.7298
240 496  0.0800 -11.4319  7.2569
272 496 -0.7055 -1.0080  7.1194
304 496 -16.2065  7.6331  6.4363
336 496 -21.2827 12.0768  7.7855
368 496  2.7802 -7.9872  7.8936
400 496 10.1962 -16.2994  5.6978
432 496 20.1913 -8.6555  6.3688
464 496 -8.3715  0.4141  5.2986
496 496 -20.1987  0.0584  7.6516
528 496 -13.6378  0.3293  7.4588
560 496 -0.3037 17.4741  6.4195
592 496  0.0036  0.3695 11.3966
624 496  0.4394  5.3048  8.0072
656 496 -0.2340 13.9954 10.4875
688 496 -8.5612 -0.2741  7.0395
720 496 -6.1275 -17.4651  8.1477
752 496 19.4836  0.3402 11.3476
784 496 11.7658  5.8761  8.0308
816 496 15.7966 10.4026  7.5534
848 496 -0.0646 -0.1231  7.6802
880 496 -20.6718 12.7108  7.1708
912 496 -0.4462 10.3420  6.3837
944 496 -0.1273 -13.4075 15.2163
976 496 -22.7915 14.4782 15.4662
1008 496 -0.0077  0.0079  9.7691
1040 496  9.1148 -17.7577 10.3704
1072 496  0.1592  4.4028  7.0440
1104 496 -6.8449 -4.8125  9.2898
1136 496  0.0758  0.0708 14.2844
1168 496  9.8177 -0.1870  6.3992
1200 496 -0.1732  0.2205  5.7932
1232 496 -0.0311 16.5497  3.7640
1264 496 -0.0512  2.2475  4.3779
1296 496  2.6486  0.2299  5.1543
1328 496 -24.2792 -3.5935  6.2181
1360 496 -11.0769 -18.6402  9.8579
1392 496  1.0750 -0.8935 11.5389
1424 496 -0.0252 -0.0644  7.4020
1456 496  0.3988  0.0923  4.2089
1488 496 -0.4960  8.4834  4.8610
1520 496 -0.1583  0.2741 10.5470
 16 528  0.2039 -16.7708  4.5714
 48 528 -0.1409 14.3192  7.2163
 80 528 -0.3243  0.3779  6.8204
112 528 -0.1395  0.2262  6.1453
144 528 -0.3304 21.7757 10.4306
176 528 19.2193 13.8241  5.9059
208 528 -0.1061 -16.5923  6.5908
240 528  0.1004 -6.0644  9.4196
272 528 10.5960 -8.1472  4.9418
304 528  8.0306  0.0495  8.8194
336 528 -16.4449 14.2102  7.0570
368 528 -0.0260  0.2339  8.0179
400 528  2.9165 -8.9721  8.2649
432 528 20.5775 -5.0201  8.7943
464 528 -10.1115 -11.4955  5.1317
496 528 -24.1493 -0.0382  5.5887
528 528  0.0818  0.3269  5.8659
560 528  0.2049  2.4476  8.3216
592 528 10.3268 18.0485  5.2900
624 528  0.0474 20.8145 10.2294
656 528 -11.3906 -0.1333  6.7717
688 528 -15.6147  0.1089  6.5569
720 528 -0.2454  9.9785  8.4972
752 528 21.3097  0.0486  7.0307
784 528  0.2042 -0.2073  8.9018
816 528 -0.1553  3.2582  7.0715
848 528  7.8053 15.8072  6.6800
880 528 -13.8926 14.1982  7.5901
912 528 -1.7562 -2.7072  7.2180
944 528 -0.0020 22.5392  6.6210
976 528  0.1971 -3.2854 12.3078
1008 528 28.5926  6.1624 11.9238
1040 528 -2.6433 -8.0654  5.7955
1072 528  3.0187  1.0963  5.9254
1104 528  9.2852 -5.6810  6.3999
1136 528 -0.0058 -0.4623  5.9140
1168 528  0.7476 -12.2376  4.9504
1200 528 -5.1137 -2.2946  4.1685
1232 528 -9.1934  0.0964  4.3187
1264 528 11.9995 14.0839  5.3103
1296 528 11.7092  0.0287  4.6672
1328 528 -24.4511 -10.7333  6.4937
1360 528  0.2294 -21.9637  5.9823
1392 528 13.8193 16.1603 22.7433
1424 528 -19.5117 15.6806  6.3531
1456 528  0.3149 -0.4018  4.5630
1488 528 -0.4255 -0.0137  4.6019
1520 528 -0.2866 -0.2871  7.4342
 16 560 20.8613 -0.2969  4.8938
 48 560  0.1353 12.1556  9.7677
 80 560 -12.2523 13.7557  5.2081
112 560 -14.1181  0.3930  6.3205
144 560 -0.2894 25.1987  7.9214
176 560 -1.7649 23.6674  8.9801
208 560  0.0945 11.9061  6.9855
240 560 -0.0634  0.0718 10.3431
272 560  0.0727  0.8570  8.7073
304 560 24.6432 -2.4324  8.7332
336 560 -19.3036 23.9987  7.0297
368 560 -20.5050 17.5838  8.4611
400 560  3.9460 -4.4852  6.9164
432 560 24.2942 -0.1051  8.3400
464 560 -0.3653 -0.1921  8.6455
496 560 -18.5437 -0.2170  6.2826
528 560 -0.2828 -10.7826  5.2640
560 560  3.0485 -0.0288  9.6597
592 560  5.1820 -5.0045  7.9273
624 560 -0.0125 -0.1487  9.9186
656 560 -4.0974 -0.0361  8.3121
688 560 -21.2193 -0.0222  6.0984
720 560 -17.9510  0.3369  7.3701
752 560 19.7423  9.1624  5.9789
784 560  6.5944  8.0444  8.0730
816 560  0.0142 14.1490  7.5309
848 560 -0.0215  5.6892  7.2040
880 560 -18.4829 -0.3008  7.4591
912 560 -10.0634 -1.0255  6.2812
944 560 -0.2718 -3.8078  6.8708
976 560 -4.1893 -8.3496  6.8156
1008 560 24.2061 -21.2117  8.7584
1040 560  4.9488 -2.0550  9.5839
1072 560 -8.9654 -24.1828 14.0823
1104 560 -0.0813  2.1647 11.9532
1136 560 -3.7615 22.9018 10.0813
1168 560  7.3029  0.1197  5.9663
1200 560 -2.9361  0.4012  5.6727
1232 560  0.1543  0.3742  6.0504
1264 560  2.9557  0.0608  4.0750
1296 560 -13.1306 -12.3830  5.7826
1328 560 -0.4592 -20.1476 11.1543
1360 560 -25.3151 -3.2602 18.9838
1392 560 -0.3161  1.7181  8.1984
1424 560 -10.8715 16.0617  7.9419
1456 560 -6.9448 13.2786  4.6741
1488 560 -0.3595  7.9360  6.0866
1520 560  0.4641 21.9992 10.2252
 16 592 20.1346 -0.4550  6.5404
 48 592 15.8526 -21.9979  6.6540
 80 592 -10.1998 -4.4243  6.2178
112 592  0.0075  3.5138  5.6546
144 592 -19.8850  0.1367  7.6222
176 592  0.2416  0.0745  9.4204
208 592  0.2732  0.1893  7.2531
240 592  0.0271  0.2057  8.7267
272 592  5.7955 -11.9244  6.7365
304 592 24.4564  0.4416 12.1121
336 592 -7.7414  8.4757  6.4578
368 592 -13.3682 19.5962  9.1313
400 592 -2.5161 13.8617  8.7922
432 592 21.7137 -0.2534  6.7877
464 592 12.8562 -6.0777  7.4674
496 592 -21.2208  0.0568  7.1853
528 592 -4.7518  0.0167  6.7641
560 592  0.2060 -0.0128  6.5932
592 592 -0.0187  0.1709  9.4478
624 592  0.3303 -15.6770  4.2434
656 592 -0.2561  5.2664 10.9852
688 592 -0.0859 12.9487 10.7308
720 592 -14.2018 15.4870  9.3696
752 592 -11.0633  0.3608  6.6763
784 592  3.2232 -21.7378  8.4008
816 592 -0.4437 -0.1606  7.5274
848 592 -0.2101 -0.0522  9.0587
880 592 -16.7207 -0.2452  6.8087
912 592 -8.4536 10.5000  5.7296
944 592 17.8632 -15.3370  9.5775
976 592  4.7903 12.1771  9.8420
1008 592 -2.5721 17.2238 10.1789
1040 592 -18.5815  0.3266  5.6156
1072 592  0.2221  0.3951 13.9811
1104 592  8.9031  5.8142  7.0614
1136 592  0.2564  0.1093  7.1257
1168 592 -0.4517 -15.1645  4.9351
1200 592 11.8408 -4.7802  6.1411
1232 592  9.2291 10.0228  4.9873
1264 592 -4.1974 -3.4140  4.9844
1296 592 -21.9242 -25.1559 15.3203
1328 592 -11.4538 -7.8466 12.2016
1360 592 11.1906 -0.3507  7.0902
1392 592  0.1201 -15.9404  5.1808
1424 592 -0.3266 13.5736  6.2465
1456 592 -0.8865  3.1285  4.4487
1488 592  0.4925  0.2329 13.5492
1520 592 21.1458 -12.5782 11.1656
 16 624 10.0709 -2.7838  6.2538
 48 624 -0.3809 10.9781  6.0442
 80 624 11.8431 -13.6053  6.4283
112 624 -0.0547 -2.0273  6.9800
144 624 -14.8075 14.1965  7.9555
176 624  7.6923 16.4409  9.2711
208 624 -0.3139  0.0861  6.3190
240 624 -0.4413 17.6604  5.4676
272 624  0.4274  0.4098  6.6557
304 624 23.6456  4.6403  9.2407
336 624 -0.2926  3.8367  8.8269
368 624 -20.2523  5.1145  7.5334
400 624 -14.3537  0.4019  5.4495
432 624 -8.7952 22.8489  7.0443
464 624 27.3752 -2.0527  9.9874
496 624 -17.5820 -0.1787  9.6740
528 624 -19.3561 -9.5033  9.2502
560 624 18.5880 -11.3048  4.4310
592 624 -12.6935 -0.0572  7.1333
624 624 12.0507 -5.3095  7.6449
656 624 -0.2444 -11.8351  6.0344
688 624 -0.0091 -0.1128  9.6789
720 624 -19.7799 -0.0678  6.3257
752 624 -16.3537  2.7766  7.8319
784 624 18.7591 -3.4449  4.5346
816 624 -7.1797 -12.9654  8.5557
848 624 10.9469 -2.3945  4.7753
880 624 -21.5745  9.7389  5.2545
912 624 -0.2863 -0.0096  6.7439
944 624 17.1787 18.2858 10.8840
976 624  0.4539  0.3132 13.4442
1008 624 -1.1660 -0.2008 12.7097
1040 624 12.4917  0.2796 12.3928
1072 624 10.6298  4.4117  8.8698
1104 624 13.8468  4.6711  8.0572
1136 624 -3.8332 12.9314  6.8767
1168 624 -1.8593 -0.0018  6.5260
1200 624 22.1459  6.7277  9.2383
1232 624  0.6900 -0.3932  5.6160
1264 624 -7.8078 -24.6759  9.2347
1296 624  0.0360 -7.6191  7.2516
1328 624  7.9860 -9.7092 10.7701
1360 624 -11.4528 -16.1139  8.0784
1392 624 -5.3630  7.7421  8.0280
1424 624 -0.1577 -7.4366  5.3124
1456 624 -6.5694 -0.0993  4.1483
1488 624 -0.1650 -0.3057 11.8426
1520 624 14.5635 -9.3901  5.9596
 16 656  0.1163 -11.1639  5.6667
 48 656 15.8948 -8.7936  6.6530
 80 656  0.2782 13.4282  7.6351
112 656  0.2875 -0.3317  6.1232
144 656  0.3892 -0.2923  9.4019
176 656  0.1488  5.4196  8.2437
208 656  0.0485 -0.0404 11.2796
240 656 -12.1222  2.8329  6.9622
272 656 -12.1627 20.6378  5.7305
304 656 -0.2095 -23.5281 13.3554
336 656  1.7502 -24.1392  9.1017
368 656 -14.0355 -20.3811  8.0422
400 656 -23.0958 -0.2685  8.5137
432 656 -0.2755 -7.6477  7.6328
464 656 15.7626 -1.2057  7.8992
496 656 12.0258  0.2942 10.3243
528 656 -10.9979  7.6504  5.7873
560 656 -4.2001 21.3494  7.9705
592 656 15.7468 -11.9975  4.4730
624 656  3.0190 -0.0169  7.4434
656 656  0.1287  6.9456  7.1749
688 656 -0.1020 -0.4885  9.4030
720 656 -3.2467 -0.2104  4.5556
752 656 -19.4774  0.1372  9.5484
784 656  0.0060 -0.1898 14.2557
816 656 -8.6518 -0.3305  7.5307
848 656 14.5355 13.0082  6.8485
880 656  0.8609  0.1949  5.9663
912 656 -22.6879 -4.2084 10.9008
944 656 11.8190 -8.1891  9.7615
976 656 -1.0031  0.0574  7.3575
1008 656 -25.9244 -3.6812  8.2386
1040 656 13.6183  7.5398  6.3868
1072 656  0.0024 10.8909 12.4152
1104 656 -2.1178  2.9610  7.6882
1136 656 -0.4333  9.1753  6.9570
1168 656 -9.7464  9.0074  9.9958
1200 656 24.3914 10.9401  7.8446
1232 656  0.0255  0.4245  5.9763
1264 656  0.1796  2.1183  8.9375
1296 656  0.2433  7.8039  5.6419
1328 656 -0.2815  0.3737  5.5980
1360 656  0.4298 -14.0086 10.8024
1392 656 -3.5000 -11.1192  4.2713
1424 656 -11.4843 -0.2791  5.0024
1456 656  0.8315  0.0098  4.4353
1488 656 -9.5221 -0.1728  6.2356
1520 656  7.8885 -5.3622  8.3925
 16 688 -0.0396 -0.0417  5.4291
 48 688 16.2219 -0.4188  6.5001
 80 688 12.1113  0.3152  5.7347
112 688  0.0061 -8.0289  6.4414
144 688  0.2550 -0.0313  7.8352
176 688  0.0353 20.9785  6.7725
208 688  0.4025  5.6946  6.8382
240 688 -18.3595 11.7273  7.4465
272 688  3.2412 -0.3420  5.6767
304 688 -0.0922 -1.6130 10.7482
336 688  8.0933 -21.4937 10.9656
368 688  0.1716 -0.1847 10.1548
400 688 -18.9422  0.5000  7.2147
432 688 -27.0781 10.4025  4.1458
464 688 13.0315 10.3615  5.9317
496 688  0.1653  7.0944  5.7325
528 688 -6.1893 -19.1219  6.7316
560 688  0.0701 -10.6083  7.7136
592 688  0.1306 21.4378  9.6583
624 688  0.3830  0.4300  7.9750
656 688  3.9358  0.2154  6.7994
688 688 -0.0630  0.2612 10.6106
720 688 -5.8687  0.3417  4.7710
752 688 -0.1912 19.3334  6.2849
784 688  0.1121  0.1344  5.8049
816 688 14.8341  0.4557  7.3317
848 688 -0.3341 15.9004  6.0768
880 688 -3.3358  0.0761  4.4606
912 688 -23.7253 -0.3286 12.1706
944 688 -3.9098 -3.7784  6.2089
976 688 -10.2701 -13.6816  6.5048
1008 688 15.9799 16.5094  7.8329
1040 688 -17.7894 -0.7269  8.7730
1072 688 10.2286 19.8286  7.6333
1104 688  0.0971 21.2487  6.5478
1136 688  6.1272 13.0700  6.9084
1168 688 -14.7270 22.2750  5.5205
1200 688 -15.5799 -12.4777  8.3447
1232 688  1.8745  0.0399  5.2433
1264 688 -0.2253  7.9888 10.3872
1296 688  0.1129  8.0893 11.1588
1328 688 -0.7254  0.2509  7.0152
1360 688 -0.2459 -0.2083  6.6791
1392 688  0.0204 -16.2601  7.9061
1424 688 -10.0212 -22.8508  7.9922
1456 688  0.2692 -14.5460 15.7871
1488 688 -0.2225 -9.1462  8.7249
1520 688  0.4380 -20.8462 13.3729
 16 720 -0.1685 -10.4992  5.8443
 48 720 -6.7832 -0.4440 10.3101
 80 720  6.2021 -13.8997  5.7006
112 720 15.5580 -0.0034  8.3553
144 720  4.5034 17.6793  8.7892
176 720 18.9338  9.4761  7.3216
208 720 -0.0148  0.4222 10.3907
240 720 -17.7407  0.1066  6.1397
272 720 -0.0594 -0.1101  5.0325
304 720  0.0344 -0.0496  9.9014
336 720  1.5453  0.2507  6.4999
368 720  0.2090 -0.1895 10.7358
400 720  3.5263 -4.0268  8.8212
432 720 -23.5217  7.7477  6.1090
464 720 12.5770 -0.1199  7.3837
496 720 14.0309 -11.0026  8.7980
528 720 -12.1380  8.1692  8.3578
560 720 21.4359  0.0391  6.9501
592 720  2.0448  9.9530  8.1519
624 720  2.1084 -0.3707  4.7596
656 720 16.7011 18.0068  6.4328
688 720 14.9768 -5.8355  5.0207
720 720  1.6051  0.4722  4.9760
752 720 -9.5487  0.4687  5.7836
784 720  4.0545 16.5674  7.5304
816 720 -11.0699  0.0308  8.0917
848 720 -0.2596  0.1087  6.0350
880 720 -9.1522  0.2754  8.0706
912 720 -13.2901  0.2688 10.6106
944 720  6.9210 15.9155  8.0228
976 720  0.2730 -0.9056  5.6602
1008 720  9.5518  0.7038  6.3191
1040 720  3.6018 11.3943  9.0269
1072 720  4.9729 -9.1822  6.6569
1104 720 -0.4622 -7.8991  5.4924
1136 720 -1.0573  6.0813  4.8224
1168 720 -5.5014 -1.5179  5.3191
1200 720 -23.7096 -17.0360  5.6288
1232 720 -0.4965  0.3495  6.9150
1264 720  0.2732  0.0103  8.2629
1296 720 -0.0304  0.4452  9.2235
1328 720 -0.3727  0.3728  6.1131
1360 720 -0.0305 19.3955  5.5063
1392 720 -0.2394  3.4663  7.1679
1424 720 -0.1709 18.0191  7.6603
1456 720 -10.7999  5.3149  8.2451
1488 720 10.2288  0.2197  7.4700
1520 720  2.9631 -7.0834  6.5346
 16 752  0.0900 -4.8349  6.2687
 48 752  9.7180 -9.9982  8.5634
 80 752  0.0632 -18.8758  4.3384
112 752 19.5588 -5.1077  6.4820
144 752 21.8010 -4.1811  6.7926
176 752 23.3245 -10.4302  8.5578
208 752 -0.1776 -16.0121  8.0450
240 752 -15.6880 20.4539  6.0904
272 752 -0.1511 18.9719  7.6467
304 752 10.1247 12.1381  5.5076
336 752 -0.2655 14.1233  6.2160
368 752  0.0786 11.5678  8.7887
400 752  9.4328  8.0222  7.4397
432 752  0.1685  6.9136  7.0195
464 752 -6.8225 16.4068  6.1407
496 752 -0.2085 -0.1690  7.2314
528 752 -5.3875  0.0067  5.3612
560 752 15.1360 -0.1816  8.0269
592 752 11.8455 -5.0653  7.1326
624 752 13.5471 -25.7258  6.7820
656 752 14.6289 -0.3909  9.5705
688 752 16.8622 -0.1141  6.0825
720 752  4.3351 -0.3525  4.7847
752 752 -0.0710 -1.5325  5.5588
784 752  6.5207 -0.7815  4.9283
816 752 -14.0470  1.1330  8.7230
848 752  3.1457  1.0603 11.2080
880 752 -9.8235  0.2411  5.9912
912 752  0.2717 19.5152  5.9664
944 752 -0.2545  0.0023  9.2613
976 752 -9.5770 -0.0898  5.6110
1008 752 14.4128 -1.1023  6.1520
1040 752 13.4405 -10.8669 10.8435
1072 752 -2.9044 -15.1703  9.7426
1104 752 22.4624 -14.5686 10.2174
1136 752 -0.2725 -8.8409  6.4780
1168 752 -18.1629 -21.2745  6.4596
1200 752 -14.2504  0.3636  5.0996
1232 752 -2.4824  5.2305  5.7888
1264 752  0.3101 -0.4803  6.6512
1296 752 -7.7161 -1.6172 10.2048
1328 752  0.0725 -15.6545  6.8834
1360 752 -2.8622 -4.7529  6.4714
1392 752  0.0182 -0.7828  6.5987
1424 752  0.3549  7.9957  7.7245
1456 752  0.2791 -2.3073  7.4347
1488 752 -11.4631 10.9813  6.4260
1520 752 -3.9073  6.1409  5.3462
 16 784  2.1916  9.1220  7.0697
 48 784 -13.5088 13.5288  7.0155
 80 784 20.6352  0.3728  6.0884
112 784  0.3808 -0.0394  7.3845
144 784  6.8423  0.3532  8.4058
176 784 18.7357 -14.9590  3.9970
208 784 -0.0914  0.2741  5.2994
240 784  6.5962  0.1145  9.9145
272 784  0.3131 19.9357  9.7125
304 784 -0.3278 20.9983 13.0578
336 784  0.1495 17.9383  6.5528
368 784  0.0961  0.2702  8.7479
400 784  8.7458 -0.0173  6.3827
432 784 -0.1100  0.9133  7.1997
464 784 18.6019 15.7769  6.3322
496 784 -7.9531 19.0906  6.3591
528 784 -11.2681  0.4125  6.8417
560 784 -11.4312 -4.3058  7.6615
592 784 13.6303 -9.0674  6.8646
624 784  1.7746 -0.4607  5.5942
656 784 16.1894 -5.9147  7.6088
688 784  4.4016 -7.2944  4.0958
720 784  1.8469 -6.9560  5.2055
752 784  0.4244 -4.8854  6.2896
784 784 -0.3472 -23.3220  8.9560
816 784 -2.1237 -0.7671  5.6619
848 784 -0.1602 -0.1931  5.0898
880 784 -9.5938 18.2215  7.5412
912 784 -0.3958 -14.4105  6.6878
944 784 -2.2620 -0.0508  5.7174
976 784 -19.9827 -5.0905  6.4244
1008 784  8.2607 -13.3878  4.8190
1040 784 18.0934 -1.5364  8.9335
1072 784  1.1937 -0.1907  6.5267
1104 784  0.1637 -26.9357  4.3420
1136 784  7.0935 -9.4523  5.2449
1168 784 10.6297 -1.4495  5.1390
1200 784  0.1594  0.6454  5.4571
1232 784 -0.2064  4.6756  6.6800
1264 784  0.0579 -9.9640  6.1633
1296 784 -0.2388 -12.6600  6.5884
1328 784 -0.0244  0.0808  6.7101
1360 784  0.0750 -19.1541  9.7132
1392 784  0.1513 -0.8630  7.6232
1424 784  0.2280 -8.2909  9.1833
1456 784 -17.9529 -15.1259  9.5956
1488 784 -7.1697 -18.8148 11.0029
1520 784  8.0523 -3.7664  6.0932
 16 816 -0.0661 23.6630  6.8608
 48 816 -0.3417 16.2025  7.2665
 80 816 14.4815  0.4080  7.8900
112 816  0.2389  0.4044 11.1602
144 816 23.4016  0.0897  6.4821
176 816  6.0138 -0.3104  5.6603
208 816 -0.0348 -11.8722  5.8472
240 816  2.0907 -14.8043  4.7958
272 816  4.9128 -18.1549  5.0460
304 816 -0.3126 -21.9704  4.1830
336 816 -0.4474 -1.6381  9.2476
368 816 -18.4527 -11.4216  5.9170
400 816  9.4274  0.2603  6.2485
432 816  0.2100 -0.1877  5.9720
464 816 20.1081  0.3658  7.4953
496 816 -15.9260  0.0428  7.4668
528 816 -14.8102  0.1678  6.5905
560 816 -23.8690 20.2666  8.4421
592 816  6.5994  0.2226  4.7044
624 816 13.0731 -5.3101  5.9339
656 816  4.1600  0.2780  8.2122
688 816 -10.3928 -8.2329 10.4508
720 816 11.9853 -21.5530  4.8398
752 816 -4.6895 -14.9610 12.4869
784 816  1.4022  0.0014  5.5187
816 816 -0.2502 -17.9786  6.5532
848 816  0.2537 -0.5481  8.0437
880 816 13.2299 -22.4544  7.2120
912 816 -0.3185 -0.2777 12.4859
944 816 -15.1331 -1.0062  6.5345
976 816 -22.5442 10.5760  7.0653
1008 816  5.9135 -9.8774  5.8050
1040 816 17.2023 -0.3481  5.9751
1072 816 -12.1775  2.2608  7.4626
1104 816  9.2596 -0.3416  4.8686
1136 816  0.8625 -2.6412  4.5454
1168 816 -0.0121 -0.1458  4.5134
1200 816  0.0374  0.2243  6.4230
1232 816 -0.3197 -0.2464  7.1692
1264 816 -0.0233  1.6315  6.9523
1296 816 -0.1203 -1.9390  7.1864
1328 816  0.1122 -0.2936 10.1420
1360 816  0.2861 19.4333  8.7844
1392 816 -0.3032  5.6203  6.2500
1424 816 -0.0397  7.8260 10.8591
1456 816 -13.2565 -0.1462 12.1281
1488 816  0.4298  4.4966  7.2078
1520 816 13.2483  0.4048  8.3867
 16 848  0.3116 -22.7944  8.1192
 48 848 -0.1314  0.2255  6.1184
 80 848 -2.1610  5.8142  6.3019
112 848 -0.2610  0.1377 12.4907
144 848 10.1416 -8.9435 11.9367
176 848  3.8070 -14.3896  5.8857
208 848 -0.8410 -24.3089 11.5044
240 848 19.3610  0.1354  5.0316
272 848 -11.7645 -8.7426  5.6344
304 848  7.7491 -1.2686  4.4039
336 848 -0.4140 -13.8904  6.7768
368 848 -4.1500 -0.2733  7.3343
400 848  6.9726 -5.6727  7.1291
432 848 15.7313  0.2061  5.9269
464 848 10.6379 -10.1473  8.2309
496 848 -22.1882  0.4277  6.1865
528 848 -0.5000 17.4128  6.1299
560 848 -1.1782  1.2336  9.1680
592 848 -14.0856 13.6221  7.5518
624 848  4.8791 17.0049  9.7536
656 848  2.5625 -0.1822  5.9070
688 848  0.1289 -1.5899  5.6704
720 848 12.6909  5.4619  5.1965
752 848 -5.5164  2.1078  7.7062
784 848  6.3813 -15.7414  5.5535
816 848 -2.0681 -0.8484  5.6568
848 848 19.0212 -2.6614  9.2091
880 848  2.8927 -9.4214  5.5351
912 848 -4.6545  0.4081  7.5723
944 848  0.1262 -0.0947  5.2831
976 848 -15.8399 -0.2617 11.9734
1008 848 -0.1381 -0.1069  4.1239
1040 848 14.4408 -2.5234  6.4725
1072 848 -3.5944  3.7382 10.6891
1104 848  0.2083  1.1221  5.3384
1136 848 -1.9188 -0.1404  5.8304
1168 848 21.2699  2.8575  4.8255
1200 848 -0.3708 -0.3520  5.3430
1232 848  0.0234 -0.0553  5.8962
1264 848 -0.4321  0.1135  5.8345
1296 848  0.1273 -9.7649  6.9281
1328 848 -0.0204 -13.0149  5.8855
1360 848  0.0878  0.0568  9.9858
1392 848 -0.3126 -6.4664  6.2215
1424 848 -0.2762 -0.1842  6.0072
1456 848  0.2784 18.0414  5.6793
1488 848  7.9679 -15.5579  5.7647
1520 848 -0.4104 -3.8782  7.8617
 16 880  7.7335 -11.7012  5.6661
 48 880  0.2178 -18.0601  8.6948
 80 880 -4.8547 -11.6850  6.2527
112 880 -14.6885 -21.1225  9.2702
144 880 -0.4633 -15.5666  8.1684
176 880  8.1763 -16.9798  5.8116
208 880  3.5561  0.1993  8.3840
240 880 18.8911 -11.8602  6.4335
272 880 -8.0998 -13.6405 17.6300
304 880 20.1622 -10.2962  6.1173
336 880  5.7857 -0.1951  4.6019
368 880 -23.6276 20.0871  7.1712
400 880  0.2496  0.3383  6.0350
432 880 16.7112 -0.2094 12.8161
464 880 -0.0195  0.0271  8.8083
496 880 21.5000 -0.0881  6.2684
528 880 12.7066  8.1805  7.3218
560 880 -9.8707  6.1806  6.2505
592 880 -5.1730 -2.1139  6.2350
624 880 -11.3952  0.7839  6.0982
656 880 11.3270  6.2995  7.5057
688 880 -1.2582 -1.5619  5.0165
720 880  5.2412  4.9282  6.2849
752 880 -0.0591 -7.1901  5.1614
784 880  0.4776  0.3156  5.3435
816 880  1.1833  4.1749 27.2777
848 880  6.6378 12.4141  5.2093
880 880 26.0970 11.3654 10.4734
912 880 -15.6442 -17.8952 11.5111
944 880 -0.2550 -0.1096  6.5747
976 880 -0.3401 -0.1242  6.1946
1008 880  5.7098  9.4925 11.7401
1040 880 18.4204 14.6376  8.7922
1072 880 -0.4399 12.5167  6.9373
1104 880 -0.2747  2.8887  5.5860
1136 880  5.1684 -1.9394  5.6213
1168 880 -0.0022 -5.2085  4.2375
1200 880 -0.0262 -1.9619  6.1755
1232 880 -2.5236 -0.1150  7.1340
1264 880 16.0874 -1.1438  7.5705
1296 880  0.1338 17.0173 10.0225
1328 880 -0.1169  4.5999  7.3103
1360 880 -0.2782  0.1842  6.4151
1392 880  0.0308 -0.2061  8.5376
1424 880 11.2194 19.5885  4.9642
1456 880  0.2006  8.3808  7.8287
1488 880 13.4495 21.1335  9.0572
1520 880  2.8405  0.0987  8.8885
 16 912 20.8810 -3.5244  8.6595
 48 912 -0.3755 -9.9398  7.2828
 80 912 -0.2132 -19.3588  8.7287
112 912 -8.0720 -0.1702  5.7519
144 912  0.2955 10.8004  5.2591
176 912  1.7852 -0.4709  7.3135
208 912  0.2448 -0.1743  6.0644
240 912  2.3138  0.0723  6.4576
272 912  0.9644 -4.5742  5.0748
304 912  5.1789  1.5993  6.6534
336 912 20.8405 -3.7884  5.6526
368 912 -0.3566 -6.1696  6.4860
400 912 -1.0602 -1.9458  5.6761
432 912  0.1736 -15.6797  4.2252
464 912 15.9407 -3.9945  9.8781
496 912 -4.5796  0.1913  6.8748
528 912 -0.1249 -6.6736 11.3845
560 912 -5.0209  3.8790  6.6941
592 912 -10.9678  8.6991  4.4426
624 912 -19.7083  1.2394  5.7449
656 912 -0.1755 -2.4359  7.1598
688 912  0.2640  5.8833  5.7234
720 912 -23.5469 20.7796  8.8574
752 912 -4.1056 -6.0178  5.5202
784 912 -2.9338  8.3151 10.3910
816 912  6.8175 -7.1545  7.2783
848 912  0.0980 -10.3479  5.0236
880 912  3.3401  2.1228  9.2294
912 912 -2.0142 -0.1278  7.8527
944 912  0.1903  0.2691  6.0941
976 912  0.3584  0.2454  5.2232
1008 912 -2.6049  4.1635  8.5378
1040 912  2.8995 -15.7507 15.6838
1072 912 -0.2093 -0.9894  6.0549
1104 912 -2.1460 -0.4335 11.6859
1136 912  6.2579 -8.1467  5.1302
1168 912  0.0572 -0.9592  5.8939
1200 912  0.0491  0.0417  6.6251
1232 912 -0.4037  7.9039  8.5486
1264 912 -0.1095 -3.7219  7.1500
1296 912  0.1003 -15.6823  6.8889
1328 912 -0.4132  0.2034  6.2346
1360 912 -0.3312 -6.9372  5.3464
1392 912 -0.0527  1.7853 11.1639
1424 912  8.4917  2.4519  5.7244
1456 912  8.3096  0.0243  6.1239
1488 912 -10.6103 -4.2781  6.4756
1520 912 -0.1894  2.0297  8.2444
 16 944 -0.2208 -8.0085  8.8656
 48 944  0.1947 12.0173 10.2592
 80 944 -4.4810 24.4876  6.7957
112 944  1.6102 16.4541  6.9181
144 944  0.0436 19.0269 10.5869
176 944 -0.3912  0.2294 10.1839
208 944 -0.0445 -6.6362  7.7796
240 944 -1.9537  0.1559  7.5857
272 944  3.6052 -2.6209  5.0884
304 944 22.0600 -11.8398  5.3421
336 944 -19.1407  0.3354  6.7580
368 944 -7.5744 -0.2119  4.7059
400 944 -4.0264  2.4901  8.4452
432 944  0.0922 -0.4649  7.0238
464 944 -0.1405 -18.2194  5.7268
496 944 -9.8464  7.0750  5.6875
528 944  5.3742 -0.0447  7.7279
560 944 -1.7251  0.1786  8.7834
592 944 -0.0278  0.3477  6.9486
624 944 -0.0539  0.1992  4.3960
656 944 -1.6922  0.3516  5.7530
688 944  3.9184  0.2379  6.7814
720 944 -2.1382  1.2377  4.8275
752 944 -0.0304 -9.7143  5.7053
784 944 -0.2232 11.1843 23.5550
816 944  0.3318  8.9908 12.6735
848 944  0.0400 -12.3769  5.5004
880 944  2.4685 13.0737  6.7294
912 944 -0.2250 21.4064  5.0879
944 944 -10.8365 -0.0684  5.3730
976 944 -0.1797 -2.5545  5.4437
1008 944 -0.4330 -7.2398 11.2583
1040 944 -20.9572 17.6354  7.1977
1072 944 12.7503 -13.9913  6.2228
1104 944 -0.1205  5.7381  5.3938
1136 944  0.1342  6.3023  7.1712
1168 944  0.1206 -10.2578  6.1314
1200 944  0.3947 -8.2683  6.2917
1232 944 -0.1035 10.8192  6.0310
1264 944 -0.0210 -13.0792  6.1119
1296 944 -0.1054 -2.6854  4.8768
1328 944  0.1027  0.2290  9.3116
1360 944  0.3995  0.1485  7.4809
1392 944 -0.2824  0.4112 10.2267
1424 944  0.3603 -0.0819  7.5737
1456 944  9.5597 -20.9302 10.7084
1488 944 -0.1330 -18.9053  5.9576
1520 944  0.1965 -18.9745  9.1924
 16 976 10.5781 16.2414  5.6080
 48 976  0.4742 23.3009  8.6985
 80 976  2.0221 19.2492  5.4981
112 976 -11.4332 -0.1361  9.0242
144 976 21.5658 -21.5922  6.2295
176 976 -15.0744  9.8442  8.0007
208 976 19.9338  6.7985  7.9452
240 976 -7.7777 -4.3983  7.1551
272 976 -11.1520 -0.0883  4.7223
304 976  7.1132 -17.1048  6.7469
336 976 -0.2812 -11.9779  6.5960
368 976 -2.8389 -8.8966  7.9633
400 976 13.2905 -11.6691  7.1974
432 976 -2.2024 -0.5953  6.1122
464 976 -0.1395 -2.4526  5.3494
496 976  0.0401 -0.1452  5.4632
528 976 10.7213 10.5719  4.5992
560 976 -12.9587 -4.9976  6.5970
592 976  0.0797  6.8008  5.4265
624 976  6.9464 -3.6702  6.6176
656 976  0.9428  6.6479  8.1318
688 976 -11.1196 -8.7279 11.0078
720 976  1.7575  0.0194  5.4573
752 976  2.0833  3.5802  6.7629
784 976  8.2185 -0.0073  6.8432
816 976 -4.8486  0.1745 10.8660
848 976 -2.0275  1.0037 12.5277
880 976 -0.0876  2.1609  7.2602
912 976 -4.4904 -9.9996  6.6672
944 976 -20.8014 -0.2302  6.6373
976 976 -10.6399 25.4955  8.0394
1008 976 -0.9451 -0.0597 16.8203
1040 976 -2.4251  4.2193  5.1571
1072 976  7.5080 12.5461  6.3129
1104 976  5.1488  0.7546 11.3714
1136 976  0.1837  2.6004  4.4802
1168 976  0.7115  0.2346  5.3484
1200 976 -0.2959 -0.2407  5.2542
1232 976 -2.7261 -12.9256  6.6769
1264 976 -3.7430 -8.7558  6.1147
1296 976  0.2175  7.6757  4.9106
1328 976  0.2203 -0.0561  8.8476
1360 976 -0.1230  4.1000  6.5175
1392 976 -0.0827  1.4142  4.5426
1424 976 -0.2447 -2.0170  7.1015
1456 976 -4.0000 -1.6888  8.1500
1488 976 13.8050 -12.1456  7.4644
1520 976 -0.1250 10.4455 10.5157
 16 1008 -0.2721 16.0484  6.7398
 48 1008 23.6695  9.3103  9.7603
 80 1008  6.6804  4.5918  7.1695
112 1008 -13.5533  0.0638  5.9442
144 1008  0.2746 -7.8411  6.2185
176 1008  0.4126  4.4159  6.1475
208 1008  0.0678  9.1309  5.7552
240 1008 -1.5360  0.2320  5.8884
272 1008  0.4516 -11.5614  8.8473
304 1008  0.4620 -1.3373  7.9787
336 1008  9.8534 -1.9166  5.4886
368 1008 -4.7634 -0.8969  4.8847
400 1008  0.2837 -1.0156  5.9262
432 1008 -2.5443  3.1681  5.8206
464 1008  7.9050  2.6447  5.2000
496 1008  7.4050  1.9496  6.9859
528 1008 -12.6749 15.0929  6.4635
560 1008 -2.2357  0.1766  4.7226
592 1008  0.1728 -0.0018  5.9681
624 1008 -1.7670 11.6115  7.9432
656 1008 -6.2973  0.8875  5.8580
688 1008 -0.2704 -0.8062  6.1198
720 1008 -0.1514 -0.3581  5.5501
752 1008  8.4699  0.2759 12.7768
784 1008 -14.1387 -3.9736  8.3939
816 1008 -9.7110 -4.9735  4.6720
848 1008  0.2633  5.9699  4.9786
880 1008 -1.6177  0.0203  6.4651
912 1008  0.2618  0.0767  9.2762
944 1008 -11.5786 11.9527  6.7985
976 1008 -10.1352 -4.2733  7.6005
1008 1008 13.1647 -5.9348 15.3155
1040 1008  8.1456  4.8759 13.3610
1072 1008  8.4664 16.0214 15.6994
1104 1008  4.6657  3.4306  4.7199
1136 1008  0.1270  0.2760  4.6474
1168 1008 -0.7668 -7.0498  5.0598
1200 1008 -0.2280 -3.0182  8.3034
1232 1008 -12.9846  0.0792  4.9642
1264 1008 10.8843 17.9104  6.8269
1296 1008  4.6132 -3.1679  5.5592
1328 1008  0.3594 -0.0583  9.8453
1360 1008  0.1683  0.0156 10.2758
1392 1008 -0.4372 12.1238 11.0939
1424 1008 -0.4875  0.2776 10.4333
1456 1008 -0.3613 -0.3422  8.3466
1488 1008  0.2560 -1.8157  8.4130
1520 1008 -0.1757  0.2147 10.5047
 16 1040  0.1073 -16.4910  8.4429
 48 1040 -1.8469 -14.6414  6.6032
 80 1040 -0.4616 -22.3664  6.4615
112 1040  0.4871  0.1506 11.4626
144 1040 -8.1380 -1.5916  5.5546
176 1040 -0.1496 -0.0693  6.5177
208 1040 -8.1612 -2.8871  5.1418
240 1040 -0.1825  0.1087  6.5208
272 1040 -14.4440  7.5710  5.6782
304 1040  7.2537 -1.4146  4.0188
336 1040  9.7601 -14.0013  6.2447
368 1040 -1.5183  0.0387  6.3175
400 1040  0.5610  2.3499  5.2217
432 1040  0.2832 -0.2513  5.3445
464 1040  3.1641  1.2311  6.1843
496 1040 13.9550 -23.5344  6.3877
528 1040 -0.7269 -2.9192  7.7803
560 1040  1.4644  3.2816  4.9780
592 1040  3.2509 -1.8426  5.2808
624 1040 12.9034  0.2322  5.9748
656 1040  0.3530  2.6834  5.8164
688 1040 -0.3089  0.1521  5.8388
720 1040 -0.7400  1.4626  5.1528
752 1040 -0.9108  4.7832  7.0265
784 1040 -3.7429 -1.3014  5.3876
816 1040 -5.7751 -0.1430  5.2119
848 1040 -2.7712 -14.4808  5.0448
880 1040 14.7994 -19.0312  9.1018
912 1040 -0.4624 -0.3772 16.2622
944 1040 -6.9053  9.3750 14.0205
976 1040 -13.0068 14.5604  8.1597
1008 1040  3.3805 -2.2613  7.8064
1040 1040  3.7445 -0.3232 18.3260
1072 1040  4.6761 -9.8941  5.4469
1104 1040  2.5984 -4.1210  5.3585
1136 1040 -0.1388 -0.3236  6.9567
1168 1040 -1.1369 -9.7640  5.6335
1200 1040  0.3761  3.2336  5.6379
1232 1040  0.4194 -0.3364  7.3928
1264 1040  0.2887  6.1676  5.5521
1296 1040 20.2938 -8.6630  6.0309
1328 1040 -0.0771  0.2674  5.1708
1360 1040  0.2804 -0.1954  8.3226
1392 1040 -2.5000  0.2402  4.8969
1424 1040 -19.3713 21.6827  6.9277
1456 1040 -7.7623 16.1337  4.5267
1488 1040  0.0342 -7.2761  4.7723
1520 1040  4.0000 -21.7561  4.3812
 16 1072  1.9158 -0.1456  7.5322
 48 1072  4.9283  6.6538  5.5308
 80 1072 -0.3183 -4.2930  9.2419
112 1072 14.0407 -1.5469  7.6086
144 1072 -12.4631 -4.7807  5.4247
176 1072 -5.4644 -0.2312  6.5932
208 1072 -2.4169  1.5210  5.4950
240 1072 -10.3841 18.0364  4.8419
272 1072 -16.0945 -2.7061  5.5922
304 1072 -0.1837 11.6854  5.5535
336 1072 11.2099 -0.2431  8.4389
368 1072  3.8765 -1.1392  7.6796
400 1072  8.3339 -5.1575  5.1770
432 1072 -5.4746  0.1645  4.8179
464 1072  3.0354  3.6507  5.4595
496 1072  2.2899 -0.4330  5.3214
528 1072 -0.9716  0.0566  5.2898
560 1072 -3.5144  3.1474  6.4660
592 1072 -3.7647  0.1730  6.1166
624 1072 10.3446  0.0439  7.5309
656 1072  2.9000  1.7990  6.7198
688 1072 -0.2691  0.2101  4.9631
720 1072 -0.1978 -12.3184  4.5485
752 1072  1.5000 -8.2275  4.6961
784 1072 -6.8963 -8.6296  5.8028
816 1072 -10.3545 -0.3941  4.3785
848 1072  2.2896  1.9876  6.4876
880 1072 -7.1969  2.7605  5.5724
912 1072 -17.5304  3.7248  7.0020
944 1072  0.3877  0.0668  7.4511
976 1072  0.7834 15.1413 14.8632
1008 1072 10.9707  3.1517  7.6894
1040 1072 17.8801 -3.1118  5.6623
1072 1072 -0.2732 -0.1585  6.4765
1104 1072  0.0097 12.9138  6.0896
1136 1072  1.1646  5.1006  5.8328
1168 1072 -7.5908 -8.2419  6.5272
1200 1072  0.1338 -18.6295  5.1911
1232 1072  8.5195 -6.8692  9.1789
1264 1072 -2.6857 -1.0064  6.7916
1296 1072  7.8196  0.7489  6.6442
1328 1072  6.6407  2.0457  8.4036
1360 1072  0.2740 10.2876  8.4312
1392 1072  0.0061  2.6807  7.4976
1424 1072 -2.0000 -2.9355  6.5853
1456 1072 -5.7064 -0.9029  9.9388
1488 1072 -0.0769  0.2011  6.3253
1520 1072  9.8981 -11.2811  6.3267
 16 1104 20.7690  9.1190  5.3075
 48 1104 -15.6469 -1.5139  8.5163
 80 1104  0.3746 -3.7382  9.2006
112 1104 -0.1900 -13.0064  7.9768
144 1104 -0.0032  1.5646  4.2761
176 1104 -7.5265 -2.9426  5.3706
208 1104 20.6905 23.4203 15.9127
240 1104 -16.7649 -0.0265 12.9107
272 1104  0.2189  8.9831  7.4960
304 1104 -1.9906 -13.9609  9.9568
336 1104 -1.2065 -0.3530  6.3855
368 1104 -0.1331 -1.5510  4.6421
400 1104 -0.1059 15.6975  5.1534
432 1104 -1.1070 -1.2196  6.0507
464 1104  0.4546 -0.8594  5.6727
496 1104  7.9024  0.3396  5.9337
528 1104  3.6959 -2.0846  5.2071
560 1104  7.8320 -4.9070  5.5152
592 1104 -6.2446 -1.4251  6.1407
624 1104 -4.4698  0.4656  5.8384
656 1104  2.2261  3.1769  4.9608
688 1104  1.0000 -0.1575  5.3043
720 1104 10.7476 -0.9137  5.0183
752 1104 -2.9982 -0.0910  5.1018
784 1104  0.1165 -6.0090  6.1548
816 1104  0.0452 -0.6372  5.1348
848 1104  4.9483 -5.6414  7.0918
880 1104 -4.5311  9.3140  9.0339
912 1104 -11.0179 -1.1698  5.7703
944 1104 -3.3134 14.3056  6.0582
976 1104  1.5272 25.4720 17.6634
1008 1104  5.8576  3.3606  5.8113
1040 1104 -4.8547 -20.8896  9.4125
1072 1104  0.2099 -1.3128  6.3564
1104 1104 -1.7746 -0.5377  6.1890
1136 1104  0.8366 -6.5067  5.2959
1168 1104 -2.1444  1.6255  6.3621
1200 1104 -0.0397 -0.0121  6.4406
1232 1104  6.2712 -8.4319  7.0939
1264 1104  0.1423  3.2056  6.5323
1296 1104 15.5826  0.2552  5.9640
1328 1104  0.0579 -15.9518  6.1963
1360 1104 -6.1777 -11.0533  5.1926
1392 1104  0.3618 -25.8857  6.3280
1424 1104 -14.1964 -11.7625  6.7743
1456 1104  0.1616  0.1513  7.5392
1488 1104  0.2837 -2.7150  6.7446
1520 1104 -0.1866 10.0264  7.1460
 16 1136  7.1646  1.7745  6.5649
 48 1136 -18.8739 -19.3060 10.7456
 80 1136 -0.0461 -6.5113  7.1266
112 1136  0.0006 -12.2612  6.9356
144 1136 16.2500 17.5308  7.2925
176 1136  0.1622  5.6889  5.9506
208 1136  0.1894 -12.7693  6.1802
240 1136 -9.6988 -16.0819  8.6036
272 1136 -0.2476  0.4247  7.1153
304 1136 -0.0996 -21.0847 10.3153
336 1136 -0.2909 -1.0767  5.5623
368 1136 -0.0165  5.7953  5.3259
400 1136 -8.2611 -13.2696  6.2121
432 1136  0.1936 -2.6487  6.2796
464 1136  6.5680 11.8381  4.8913
496 1136  8.2048  3.2933  5.1805
528 1136 -4.2046  0.3707  7.8503
560 1136 -0.0712 -8.0170  6.6601
592 1136 -0.8452 -0.5961  5.3697
624 1136 -0.2419  5.4051  6.5224
656 1136 -1.3097 -18.5293  5.5971
688 1136 -0.0695  3.0724  4.9011
720 1136  0.5884  0.2236  7.2270
752 1136 -0.7787 -2.1078  5.4847
784 1136  0.2973  0.0386  5.7083
816 1136  1.9458 -7.8106  4.4062
848 1136  1.8695 -1.6108  5.5596
880 1136 -0.1129 -6.1722  7.0844
912 1136 -0.0518 15.3510  5.0842
944 1136 -0.2651 -5.1599  6.1876
976 1136 -4.8912 -2.7185  5.4549
1008 1136  0.2183  4.1664  4.8676
1040 1136 -7.3484 -3.0178  5.7321
1072 1136  0.1364 -18.2470  5.6368
1104 1136  0.2087 -0.1823  4.5525
1136 1136 12.0512 -0.7989  7.8101
1168 1136  0.0747  9.7844  6.2209
1200 1136 -6.0594 22.3813  6.6114
1232 1136 -5.2887 11.9736  5.5917
1264 1136  9.9705 -17.2526  5.8400
1296 1136  8.1186 -2.4257  6.0863
1328 1136  5.7688 -14.9978  7.9360
1360 1136 -1.6593 -8.9320  5.2283
1392 1136  0.0582 -11.7252  5.4000
1424 1136  9.4337 -21.4057 11.4294
1456 1136  3.2048 -5.8834  7.0749
1488 1136  0.4249 -7.7022  9.3965
1520 1136 -5.6996  0.0549  6.8776
 16 1168 -6.4103 -13.3529  6.8785
 48 1168 -16.3001  0.2503  6.9433
 80 1168  0.3212 -19.1796  6.8059
112 1168 13.5671 -7.3657  5.1606
144 1168 20.8179  0.0090  7.3175
176 1168 14.7833 -9.1590  9.0058
208 1168 -0.1251 -3.2649 12.8914
240 1168 -0.3136  0.2917  7.5954
272 1168 -17.6133 -14.2897  7.0422
304 1168 -0.1928 -13.5033  5.9248
336 1168 11.3277 -5.6083  4.6059
368 1168  5.2507 -10.8533  5.5726
400 1168  4.7284  0.2433  5.8113
432 1168 -2.8354  0.1794  7.0419
464 1168 -10.5868 -6.0989  5.5673
496 1168 -4.4572 21.5178  6.1951
528 1168 -12.3267 -1.9407  4.5537
560 1168  5.7618 -0.1606  5.7017
592 1168 -12.7101  2.0877  6.1284
624 1168 -1.2033 -0.3202  6.1334
656 1168 -2.1434 -4.7909  4.6376
688 1168  8.9923 -12.2760  5.5161
720 1168  6.3457  3.8216  4.0327
752 1168  0.2003 -2.9596  4.2968
784 1168 -0.2890 -3.0515  5.7390
816 1168 -0.2762  0.0566  5.2740
848 1168 -0.1479  6.7828  6.0695
880 1168 -0.2369 -6.6842  6.0798
912 1168  1.8597 -0.4451  5.1076
944 1168 -6.5888  4.7101  6.5850
976 1168 -5.8673  2.9055  8.9142
1008 1168 -13.3890 -8.1005  9.6337
1040 1168  8.3241 -3.7848  6.9628
1072 1168  7.1539  3.8427  6.5883
1104 1168  0.2305 -1.9415  5.4178
1136 1168  0.2024  0.3583  5.5468
1168 1168  0.1973  3.1833  4.5780
1200 1168  0.0103  0.1377  6.6443
1232 1168 -0.0294 -1.8460  6.4423
1264 1168 11.9534  0.2733  6.6244
1296 1168 -5.8373 -16.1891  9.0039
1328 1168 -7.8759 -2.0659  6.1537
1360 1168 -0.3435 -14.0557  8.0099
1392 1168  0.2505 -4.4093  6.3012
1424 1168  0.0717 -6.7544  8.5385
1456 1168 -0.0071 -5.8914  8.1277
1488 1168 19.8584 -4.8320  4.2731
1520 1168  7.8163 -16.5000  8.5248
 16 1200  1.6232 -7.8513  9.1187
 48 1200 -1.3361 22.3913  7.9722
 80 1200 -0.4136 22.3674  7.8850
112 1200  2.9774  6.4061  5.4157
144 1200 -5.6026 -8.1967  4.6256
176 1200  7.8497 -3.7654 12.0607
208 1200  3.2163  8.0888  9.8235
240 1200 -14.3312 17.4255 10.0205
272 1200 -2.6702 25.7541  5.5557
304 1200 -14.7156 20.2938  7.4537
336 1200  3.6932  3.6975  4.9394
368 1200 26.7692  3.0925 10.7043
400 1200  5.1063  0.1640  4.9244
432 1200 -7.1715 -2.9946  5.1812
464 1200 11.4268 -3.5764  4.9800
496 1200  1.0629 -12.1319  4.4552
528 1200 -4.8370  8.2441  4.9532
560 1200  4.7290  9.5933  5.4137
592 1200 -0.1418 -2.4489  5.5036
624 1200 -1.7383 -7.7442  5.9188
656 1200  0.1488 -2.0923  6.9339
688 1200  4.9944 -5.3528  4.7483
720 1200 -2.5509 -0.2458  7.1489
752 1200  8.4461 -1.6875  9.4750
784 1200 -2.6919  2.0692  6.8433
816 1200 10.3269  1.5479  4.5295
848 1200 -1.7904 -1.0422  4.8048
880 1200 -1.7642  1.1502  5.8333
912 1200 -0.2256 -13.0163  4.2811
944 1200 10.3480 -2.0663  5.6601
976 1200 -6.3518 -14.3384 15.8300
1008 1200 -1.3426 -15.5383  4.6329
1040 1200  7.4339 -23.8972  9.7292
1072 1200  0.0619  0.7152  6.7977
1104 1200 -9.7540 -2.4713  5.3733
1136 1200  0.1269 -0.1497  5.4327
1168 1200  1.2661  0.7775  5.5573
1200 1200 -6.5724  0.1904  5.7661
1232 1200 -5.0734  0.0063  6.3260
1264 1200 -11.5042  4.5279  7.7564
1296 1200 -6.7293 -8.2378  9.1405
1328 1200  0.0213 -5.7898  5.6453
1360 1200 13.3989 -6.0649 11.1541
1392 1200  5.3781 -4.1389  6.5751
1424 1200  7.1758 -7.8047  6.2460
1456 1200  8.2069 -0.0588  4.2472
1488 1200 11.3010 -0.1284  4.4903
1520 1200 -14.0666  2.8565  4.9164
 16 1232  1.4889 -7.5153  5.6955
 48 1232 12.5928 -6.1092  7.3501
 80 1232 -9.6029  3.1520  7.9044
112 1232 -27.9466  5.0191  8.8242
144 1232  0.4925 -5.7815  7.4767
176 1232 13.7467 -0.4293  5.3178
208 1232  0.3217 -0.2477  9.2230
240 1232 -14.7738  0.0234  4.4398
272 1232 -7.1110 24.5791  8.5594
304 1232 -8.4275 19.0353  5.8973
336 1232  0.0817 11.3582  7.4759
368 1232  8.1069 16.8382  6.1654
400 1232  7.5472 -18.0250  8.1691
432 1232  0.4040  1.1326  4.5216
464 1232  9.5653 -5.8917  5.6007
496 1232  0.0044  0.3840  5.0631
528 1232 -7.4853 -8.3283  9.5961
560 1232 -15.8313 -9.3291  8.0911
592 1232 10.5500 -5.0327  8.5402
624 1232 -4.9431  0.2876  5.6782
656 1232 -0.0970  5.8703  6.0132
688 1232 -1.6742 25.1581  5.7248
720 1232 -0.1869 -0.2968  4.2405
752 1232 -2.8380 -16.1390  4.5340
784 1232  2.0379 -18.3724  5.0849
816 1232 15.6920  0.0546  9.0487
848 1232 -3.4145 -0.8446  5.5649
880 1232  2.3431  0.3209  7.1376
912 1232 17.7209  0.0260  5.1118
944 1232  1.7748 -0.0514  7.0746
976 1232 -12.7833 -2.2198 16.7100
1008 1232 -11.7188 -2.4465 12.2493
1040 1232  1.9596 11.7240  7.0607
1072 1232  3.0376 -1.7103  7.0738
1104 1232  0.3054 -5.7375  7.5379
1136 1232 -4.7467 10.5396  6.3761
1168 1232 11.3337 -16.2878 17.4803
1200 1232 -7.8460 -15.3512  5.7010
1232 1232 -4.6681 -2.5315  6.9546
1264 1232 -0.3367 14.5948  5.0656
1296 1232  5.9488 18.9422  8.9532
1328 1232 -0.0346  9.6494  9.2782
1360 1232  0.1412  5.8693  5.0393
1392 1232 24.1815 23.5464 10.2122
1424 1232 -0.0140 24.0941  7.0672
1456 1232  0.7498  0.4107  7.4524
1488 1232 -0.1048 -0.3319 11.4372
1520 1232 -14.5399 -0.2493  5.7517
 16 1264  0.3425 23.7969  9.9139
 48 1264  2.7557 -2.1823  5.5815
 80 1264 -0.2805 -23.5453  7.0613
112 1264 -0.3699 -0.5000  6.3352
144 1264  2.1449 -1.0007  8.4428
176 1264 20.3326 -13.2103  9.3567
208 1264 15.7163 11.1657  7.5504
240 1264  0.1220 17.0402  4.9721
272 1264  6.0999 16.6022  8.3654
304 1264 -20.0936 12.9451  8.4230
336 1264 -10.0322 -15.1102  6.3926
368 1264 -0.0326  1.8196  4.6185
400 1264 11.2641 12.4247  6.6335
432 1264  3.3797 -7.7872  5.2218
464 1264  0.3633 -1.0545  5.8212
496 1264  0.1074  8.0893  5.4831
528 1264 12.5363 -2.0436  5.4392
560 1264 -21.0549 17.5967  7.0061
592 1264 -17.1708 -0.0748  6.2482
624 1264 20.0399  0.5069  9.8576
656 1264  3.7035 13.8476  6.9887
688 1264 -10.0225 16.0507  5.9951
720 1264 -2.9427 24.4718  5.9318
752 1264 -18.7131  7.9770  5.3362
784 1264 -0.2595 15.8021  6.1702
816 1264 23.9831  0.1076  4.9197
848 1264  8.9821 -5.1856  5.9401
880 1264 -2.9947 -0.1187  4.9950
912 1264 10.0789  0.3432  6.0166
944 1264  0.3002  0.4388  9.6615
976 1264 -20.6261  8.0496 12.6699
1008 1264 -24.5434 -6.2496 17.8098
1040 1264 -0.2963  7.3263  5.1805
1072 1264  5.3503 14.6333  7.7961
1104 1264 -13.5445 -9.8491  5.7567
1136 1264 -8.2476  0.1822  6.8064
1168 1264 10.8835 -20.9316  6.8411
1200 1264 -0.1227 -19.0396 13.0492
1232 1264  0.2741 -9.9070 22.6950
1264 1264 -0.1169  0.4027  5.3515
1296 1264 -11.1515 15.8926  4.9476
1328 1264 -0.0593 25.6544  7.7981
1360 1264 -4.3525 26.3762 11.2332
1392 1264 -0.2949 20.2826  7.4858
1424 1264 -3.3372 23.0032  6.4477
1456 1264 -0.4599 20.2246  8.5610
1488 1264 -0.4337  0.0321  9.4696
1520 1264 -6.1644 -7.7300  6.4520
 16 1296 -12.1405  1.6876  7.2010
 48 1296 -18.0464 -0.3376  5.9080
 80 1296 -19.0961  0.3965  4.4540
112 1296 -26.6317 -16.6471  9.0665
144 1296 13.0289 -16.4098  8.7849
176 1296 18.0880 -22.3932  5.1782
208 1296 15.2076 -0.1182 10.4605
240 1296  7.0109  3.1064  6.2693
272 1296 10.7933 -4.1216 11.5901
304 1296 -27.3072  4.2543  6.1773
336 1296 -22.1388 12.7409  6.7491
368 1296  1.2737  0.1592  4.8921
400 1296  0.1177 -3.2180  4.2083
432 1296  0.2152 -2.7669  8.3637
464 1296 13.9169  0.3334  6.3664
496 1296  0.1498 -0.3324  7.3419
528 1296 -1.8339 -7.7611  5.2960
560 1296 -1.1332  0.1320  5.9803
592 1296  0.2991 16.6906 12.4992
624 1296 21.5795  0.1607  9.8526
656 1296 -2.0727 19.9129  5.9534
688 1296 -1.1846 -1.2920  5.6450
720 1296 -10.1390  0.1979  5.1199
752 1296  0.0865 15.8144  6.1042
784 1296 -3.3084  0.2927  5.8130
816 1296 13.8801 -0.9979  4.5867
848 1296 23.4344 -5.9030  7.6277
880 1296  2.8966  2.7699  5.0414
912 1296  0.1299 -1.6143  6.6564
944 1296  4.1979 -12.1054  5.5312
976 1296 -23.0462  6.2781 12.0415
1008 1296 -11.0446  6.2417 11.4114
1040 1296 21.6750  3.1294  7.6841
1072 1296 13.7012  9.7479 10.1509
1104 1296 -9.0503 12.2870  5.2180
1136 1296 10.5581 -0.2388  9.3268
1168 1296 -1.4105  0.1820  6.0508
1200 1296 13.3411 -4.3533 10.0308
1232 1296  8.8870 -7.5986  8.5334
1264 1296 10.6064 -8.4513  6.6423
1296 1296 -0.0355 -4.3882  5.3599
1328 1296 -22.8615  5.3456 12.8422
1360 1296 -10.2006  0.0911  8.1651
1392 1296  7.5099  0.1807  9.8680
1424 1296 -0.1675 18.2309  6.1483
1456 1296  1.5828  6.2878  7.0390
1488 1296 -1.8221  0.1384  9.7208
1520 1296 -8.4823 23.4638  6.7310
 16 1328 -7.0071 -0.1914  8.2369
 48 1328 -0.0888 -0.2972  5.6615
 80 1328 -3.7245 16.2312  7.4283
112 1328 -17.2103 19.1194  6.6539
144 1328 -6.2090 18.4829  9.8702
176 1328 22.2233  3.1363  5.6901
208 1328 17.6369 -3.8692  7.8234
240 1328  3.4159 -5.7555  8.2819
272 1328 13.3415 -15.7704  6.5713
304 1328 -4.0896 -5.4998 19.1627
336 1328 -0.7720 -0.3358 13.2144
368 1328  3.8591  0.2840  6.0891
400 1328  0.4970  6.3922  5.5700
432 1328 -2.3684 -18.2447  7.3595
464 1328 -2.0849 -0.3289  7.9807
496 1328 -0.2825 -10.9277  7.3257
528 1328 -0.5171 -0.3654 12.1886
560 1328 -4.3237  0.0337 11.1629
592 1328  0.2851 -0.2881  7.6880
624 1328 20.1559 -0.3170  7.1286
656 1328 -18.8799 -9.1596  5.9630
688 1328 -0.2664  1.6936  5.9150
720 1328  0.2907  5.5826  6.2637
752 1328  0.2270 18.5877  9.7944
784 1328  0.2109  0.3087  6.6918
816 1328 -0.2743  0.2733  5.1729
848 1328  3.0337  3.2703  4.8823
880 1328 12.8587 -6.6783  6.1936
912 1328  7.3100 -3.1889  5.3400
944 1328  7.7850 -0.0706  8.5251
976 1328 -19.2302 -20.5707  9.3954
1008 1328  0.1111 -15.8877  6.9529
1040 1328 -0.1926 -3.6044  8.4858
1072 1328 -15.9609  0.0280  5.9879
1104 1328  8.0976  1.8760 10.3610
1136 1328 -18.6093 23.5177  7.6245
1168 1328 -4.0469 -1.9835  4.2769
1200 1328  9.4531  9.7583  5.7363
1232 1328  0.1640  0.1592 10.7456
1264 1328 -8.1730 -1.7955  8.4674
1296 1328  5.9715 -11.7811  7.7884
1328 1328 -15.1307  9.1122  9.1146
1360 1328 -15.7599  0.0629  6.5569
1392 1328 -6.9269 -18.8112  8.6722
1424 1328 -0.4474  0.3465  6.2363
1456 1328  0.2923 -16.3528  5.9906
1488 1328 24.0510 -15.5581  4.9632
1520 1328 -0.0568  0.0210  5.7461
 16 1360  0.0658  2.1049 12.3542
 48 1360  0.2821 20.9857  7.4345
 80 1360 -1.2658 20.3151  8.5130
112 1360 -21.6393 18.3128  8.4410
144 1360 -0.1091 12.2947  7.5136
176 1360 -14.8800 -7.5627  5.9391
208 1360 12.3729 -10.6518 10.5471
240 1360 14.4959 -3.9095  9.4229
272 1360 -0.0871  0.2797 13.2092
304 1360 -0.0603  5.5529  7.8131
336 1360  2.4277 13.7043  7.2170
368 1360 -5.8821  7.7915 10.7488
400 1360  0.1176 -3.6428 14.8613
432 1360 -0.4737 -0.4511  8.2455
464 1360 -6.3629 -1.9212  5.0807
496 1360 -13.7009  0.3348  4.7882
528 1360 18.7763 -6.0900  5.7289
560 1360 -8.5152 -0.2744  5.5781
592 1360 20.9655 -3.9048  6.7726
624 1360 -0.1184 -13.2374  5.8717
656 1360 18.9005 -8.7451  8.1357
688 1360 13.8543  0.2936  7.9118
720 1360 13.8517  7.7618  6.6914
752 1360  0.0680  5.1118  6.0016
784 1360 -4.2405 -0.1789  7.8084
816 1360 -18.5041 13.0250  9.0218
848 1360 -10.3220 -0.2205  5.5140
880 1360  9.1828 13.9922  6.1377
912 1360  0.0000  1.4704  6.1154
944 1360 -2.1188  5.5000  6.4650
976 1360 -13.1184  0.3728 17.1388
1008 1360 20.8740 -0.0528 21.7289
1040 1360 -5.6675 -3.3749  6.0272
1072 1360  7.3321 16.0569  6.8908
1104 1360  0.0685 -0.0500  7.1041
1136 1360 -1.5993  0.0528  8.1164
1168 1360 -2.1154  7.9301  5.2358
1200 1360  6.7512  0.1443  5.6984
1232 1360 21.3765 -0.3624  7.3047
1264 1360  0.2900 -25.6246 11.9976
1296 1360 -6.1002 -14.6836  8.8893
1328 1360 16.3044 -13.1023 10.2463
1360 1360 -13.3799 18.9261 12.3760
1392 1360 -8.2221  0.4555  6.0440
1424 1360  0.4624  3.7168  5.3372
1456 1360 -17.7658 15.9682  5.0393
1488 1360 12.0057 -0.1513  6.5954
1520 1360 13.2414 -0.3262  5.3180
 16 1392  0.0481 19.1918  7.1423
 48 1392 18.9031 21.9177  9.4342
 80 1392 -3.5614 21.3216  9.1862
112 1392 -12.8377 11.8236  6.5127
144 1392 -7.6370 -0.0780  8.8608
176 1392  0.1213 18.1349  7.7161
208 1392  0.7406 17.9113 11.3347
240 1392 15.2232 -19.6324  5.2586
272 1392 -0.1347  0.2085 10.5573
304 1392 -5.7642  6.9233  8.5878
336 1392 -0.1621  0.0371 18.0857
368 1392  0.4352 -3.6885  6.1431
400 1392 -6.7610  6.6371  5.7534
432 1392 -0.1541  0.0712  5.1058
464 1392 -0.1573 -3.5248  5.7709
496 1392 -0.3444  5.6231  7.6698
528 1392  0.1953 -24.4125 12.3116
560 1392 -2.8788 -18.0350  7.3436
592 1392 -0.2441  0.0855 13.1132
624 1392 -0.4204 -0.1502  7.6594
656 1392 18.3810 -0.1071  7.8437
688 1392 19.0115 22.0059 12.8266
720 1392 -0.0186 -5.5727  4.8730
752 1392  4.6414 -9.7788  6.2047
784 1392 -19.2429  0.1717  4.8634
816 1392 -21.1464 16.0168  7.1771
848 1392 -2.1464  6.2209  6.7267
880 1392  0.3761 -0.4658  6.6176
912 1392 -2.2104  5.2790  4.8166
944 1392  5.9831 15.2179 12.4630
976 1392 -0.0173 18.5467  8.7460
1008 1392 -1.3390 -0.0441 12.3838
1040 1392 -11.2203 24.1752  6.1797
1072 1392 -11.8676  0.4732 10.1258
1104 1392 -7.0875 12.9328  9.6486
1136 1392 -2.9025 -0.4361  5.8698
1168 1392 -0.4816 -0.1927  4.3971
1200 1392 14.1400 -3.3758  5.8688
1232 1392 25.5626 -4.7402 16.1896
1264 1392 -0.1257  0.1282 11.0731
1296 1392 14.8326  1.4122  5.7907
1328 1392 24.1681 -0.4402  8.2396
1360 1392  4.5304 19.3157  9.7334
1392 1392 -5.2858 19.2477  5.3250
1424 1392 -0.0753  1.4336  5.8478
1456 1392 20.8691 -10.5497  8.0607
1488 1392  0.3532 15.7183 10.0326
1520 1392  0.2823  2.2093  8.2278
 16 1424 24.7029  0.1861  7.5670
 48 1424  5.7927 -0.0389  6.1453
 80 1424 -0.0199  7.3219  5.9941
112 1424 -7.2055 -5.2512  5.2587
144 1424  8.5026  3.5870  6.3441
176 1424  2.9862 -0.1500  6.6173
208 1424 -24.7918  9.4723 12.7396
240 1424 -0.1543  0.2094 11.1837
272 1424 23.0295  4.1334  5.9436
304 1424 11.6222  3.5170  5.9285
336 1424 -10.1300 -2.4504  5.6440
368 1424 -19.8947 -4.9603  7.9293
400 1424  0.1963  0.1524 10.9781
432 1424  0.0918  0.4164  7.9119
464 1424 -0.3855  0.4037  5.9087
496 1424  0.0469  0.0674 10.5988
528 1424 -4.4415 -0.0876 10.0114
560 1424 13.9550 -10.6078  6.6900
592 1424 -0.1069  0.1608  6.6442
624 1424 12.4731 19.1262  8.2686
656 1424 19.9928  0.0721  7.8478
688 1424 -0.3646 -1.4639  6.3104
720 1424  6.1997 -0.0486  4.8141
752 1424 18.4129 -3.0828  4.9952
784 1424  1.6923 -14.1513  4.0496
816 1424 -11.6691 -0.2042  5.0849
848 1424 -15.9976  3.8299  7.2625
880 1424 -7.4352  6.0788  7.9155
912 1424  1.0190 -4.6085  6.7097
944 1424 24.1243 -2.4460  8.7099
976 1424  4.0439  8.9883 11.5209
1008 1424 -19.5856  1.6368  8.7725
1040 1424 -0.5805  3.7663  8.6234
1072 1424 -10.3160 21.7213  7.2043
1104 1424 15.4658  2.6207  4.5683
1136 1424 -17.7133 14.8787  9.5146
1168 1424 -0.1191 20.5330  8.0586
1200 1424 -0.3835 18.0014  6.9290
1232 1424 -0.0860 21.0274  7.3132
1264 1424  2.0647 12.7651  7.6152
1296 1424 -0.3263  0.2903  7.7584
1328 1424  0.3643 20.0497  8.4469
1360 1424  9.9850 18.7319  9.6514
1392 1424  0.4255 17.9689  8.1600
1424 1424 -18.9960 21.1308  6.0341
1456 1424 -11.8209 21.7797  6.7591
1488 1424 -0.0983  4.8162  6.9080
1520 1424  0.0513  0.3935  9.0767
 16 1456 15.0133 -0.1058  7.5628
 48 1456  0.0094 -21.0907  9.8203
 80 1456 -0.1587 -21.0346  7.2943
112 1456 -0.2701 -23.7028  9.4252
144 1456 15.5602 -5.8409  4.7746
176 1456  5.3592 -0.1263  6.0848
208 1456 -10.2993 -2.2376  9.6492
240 1456  0.2209 12.1718 11.2858
272 1456  0.2895 -0.1679  9.3833
304 1456  0.0757 -1.5052  4.4856
336 1456  0.4538  0.1848 10.1426
368 1456 23.5826  0.1229  8.0934
400 1456 -0.3467 -0.2016  6.9588
432 1456 -0.1819  0.0932  6.2833
464 1456 -2.8260 -11.2236  8.0832
496 1456 -27.5603 -15.7546  8.0674
528 1456 -5.4050  0.4542  8.7837
560 1456 -0.0549 -0.2460  6.1571
592 1456  0.1532 -9.8999  6.2956
624 1456  0.0520 10.5782  5.7249
656 1456 -2.4098  9.5888  8.4796
688 1456  0.1696  0.4872  5.6254
720 1456 -7.8551 -4.2186  7.0782
752 1456 10.2038 -7.7712  6.6261
784 1456 23.7657 -14.6670 10.1338
816 1456  1.8979 -1.7962  7.0696
848 1456 -13.9894  7.9273  9.0369
880 1456 -0.9675  0.3031  6.4006
912 1456  6.7820  7.7889  6.8208
944 1456 20.0202  0.1900  7.2532
976 1456 12.0622 13.4915 12.7105
1008 1456  0.0124 18.7704 11.3125
1040 1456 -0.3554  1.3346  5.7274
1072 1456  0.1034  3.9328  5.8906
1104 1456 -0.2014 11.1841  6.8123
1136 1456 -6.7237 13.2456  6.5941
1168 1456 -3.2504  0.4168  6.5054
1200 1456 -7.4406  0.0242  7.1307
1232 1456 14.8477  7.0402  6.6535
1264 1456 17.6683 15.5164  7.7278
1296 1456 -13.5563 22.9291  9.0178
1328 1456  8.1396  6.4982  6.9958
1360 1456 16.5502 11.7578  4.8486
1392 1456 -15.8211  0.3015  5.7388
1424 1456  0.2961 11.1577  7.2413
1456 1456 -4.3634 25.6917  6.0649
1488 1456  0.0139  6.2362  5.0898
1520 1456 10.3575  9.2231  6.7315
 16 1488  0.0306 -9.2961  6.4519
 48 1488 -3.5836 -0.4232  8.6094
 80 1488 -13.6374 -0.4122  7.2609
112 1488 11.7793  6.3434  7.1251
144 1488 -13.4275 -3.0283  6.2622
176 1488  3.5874 -9.7721 10.2281
208 1488 16.2194  8.1233  7.8945
240 1488 -5.2880  1.8296  9.9253
272 1488 -20.3562 -15.4896  4.9818
304 1488  0.0282 -23.5034  7.3347
336 1488  0.1389 12.4305 10.0821
368 1488 -1.3086 -7.2695  6.5509
400 1488 -2.6632 -15.5248  5.6389
432 1488 -0.3854 -2.4646 11.3169
464 1488 -16.4650 -16.1997  8.8146
496 1488 16.0542  5.2563  7.0827
528 1488 -13.9060 17.5974  7.2844
560 1488 -12.2069  0.0638  6.1287
592 1488 16.3519 -11.6115  4.9464
624 1488 -9.3313 -1.8026  5.7339
656 1488 -0.1458 -3.3584  8.7109
688 1488 -7.9692 -0.0413  6.2038
720 1488 17.7494 -11.3512  7.6413
752 1488 -0.3317 -5.2062  4.7984
784 1488  4.8600 -3.1355  6.7935
816 1488 -15.7366 -19.4236  8.2848
848 1488 -4.3344 11.5287  5.2687
880 1488  1.3196 -0.0656  5.5358
912 1488 -18.6428  5.9118  6.7001
944 1488  5.6706 -6.0310  5.5078
976 1488 15.1171  2.2669 10.3789
1008 1488 22.7272 -21.2270  8.9765
1040 1488 -14.1343 -0.2829  7.7447
1072 1488 -0.0497  0.3631  8.4423
1104 1488 -0.2294 20.3877  5.0808
1136 1488 -0.3125 20.1278  4.9551
1168 1488 -17.9522 26.9381  8.6270
1200 1488  3.2342  6.0127  6.8084
1232 1488 22.9485 16.2164  9.9009
1264 1488 22.3317  0.1134  7.8754
1296 1488 -8.0024  7.7523  6.2045
1328 1488 -18.9828 23.9129  8.6743
1360 1488  0.1571  0.1938  8.7436
1392 1488 -0.4839  0.3299  6.3068
1424 1488 -11.6554 14.9096  5.1460
1456 1488 -23.7219  2.7358  4.6904
1488 1488  0.3134 -2.0694  7.8607
1520 1488  0.2913 -3.5173  9.3171
 16 1520  6.6860 -0.4075  7.5316
 48 1520  0.4217 -0.0234 11.5667
 80 1520 -8.2462 -0.2588  9.9260
112 1520  6.6699  0.0322  7.6883
144 1520 -11.7986 -9.9635  5.6372
176 1520  0.0954  5.8110 11.0297
208 1520  7.0259 13.1245  9.5234
240 1520 -11.3804 -0.4747  7.8619
272 1520 -5.6445 -17.8893  8.5377
304 1520 -3.0554 -0.3420  4.6222
336 1520 23.2770  0.1106  7.5231
368 1520 -0.5382 -4.5498  6.8031
400 1520  0.2402  0.0903  8.8169
432 1520 -0.1280  0.2339 12.7595
464 1520  7.3443 10.2526  8.8311
496 1520 10.8766 20.8389  6.2624
528 1520 -22.3382 -0.0448  7.5746
560 1520 -23.9612 -10.0885  6.8798
592 1520 17.8860  0.0115  5.3305
624 1520  0.2279 -8.3281  6.5885
656 1520 -11.5734 -16.6249  6.4977
688 1520 22.9599 -20.7996  8.2041
720 1520  6.0267 11.8021  5.0605
752 1520  0.1457  6.4878  6.1499
784 1520 -3.5171  7.3633  7.3263
816 1520 15.1978 -19.4341  8.3990
848 1520 -7.8697  2.6184  6.1159
880 1520  1.4511  0.1667  6.4036
912 1520  1.4531  3.7465  6.5579
944 1520 -0.1445 -4.2762  7.2507
976 1520  0.0226  0.3594  8.6570
1008 1520  0.0442 -4.3440  8.6407
1040 1520 21.8917 -21.3805 11.0952
1072 1520  0.3345 -0.3146  9.7750
1104 1520 -0.0012 -0.2466  6.6405
1136 1520 -14.1991 -0.0041  6.8223
1168 1520 -0.2714 -0.0214  7.5822
1200 1520  0.3424 17.6006  8.1017
1232 1520 18.9343 19.7354  9.1175
1264 1520 28.4333 -8.8937  7.7385
1296 1520 17.5333 -23.9363 12.9466
1328 1520  3.2070 -11.1797  8.6421
1360 1520 -23.9245 11.3949  8.7946
1392 1520 -0.3268  0.0207 10.0067
1424 1520 -15.3293  0.0896  6.2078
1456 1520 -15.8420 -0.0324 12.7626
1488 1520  0.3692 12.6267 10.3781
1520 1520 21.2756  0.3015 11.5682
  0   0 23.3379  0.0660  0.0000
  0   0 13.1784  0.1967  0.0000
  0   0  0.0820  0.1110  0.0000
