VARIABLES= "X pix", "Y pix", "U pix/dt", "V pix/dt", "CHC", ZONE I=48, J=48
 16  16  0.2026 -19.4796  8.1113
 48  16  0.3155 -0.3424  4.2429
 80  16 -0.2265 -0.1521  5.9100
112  16 -11.5729 -0.1451  5.6818
144  16  5.2846 -20.3003  6.1538
176  16  0.3469 18.6031  7.1527
208  16 -0.0854 -0.0926  7.6639
240  16  4.7842 24.4333  8.4463
272  16  4.2255 -11.7988  7.5836
304  16 17.9702 -18.4813  8.5421
336  16 -16.1775 -18.1869  8.5711
368  16 -20.8152 10.1333  8.5555
400  16  8.1323  7.3282  5.4938
432  16 -4.8814 21.9157 11.0698
464  16 -4.3098 22.1195  7.3736
496  16  0.0257 22.3927  7.1915
528  16 -0.1710 18.7147 10.4301
560  16 -0.0451 19.6479  6.4093
592  16  0.1469 -3.8804  8.7599
624  16 -0.1999 -0.4283  7.1796
656  16 10.3221 -19.6732  6.7661
688  16  6.8201 -15.6783  8.9252
720  16 -17.3292 -12.1797  7.0426
752  16 -13.0979  8.8361  7.7928
784  16 -10.0018  0.1284  6.3981
816  16 -0.3104  0.1145  9.0197
848  16  3.0721  0.0231  4.8584
880  16  0.0350 -3.8088  6.9081
912  16 19.5596 16.1356 10.9603
944  16  5.8638 15.8124  6.9089
976  16 14.7621  0.3232  7.8697
1008  16  7.5561  0.0006  5.8071
1040  16 -16.1037  1.5000  6.6965
1072  16 14.2164 -2.4387  5.4810
1104  16 -0.1218  0.1983  9.0209
1136  16 -2.2088 -0.0008  7.8544
1168  16 11.3712 19.1296  8.4940
1200  16 -0.0898 -0.0045  7.9689
1232  16  7.5287  5.5815  7.7896
1264  16 -0.9698  0.1217  6.3561
1296  16 -22.3113 -14.1797  6.8983
1328  16 -11.0580 -1.3908  6.7040
1360  16 -0.2524 13.0108  6.4685
1392  16 11.4960 16.3826  7.2929
1424  16  5.8480 15.6474  4.6871
1456  16  0.0120 -6.4054  7.7176
1488  16 -0.0455 -10.8749 13.8694
1520  16 -12.7428 -14.3294  8.7311
 16  48 -5.1661 -1.7678  7.3896
 48  48 -4.9704  6.3315  5.5735
 80  48 15.1929 -17.1926  9.1721
112  48  2.2141 -17.9754  5.1163
144  48  0.3640 -23.9225  8.7954
176  48 14.0166 -0.2443  7.2779
208  48  1.8478  0.1646  6.2171
240  48  9.7621 -0.9162 10.3135
272  48  4.6776 -7.0842  8.7361
304  48 10.8261 -0.3160  8.1601
336  48 -3.4005  0.3414  5.3523
368  48  0.3886  5.7572  6.0439
400  48  7.5283  6.2483  7.0909
432  48  8.4329  0.4436  4.9269
464  48 14.4810 20.0569  6.6790
496  48 -13.5368 19.5025  8.4349
528  48 -0.0956  0.2513  9.7624
560  48 -0.1023  5.1306 11.9383
592  48 -20.7644  0.3911  9.4182
624  48  0.0981 -0.2530  7.8146
656  48 12.8135 -18.2902  6.6533
688  48  0.0312 -2.9658  8.5969
720  48 -4.0609 16.0980  7.0013
752  48 -17.9976 19.3046  7.4968
784  48 -19.9277  0.4271  7.4701
816  48 -11.7580  2.4726  8.7461
848  48  6.8074 -0.0829  5.2377
880  48 26.6512  0.2410 11.0121
912  48 15.2665 10.7863  7.8831
944  48 -0.1514  0.1602 10.8446
976  48 15.5883 -9.7775  7.2233
1008  48  9.8120 -18.5244  7.3420
1040  48 -10.2172  0.1777  6.3538
1072  48  8.3572  0.1150  9.5368
1104  48 15.5377 19.7472  6.1370
1136  48 -22.2510 -0.3548  7.2319
1168  48 -0.0827 13.5751  7.0590
1200  48  1.0144  0.2721  8.1068
1232  48 -6.8210 -7.6382  6.6622
1264  48  0.0481 -3.7995  8.5035
1296  48 -1.9590 -0.0171  5.0753
1328  48 -12.1476  5.0544  8.4866
1360  48 12.0105 11.4926  8.4191
1392  48  7.5878 -0.4516  6.9362
1424  48 14.9416 -14.0543 11.2020
1456  48 20.5457 -0.1889  5.9645
1488  48 -22.1569 -13.2461  9.0907
1520  48  0.0690  0.2115  4.7108
 16  80 -0.0300 -6.8951  8.7677
 48  80  0.0582 -7.0705  5.6650
 80  80  9.0012 14.8820  8.6897
112  80 -0.1559  0.4801  7.3070
144  80 -9.2955 -0.1678  5.5676
176  80  0.4587 -22.1610  6.0028
208  80 -0.1923 -8.0203  6.5129
240  80 11.5552 -11.8856  6.0122
272  80 -0.2858 -13.3277  9.6757
304  80 15.1656 -0.1164  6.4885
336  80  0.5470 -0.3726  7.7375
368  80  0.0508  7.5816  7.9246
400  80 -19.7471 12.1840 10.6277
432  80  8.4085 -11.2663  7.9833
464  80 14.0850 -15.8202  6.7484
496  80  0.2190 -0.3406  7.0097
528  80 -19.4141 13.0800  5.3161
560  80 -0.1040  0.1443 10.7016
592  80 -10.0265  8.4501  6.3593
624  80  0.0686 -8.1197  8.2349
656  80 -0.2505 -16.0441  6.9836
688  80 27.2872  0.3868  6.0770
720  80 -1.0347  0.0764  7.3410
752  80 -21.2918  0.0807  9.9461
784  80 -17.1544  3.9112  7.1403
816  80 -13.1031  8.3660  7.0527
848  80 -0.7394  0.1123  9.7532
880  80 25.5203 -4.1908  7.8746
912  80 20.8605 11.9113  6.9555
944  80 -9.0652  7.5266  6.5368
976  80 15.1393  4.1966  7.1940
1008  80  6.4778 -0.1011  9.7396
1040  80  0.0432 -19.5247 13.0894
1072  80 12.2677 11.9377  7.5626
1104  80 19.0864  0.2099  3.9838
1136  80 -24.0514 -0.1639  9.2022
1168  80 -0.0077 -0.1994 11.5583
1200  80 -0.3749 -4.0905  8.4051
1232  80 -6.2872 -0.0176  7.6620
1264  80 -1.8091 -15.7249  9.0035
1296  80 -4.7940 -3.0951 10.4012
1328  80 -0.2772 -0.2942  7.6956
1360  80 -2.5508 -0.0429  6.0700
1392  80 -3.7443  0.2073  5.6264
1424  80  8.2222  0.0507  7.5963
1456  80  0.4491  0.2536  7.1093
1488  80 -0.3974 13.6614  8.3626
1520  80 -0.0693 17.5000  9.3626
 16 112 -4.1662 -6.0014  6.9791
 48 112  0.4062 -0.1410  9.1595
 80 112 18.6401 -9.6716 10.0888
112 112 -13.0346 21.7043  8.7507
144 112 -7.2887  4.1778  8.2158
176 112  0.0811 -5.8343 10.6742
208 112 -5.6195 -3.2127  8.6212
240 112 17.4976 -11.9412  5.6369
272 112 15.8030 -11.5278  5.7494
304 112 19.6668 -11.2335  5.1502
336 112  0.2157 -7.5937  6.6179
368 112  0.4584 -19.9644  6.6747
400 112 -13.0231 -23.6557  8.1774
432 112 -23.6894  0.3626  7.1908
464 112  3.2568 -15.8316  5.2781
496 112  0.1652 -23.8217  5.3424
528 112 -15.9709 -0.2348  6.9254
560 112 -0.1327 -9.9353  6.9736
592 112 -0.2969 -0.0779  8.3893
624 112 -24.0791 15.8194  5.9110
656 112  3.8775 -0.3402  7.1871
688 112 20.4650  0.4624  7.7607
720 112  0.0282 -0.4008  9.9712
752 112 -20.5423  0.2975  7.3331
784 112 -12.1222  0.3492  6.3391
816 112 -22.9581 -0.4056  8.7722
848 112 -7.6643  0.4683  8.6897
880 112 16.2393 -1.0963  5.7524
912 112  6.9684 -6.4267  4.8854
944 112  3.9681 -16.6047  9.6586
976 112 16.0093  0.0799  6.2430
1008 112 -3.5395 -0.0980  6.3443
1040 112 -0.1140  0.1369  7.7763
1072 112 14.8942  0.1022  9.3185
1104 112 13.7253 -18.0873  9.6419
1136 112 -5.2915 -4.8296 10.6999
1168 112  0.1206  0.0534 10.7245
1200 112 -6.3996 -0.3799  6.0010
1232 112  0.0900  0.1401 18.8688
1264 112 -0.1317 -0.2949  6.3132
1296 112 21.1995 15.9287  6.6736
1328 112 -0.1436  2.5854  5.8768
1360 112 -0.1148 10.5391  5.6367
1392 112 16.2047 15.3907  7.4879
1424 112 15.7863  3.5000 12.6343
1456 112 -3.3230 -17.8102  9.9141
1488 112 -0.2539  0.0542  6.0878
1520 112 -0.2040 -4.9848 10.2117
 16 144 -16.1644 23.8222  5.1329
 48 144 -4.7215 -1.8892  6.2155
 80 144 23.8405 -16.6183  8.7350
112 144  0.3426 -14.0601  6.1023
144 144  0.3758 -14.4628  5.9644
176 144 -23.6925  7.8217  9.9831
208 144 -19.7014 -0.3328  7.9429
240 144 15.9724  0.4578  5.4483
272 144 -4.0046  0.2145  5.6751
304 144 26.0967 -3.2448  7.3446
336 144 -1.7428 -0.1518  6.0752
368 144  7.9994 -18.5375  5.4009
400 144 11.2084 -1.1826 10.5079
432 144 -21.5878 -0.0560  7.2368
464 144 -0.2479 -0.0932  7.4525
496 144  0.1626 -3.8290  8.2155
528 144 -3.2730 -24.0209  5.1984
560 144  0.4204 -0.0117  7.0085
592 144 -0.2747 -0.0825  9.2334
624 144 -21.7213  0.2951  6.8129
656 144  4.6378 -0.1364  7.4073
688 144 21.9907 -0.2269  9.4211
720 144  0.1506  0.0488  9.3775
752 144 -23.9872 -0.2226  5.0881
784 144 -15.5047 -5.7697  6.9551
816 144 -27.7035  0.2612  9.3424
848 144  1.3839 -0.0882  6.5406
880 144 22.2980 18.2013  6.4731
912 144  8.1649  9.3985  6.6933
944 144  0.2048  0.2652  8.7779
976 144 21.2945 15.0977 10.6107
1008 144 -3.1089 28.0660  8.1594
1040 144  4.7235 19.2716  7.2060
1072 144  0.3319 -15.5366  6.2704
1104 144  0.3418 -20.4131  9.5782
1136 144  0.1502 -0.1022 11.8975
1168 144  0.1280 -4.3998  7.6473
1200 144  0.1755 -0.0301 11.6530
1232 144 -8.8283 -0.1500  9.8739
1264 144 20.9264  2.3107  8.4242
1296 144  8.1012 21.9383  9.0784
1328 144 -2.5146  0.2476 12.7298
1360 144  4.5992 -0.0041  9.7861
1392 144  7.8456 15.3445  7.6243
1424 144 -12.6534 -1.7021  7.5519
1456 144  0.1282 -19.7896  8.3791
1488 144  0.0124 -0.0794 11.3801
1520 144 -9.6546 -0.3039  8.3553
 16 176 12.5249 11.9896  6.9358
 48 176 -9.6606 24.0399  5.6783
 80 176  0.3338 21.0113  8.7172
112 176 -17.8917 21.5042  5.5179
144 176  3.4979 19.0057  6.0486
176 176 -23.7953 11.7292  5.4289
208 176 -14.2149  0.0388  5.9736
240 176  0.2068 12.6599  8.5778
272 176 19.7017 -6.0378  8.0130
304 176 21.7896 -1.5988  6.7829
336 176 -0.3719 -19.6247  6.8439
368 176  0.1398 -6.0022  5.8064
400 176 11.8701 -21.6157  8.8645
432 176 -0.4620 -0.0754  5.9218
464 176  0.0983  0.2223  6.8033
496 176  0.0970 -17.5000 10.5408
528 176  4.3113 -10.2784  5.8944
560 176 -0.0200 20.9700 11.0421
592 176  0.0222 -0.1753 11.2589
624 176 -3.4316 -0.3704  5.6483
656 176  0.3343 -0.1023  8.6033
688 176 23.8350  0.3129  8.4111
720 176  0.2403  9.9686  6.1956
752 176 -20.3483  0.0725  9.5694
784 176 -17.5344 -0.3674  9.4826
816 176 -26.6434  2.6239  8.5895
848 176  1.0870 -0.2214  8.9094
880 176 13.8112  3.8367  9.0038
912 176 12.1928 -0.2410  7.2919
944 176  2.2405 -3.2618  7.7542
976 176 17.1153 -7.7321  4.6786
1008 176 -16.4515 -0.0077  4.7163
1040 176 -7.1446  4.3280  9.8978
1072 176 -19.0513 -17.2322  7.2071
1104 176  0.4417 -4.8058 11.2238
1136 176  0.0467  0.4295 11.6267
1168 176 -5.0396  5.4287  5.9621
1200 176 -21.5643 -18.0252  9.2770
1232 176 20.7597  0.2276  6.1390
1264 176  5.8779 19.9752  6.2963
1296 176 15.9013  9.6529  6.2167
1328 176 -0.3255 -0.0275 18.6330
1360 176 21.9165 21.0485  6.5128
1392 176  0.0087 -11.3505  9.5509
1424 176  1.7057 -3.6560  7.5421
1456 176  0.2600 -0.0291  7.6429
1488 176  0.1160  0.1889  9.9109
1520 176  0.3207 19.0533  8.4808
 16 208 -15.7881 11.5459  6.1422
 48 208  0.8631  0.4102 10.4925
 80 208 10.0921 -0.1975  7.8430
112 208  0.3923  2.3173  7.5292
144 208 -0.2554 -2.5259  8.1224
176 208 -3.5000 -0.1148  8.2585
208 208 -19.1088  0.4686  7.9521
240 208 19.8732 -1.6789 10.9569
272 208  0.1905 10.7742  7.5676
304 208 -2.5741 20.7363  5.7302
336 208  3.1314 -2.5394  6.5060
368 208  0.1105 -19.9482 11.7418
400 208  0.2921 -16.2088  6.8320
432 208 -0.1116 -0.0114  6.2444
464 208 15.9392 -0.2800  5.9957
496 208  0.2095 -0.4119  7.9211
528 208 18.6968  0.1261  5.2681
560 208 11.8359 -0.3874  7.8732
592 208 -7.0481  0.2800  7.6863
624 208 -5.0933 -0.1399  5.5866
656 208 -23.4490  8.8976  7.4211
688 208  0.0576 -1.6970 10.9675
720 208 16.6271 -13.0891  7.3210
752 208 -20.2791 -9.3993  7.7803
784 208 -22.1637 21.3614  5.7910
816 208  0.0205  4.8573  8.9142
848 208 -0.4577  8.0420 10.9335
880 208  4.8362 -0.3424  8.8511
912 208 18.6057  5.5035 10.1976
944 208  1.3611  0.2764  8.5790
976 208 15.8770 -16.1843  8.7234
1008 208 -6.5068  0.1162  8.1777
1040 208 -8.1588 -5.4322 12.2805
1072 208 -11.4446 -23.8861  6.1510
1104 208 25.6091 -0.1331  7.6229
1136 208 -0.2217 -0.0181 10.4359
1168 208 -2.8869 15.8407  6.7390
1200 208 -12.7341 -0.2471  9.1716
1232 208 22.5125  0.2104  9.2856
1264 208 -0.0152 -0.0386  4.9845
1296 208  0.1024 -14.0973  9.5334
1328 208  0.0657  0.0200  7.1286
1360 208 -15.9792 -0.4496  5.6611
1392 208 -4.9794 -17.9765 10.5164
1424 208 22.1735  0.1582  6.4967
1456 208  0.1322 -4.9942  9.9664
1488 208 19.2970  0.0922  7.4292
1520 208  0.0670  0.4366  9.6521
 16 240 -0.3561  2.4531  6.5311
 48 240  0.3417  3.2017  7.7366
 80 240  6.4290 13.6327  8.6107
112 240  9.1183 -20.8959 10.3935
144 240 -13.2000 -0.1680  6.2850
176 240 -0.2817  6.6212  8.5803
208 240 -20.2630 12.3597  8.7487
240 240 -4.2499 15.0018  6.5356
272 240  2.5978 -16.1570  5.6086
304 240 -0.1430 -0.0565 13.5222
336 240  7.6342  0.2031 10.8392
368 240 -0.3139 -0.0275  8.0817
400 240  3.1799 -0.0225  7.0163
432 240  7.2833  0.0251  6.7178
464 240 22.9477 -0.1011  4.9626
496 240 13.9702 -24.1054  5.0664
528 240 13.3294  0.1588  7.8814
560 240  0.1539  0.1199  8.5650
592 240  4.1569  8.0112  8.4530
624 240 -11.7032 -0.0111  8.5158
656 240 -17.4265 -18.0032  6.3879
688 240 -0.1441  0.1399  8.9668
720 240 23.2769 -0.4189  8.3009
752 240 17.5191 -17.7048  6.6161
784 240 -0.3023  7.6238  8.4600
816 240 -3.9211  2.8513  6.5451
848 240 -0.0085  0.3963 10.6525
880 240  1.1120 11.7786  9.3101
912 240 17.7916 -12.4919  6.3777
944 240 10.1910 -14.9818 10.3253
976 240 -12.2455 -3.8079  6.1443
1008 240 -11.1769 -8.1127  9.3342
1040 240 -20.0746 11.8396  7.1450
1072 240 10.7801  0.2645  6.5401
1104 240 16.0151  0.0047  7.6277
1136 240 15.8267 -0.2432  7.0394
1168 240 -12.4962 -8.2336  6.5275
1200 240  5.8341  0.0417  7.8317
1232 240 13.3206 -13.9029  6.7720
1264 240  9.1881  2.4600  7.0109
1296 240 14.1123 -0.1492  7.2619
1328 240 -15.5966 -0.0883  6.9034
1360 240  0.0534  0.2087  7.0251
1392 240 -16.0731 -0.1537  8.3271
1424 240  0.1252 -0.1740 10.8566
1456 240 11.3315 -6.2387  5.8027
1488 240 23.6828 -0.2109  6.5264
1520 240  0.0460 -0.2063 10.6188
 16 272 -10.4738  0.0785  9.3460
 48 272  0.0485 -11.2818  8.9081
 80 272  0.0043 -14.3257  5.2031
112 272  0.2628 -1.4951  7.8462
144 272 -0.1013 17.6426 10.0031
176 272  0.0898 -0.0655  8.0411
208 272 -12.9763  6.3782  6.2300
240 272 -19.6438  0.0240  6.4129
272 272 -12.2336  0.0257  9.1815
304 272  7.9039 -0.1828  9.2760
336 272 13.7138  0.0365  8.2505
368 272 -23.8088  0.2122  8.5142
400 272 -10.0551  1.3498  7.1207
432 272  8.5141 -0.0273  6.5262
464 272  0.2729 -0.0854  9.5936
496 272 -0.2097 -0.2335  5.2801
528 272 18.0245 -11.9689  7.6090
560 272  0.1535  3.6688  8.2826
592 272  0.2484  0.4063  6.9558
624 272 -7.4230  9.7718  6.0702
656 272 -25.0766  0.0489  9.3169
688 272  3.9650 -0.0305  6.9192
720 272 -9.9655 -7.0930  5.2783
752 272 17.3453 -0.1199  5.3629
784 272 -14.5212 -16.8553  6.0296
816 272  0.1319  0.0949 11.3228
848 272  0.0723 -0.3684  7.6936
880 272 13.3624  1.9650  5.9485
912 272  6.3201  1.3327  6.3493
944 272  3.3333 -3.4922  7.0756
976 272 11.3269 -16.6372 10.1964
1008 272  0.3549 -12.7656  6.7466
1040 272 -23.6174 -0.1884  7.8695
1072 272 -0.2365  0.2161 15.0576
1104 272 24.8002  0.1375 12.8209
1136 272 18.6305 -16.0541  6.7574
1168 272  9.4377 -1.5917  9.6233
1200 272 12.6413 20.2865  9.6517
1232 272 -0.0658 -0.1651  7.2560
1264 272 -0.0856 -14.2581  9.8358
1296 272 -15.8039  0.1827  6.6713
1328 272 -4.9251 -19.3520  5.6210
1360 272 -0.1961  0.0183 12.4449
1392 272 -0.0074 -0.3011  7.0656
1424 272  4.7198  0.2767  6.4289
1456 272 19.7204 -0.1157  9.8925
1488 272  0.2855 -0.4060  6.8397
1520 272  0.2553  0.0962  9.8451
 16 304 -0.6914 -4.8336  5.2548
 48 304 -0.0095 13.3236  7.3958
 80 304  0.3493 21.9289  8.6779
112 304 -10.8122 18.1658  6.7533
144 304  0.3140 -0.2036 11.1256
176 304 -7.6794 -0.0513  5.6585
208 304 -7.3820  0.0952  8.7512
240 304 -24.3871  7.9489  8.2365
272 304 -20.1319  6.0770  8.5275
304 304 19.8093  0.4117  7.2949
336 304  8.7612 -0.0582  9.2687
368 304 -3.4216 -2.7732  6.0188
400 304 -0.1790 -13.6896  5.0212
432 304  0.0099 -6.5717  7.0819
464 304  0.3041 -0.1099 13.1033
496 304  0.3102  0.0919 15.0029
528 304 19.8618 -0.4699  8.3143
560 304  0.1497 -14.8665  7.2333
592 304  0.0367  0.1352  5.9608
624 304 -4.2446 -0.0340 11.6469
656 304 -17.6654 15.7124  8.9513
688 304 -8.7448  0.0237  7.7606
720 304 15.0893 -0.3642  7.0575
752 304 19.0384  0.0146  9.2217
784 304  3.6197 16.2482  5.5696
816 304 -6.4348 -0.3643  6.9076
848 304 -0.2563 -9.9026  7.1650
880 304 23.7110 -6.1995  8.9411
912 304 -8.2829 -10.2793  7.5158
944 304 23.5328 -0.1896 15.8736
976 304 -15.4003 -0.2473  8.5412
1008 304 -4.1947  0.3850  6.7339
1040 304 14.9233 -0.0798  7.8524
1072 304  0.1570  0.3449 10.1058
1104 304 10.2671  0.1652  7.4516
1136 304 -4.9443 -15.7764  8.4115
1168 304 15.7993  0.4207  8.0899
1200 304 16.3372 -0.3837  4.7064
1232 304  0.0228  0.1808 13.5043
1264 304 -17.2757 -2.3351  5.3290
1296 304 -15.9833  0.4786 11.3303
1328 304  0.1899 -0.2766  6.8006
1360 304 -0.1983  1.3125  7.8341
1392 304 -23.9565 -0.1787  9.2913
1424 304 -14.0807 -20.2486  6.3748
1456 304  0.3089 -0.1611  7.5475
1488 304 14.3018 -7.0188  5.6510
1520 304  9.8801 -4.3054  8.2930
 16 336  0.2336 -0.1979  7.2080
 48 336 11.4895  0.0804 12.4717
 80 336 -0.1655 -1.5956  6.2662
112 336 -8.0544  0.0617  7.2363
144 336  7.6161 -0.1375  7.0623
176 336 -0.0472 -12.7039  7.0158
208 336 -20.4625 -12.7355  7.6227
240 336 -20.3252  0.1542  6.6170
272 336 -23.8541  0.0020  9.3305
304 336 20.5326 19.8081 10.6183
336 336 11.8317 18.6191  9.4381
368 336 -25.6996  0.3966  9.5409
400 336 -4.7667 -0.2599  5.4443
432 336  0.4049 -21.4823  7.1499
464 336  0.0493 -2.3263  8.0670
496 336 -0.1303 -0.1463  5.4350
528 336 -0.3026 -2.0646  5.1772
560 336  0.0962 -2.0938 10.6767
592 336 23.7770 -0.3973  4.8241
624 336 11.6597  6.4687  7.6311
656 336 -7.7364 -0.2385  5.9007
688 336 -2.5579  0.1421  8.0426
720 336  0.1424 -0.0082  9.2076
752 336  3.1892  0.5744  6.5381
784 336 21.4686 -10.7301  6.0666
816 336 -7.8235  0.0721  6.5090
848 336  0.0232 17.8508  8.7082
880 336  7.8711 -0.6475  5.3229
912 336  3.1942 -0.4744 10.2156
944 336 -2.0518 10.5242  5.1931
976 336 20.5869 -8.3905  7.1073
1008 336 -0.3809 -0.1491  9.9127
1040 336 21.8544  6.1510  6.4700
1072 336  0.0857  2.0691  9.6134
1104 336  4.7402 -13.0683  7.7812
1136 336 15.7833 20.4999  5.9436
1168 336 -0.1100 20.0987  8.7140
1200 336 -13.0319 -18.1813  8.7441
1232 336 -18.1671 -23.6921  9.0428
1264 336 -7.3472 -21.3682  6.3623
1296 336 -20.2026 -13.5891 13.1617
1328 336 -8.4505 -21.7031 12.1359
1360 336 -0.8033 -2.6688  9.5332
1392 336 -19.3036  0.0108  5.4553
1424 336  0.0953 14.2048  4.6478
1456 336  6.3110 10.2131  6.1124
1488 336 24.4240  0.2005  8.0718
1520 336  5.7046 -0.4545  9.6970
 16 368 13.5268 -10.8126  6.4434
 48 368  0.0366 -11.9329  5.9386
 80 368  5.8406 -19.3312  6.9403
112 368  0.2236 -12.1595  9.6073
144 368 -0.0128 -13.2727  6.3012
176 368 -21.4681 -0.0069  4.4208
208 368 -21.1936 -0.2314  7.6183
240 368 -7.5174 -20.8573  6.0539
272 368 -18.9757  0.0854  7.7451
304 368  7.0121  4.9311  6.2619
336 368 -11.1234 18.2989  9.6350
368 368 -24.0805 -11.6999  6.1552
400 368 -20.8117 -7.9911  8.3463
432 368 -26.2401  1.3335  9.3519
464 368  3.7871 -21.6950  8.3096
496 368  0.1586 -19.6646  5.7532
528 368  0.8198 -0.2788  5.5601
560 368 -0.1612 12.7933  7.2792
592 368  4.2480  0.4415  5.3346
624 368  5.1153  7.6804  4.6711
656 368 -10.2257 -0.4565  5.8857
688 368 13.6633 -11.1624  7.4793
720 368  0.2303 -0.2033  8.5029
752 368 -6.0787  0.2676  6.7149
784 368 -6.5422 12.6053  7.3517
816 368  0.0010  0.0834  9.9247
848 368 -0.6656 -15.9597  6.2116
880 368  0.8785 -9.3137  7.0269
912 368 -0.6094 -0.0810  6.4671
944 368 -1.7456  1.8130  6.0656
976 368 25.6047  0.0098  7.8138
1008 368  0.1047 10.5666 11.1955
1040 368 -0.3752 22.6479  8.9323
1072 368 -0.3402  0.0184 12.5948
1104 368 -0.4578 -0.1132  7.1612
1136 368  0.8870 12.9289  9.1506
1168 368 -22.0503 -0.2831 10.5832
1200 368  0.0215 -15.9167  5.8563
1232 368 -20.2615 -21.3440 10.0919
1264 368  5.8151 -0.3897  5.2525
1296 368  0.1626  0.1218  8.5164
1328 368  0.2257  0.1862  6.3188
1360 368 -13.3422  0.2662  4.5023
1392 368  0.2204  0.0483  4.4431
1424 368 10.4317  4.3825  5.6938
1456 368  8.2238 20.3532  5.9429
1488 368 -0.1670 -6.4228  7.3055
1520 368 11.6323  0.4020  8.4285
 16 400 -0.3306  0.0678  9.0568
 48 400 23.7832 -19.5595  6.6781
 80 400  0.1187  0.0947  8.8745
112 400  0.0650 -11.1531  7.8445
144 400 -0.0940  1.6335  8.5269
176 400 -0.0712 -8.6966  7.1822
208 400 -14.3279 -2.8496  5.5630
240 400 -3.3536 -0.1472  9.2392
272 400 -21.6286 16.1789  5.2756
304 400  0.0743 14.3412  9.4385
336 400  5.2525 -0.1605  6.4130
368 400 -20.6614 15.6816  8.9526
400 400 -23.1614  0.2037  8.0020
432 400 -6.2125 -0.1862  7.8194
464 400 -5.7168 20.1411  7.3471
496 400 24.7540 -5.8300  5.9549
528 400 17.8054 -16.4112  7.2723
560 400 -13.9561 -9.6143  5.6286
592 400 18.0962 -2.4744  8.1445
624 400 23.4996 -1.0412  6.2574
656 400 -12.8738 -0.0166  7.4627
688 400 10.8696  0.2518  7.7359
720 400  0.3520 -16.0489  7.3813
752 400 -14.9632 -0.2043  9.3962
784 400 22.8066 -0.0640  5.4741
816 400 -2.3097  1.7277  7.6658
848 400 -2.0894 -0.2478  6.8677
880 400 -4.2413 -2.4525 12.0445
912 400 -8.6280  1.6784 10.0460
944 400 -4.2820 -4.0388  8.2215
976 400 11.9221 -2.3924 15.5639
1008 400  9.6778  4.1054  7.3748
1040 400 -18.7121  0.3392 13.7359
1072 400 -0.5712 -0.0172  8.9068
1104 400 19.5395 18.0946  6.4852
1136 400 -6.9053  0.0005  8.3189
1168 400 -20.0641 -0.3133 10.1372
1200 400 -23.9598 -0.3095  8.5038
1232 400 -5.5147  0.3841  7.3695
1264 400  3.8272  0.4291  6.5317
1296 400  0.3312  0.2893  9.5849
1328 400 -0.8636  0.2699  5.9686
1360 400 -0.3763  0.0132  3.8443
1392 400  9.8666  9.6633  5.8186
1424 400  4.9195 11.6774  8.0409
1456 400 -0.3863  5.3745  8.7911
1488 400  0.0294  0.9713  6.9686
1520 400 11.1256 -0.0470  9.1745
 16 432  0.0418 -15.9212  7.1338
 48 432  0.2318 -5.0946  6.6309
 80 432  7.9570 -18.6926  6.6875
112 432 19.6153 -7.9761  5.4296
144 432 -20.5511 -0.1434  5.1763
176 432 -0.0063 -3.4304  7.4784
208 432 -10.3077 -12.2022  7.0606
240 432 -5.5029  0.2670  8.9203
272 432  0.1070  0.0583  6.4514
304 432 24.0901 -0.0454  6.4839
336 432  0.3571 -0.1622  9.0773
368 432 -21.4868 -0.2029  8.1321
400 432 -1.4665  0.4829  7.8659
432 432 -16.2580  0.0174 10.2683
464 432 -0.0667 -0.2619  6.6159
496 432 -0.1794 -2.8497  8.0525
528 432 19.4033 -0.1477  9.6874
560 432 16.2121 -15.6267  7.7989
592 432 18.0857  0.2385  7.6389
624 432 -0.1503 -0.3837  6.3067
656 432 -8.2751 -13.9261  8.8163
688 432 -12.9550  5.7946  5.3138
720 432  0.1457 12.1740  5.8519
752 432 16.1036 -18.5017  5.7741
784 432 -0.2388 -0.0927  8.1528
816 432 -0.9201 -21.5762  5.8903
848 432  1.3082 -22.4289  6.7738
880 432 -5.6978 -0.1626  6.9020
912 432 22.9970 10.4106  6.5882
944 432  0.1908 -8.3901  6.7278
976 432  0.0928 -6.9202  8.7767
1008 432  0.3347 -12.3622  7.6341
1040 432  6.4072 -0.0372 11.1231
1072 432 -10.6142 -5.8980  9.2508
1104 432 17.6236 -0.1556  9.8609
1136 432 -10.1137 -2.1027  5.4851
1168 432  0.0841  0.3089 12.8410
1200 432 -24.3183 -0.3821  6.9961
1232 432  0.0720 18.3861  4.2455
1264 432  0.2936 15.9581  6.6561
1296 432  0.3358  0.4948  5.8177
1328 432 -0.0729 14.0945  4.5988
1360 432 -0.0241 20.5629  8.5080
1392 432  9.6535  0.0928 12.8246
1424 432 15.6945 22.7031  9.6106
1456 432 -0.4875  9.5423  6.4900
1488 432 -2.2239 17.4844  6.8753
1520 432 -17.2906 18.7316  6.9273
 16 464 12.0573 -27.2570  4.9905
 48 464 15.6820 -19.2515  6.1797
 80 464 15.8270 -18.6730  6.8857
112 464  7.7700 -19.1627  4.6238
144 464 -0.0673 -14.8400  5.9125
176 464 -0.0012 -6.3174 10.2984
208 464 -0.1276  0.1097  8.6287
240 464 -0.1897  0.2979  4.7469
272 464  2.3778 -15.8935  6.7927
304 464 24.0861 -2.7081  7.6047
336 464 -0.0838  0.3389  9.8387
368 464 -0.2084  0.0593  7.0796
400 464 -1.6317  0.4597  6.8943
432 464 -20.8804  0.2048  6.4994
464 464  4.1687 -6.8968  5.0340
496 464 17.4451  0.1484  8.1919
528 464  9.2534 -6.8839  7.6214
560 464  2.2060 15.5325  6.0241
592 464 10.3578  3.1463  8.8226
624 464 -5.8338 -0.0706  9.7409
656 464 13.7083 11.2679  7.2122
688 464 -4.3983 -7.8130  8.4369
720 464 -19.1661 -0.3006  5.6033
752 464  2.1411  3.0201  8.3121
784 464 -18.2039 -0.0968  9.4257
816 464  0.1611  0.0113 11.0396
848 464 -0.1731 -9.9597  9.8418
880 464 -0.4206 -9.5636 10.3110
912 464 23.2127 -17.1454  9.3435
944 464 -0.0007  3.4314 11.3771
976 464 19.2890 16.2161 11.2983
1008 464  0.2333 -0.1427  8.0847
1040 464  2.3075  3.3662  6.7447
1072 464 -3.9456  0.0988  5.3277
1104 464  2.2225 -1.1296  9.4842
1136 464 -9.8937 -11.2401 11.2574
1168 464  0.3213  0.3357  8.2860
1200 464 -0.0104  0.1819  6.9010
1232 464 -0.0883 18.9383  5.1964
1264 464  0.2280  2.8325  6.0379
1328 464  0.4836  1.2037  4.5344
1360 464 13.8762 10.3013  5.2572
1392 464 10.1413  0.0324  4.7757
1424 464 -0.4478 -0.4640  4.9454
1456 464  0.4738 -0.1685  5.5900
1488 464 -5.3250  0.4495  8.1573
1520 464  4.8809 17.1610 11.9341
 16 496 -0.0635  0.1415 10.0612
 48 496 11.6332 -0.3613  8.2516
 80 496  0.4149 -0.1714  6.1489
112 496 19.3579 -7.9328  6.7908
144 496 -0.0824 -0.2078  8.5762
176 496  0.0531 -0.1880  8.8546
208 496 -0.0426 -2.6020  9.7562
240 496 -8.6296 15.5621  6.6152
272 496  0.3237 -5.8409  6.6219
304 496 23.8888 -11.5418  6.4645
336 496 23.9628 -9.5309  6.2849
368 496  0.4217 -0.4587  9.4664
400 496 -6.7635 12.6138  7.4791
432 496 -20.9501  5.9819  5.8985
464 496 -2.9531  5.7747  4.9732
496 496 22.2708  0.4465  6.2916
528 496 15.0373 12.0511  7.1562
560 496  0.4554 -6.7779  6.2715
592 496 25.4268  0.4678  6.0499
624 496 -8.6632 -8.0669  5.6607
656 496 25.5451 -9.7392  9.0099
688 496 -15.7664  0.0263  5.4367
720 496 -14.3304  0.0284  7.5415
752 496 -14.6725 -0.1031 10.2861
784 496  8.7642 -14.3794  7.9221
816 496 -2.7296 -4.3569  6.2105
848 496  0.1845 -3.5852  8.0000
880 496 -1.8514 -17.6302  8.1013
912 496  1.7495  0.1411  9.1512
944 496 27.8875  2.5082  8.7512
976 496 13.4201 -7.6586  6.9311
1008 496 -21.6704  0.1566  7.2873
1040 496  7.9616 20.5642  5.0365
1072 496  1.9149 -7.6882  5.7786
1104 496 -25.8821  5.8770  6.0537
1136 496 -7.5925 10.7922  6.8129
1168 496  0.4594  0.2574  7.4699
1200 496 -0.1903 19.6505  4.4924
1232 496 -0.4068  0.3576  5.3324
1264 496 14.3463  0.1334  4.7859
1296 496  0.4135 20.5374  4.7420
1328 496 17.5286  3.5681  6.2302
1360 496 -12.8661 -18.9325  3.3900
1392 496 -0.3225  0.1911  6.1633
1424 496 -0.1195 -0.1408  4.6253
1456 496 -0.0580 -19.6148  5.4256
1488 496 -0.1920 -16.1570 11.5903
1520 496 20.0033 10.9693  4.9753
 16 528 -0.1952  1.8997  5.6160
 48 528  0.4811 -17.7593  8.6632
 80 528 -0.0334 -15.6130  7.6722
112 528 12.7878 -15.6718  5.1533
144 528  3.6146 -13.8660  7.3859
176 528 -0.0664  0.1127  9.4426
208 528 -0.0321  0.0584  9.5872
240 528 -6.8806 -0.4279  7.9327
272 528 -17.8457 -8.5524  5.9442
304 528  0.0327 -13.8328  7.7950
336 528 19.2217 -7.3442  5.9663
368 528 -0.1914  2.4299  7.8337
400 528 -0.2710  0.0729  9.5286
432 528 -0.1317 18.8488  9.2627
464 528 -6.7522 15.7711  9.3962
496 528  0.1870  4.5960  7.1105
528 528  7.7330  7.9290  5.9748
560 528 -0.2780  0.1080  6.6209
592 528  9.7641 -13.9792  6.0211
624 528  0.1723 -19.9201  8.5864
656 528 -9.1900 -9.8599  5.8377
688 528  9.6544 -3.7402  7.0136
720 528  0.4010 -2.3669  6.4565
752 528 -11.1942 -0.3265  5.8137
784 528 11.3034 -0.1003  5.3590
816 528 -4.5894 -1.0530  5.2919
848 528  0.0902 -7.6375 10.5726
880 528 -3.1518 -10.0111 10.9444
912 528  2.9580  0.2211  5.6296
944 528 -3.3886 -0.4234  4.8566
976 528  3.1508 -13.4380  8.3255
1008 528 -21.4399 -10.8180  8.0008
1040 528  0.0136 -0.2629  7.6844
1072 528 -3.3689 -9.2585  7.8221
1104 528 -0.2488 -1.0910  8.3672
1136 528 -4.7827  0.4905  6.7947
1168 528  6.6380 21.4607  8.6850
1200 528 -2.8716  0.0726  4.5442
1232 528 -0.1848  0.4462  4.7849
1264 528  0.2494 -0.0097  7.0356
1296 528  1.0218  0.1617  4.3731
1328 528  0.2249 -0.2654  3.8593
1360 528 -14.2501 15.6757  4.3308
1392 528 -0.4967 -13.9597  7.4741
1424 528 21.9740 -0.3779  4.4476
1456 528 -19.6942  7.7244  5.6441
1488 528 18.0290 11.6042  5.3397
1520 528  0.1849 -12.6076  7.5799
 16 560 -12.3843 12.1234  4.6228
 48 560 -0.0966 -9.7438  6.5472
 80 560 12.4449 -16.4027  5.3246
112 560 16.2406 -10.4998  6.0554
144 560 -0.0462 -0.1929  9.3375
176 560  1.9024 -0.1240  6.2799
208 560 -0.0114  0.3522  8.2563
240 560  0.1347 -12.3211  8.4146
272 560 -0.1899 -15.7263  7.1346
304 560  0.3145 -0.1715  9.2727
336 560 21.2621 -0.4705  6.2674
368 560 21.1908  0.0787  8.9998
400 560  0.4895 19.0248  5.4152
432 560 -12.6787 16.8135  7.4934
464 560 -19.1448  0.2820 10.7972
496 560  0.0406 19.3535  8.6597
528 560  5.3393 10.3287  6.6844
560 560 -9.1907 11.6652  5.7235
592 560  7.9924 18.2372  9.3320
624 560 -0.0119 -0.0831  6.0022
656 560 -19.1942 -16.0077  7.6298
688 560  8.7412 -0.0016  6.5205
720 560 21.2131 -16.9574  9.3243
752 560 -24.9967 -11.2922  7.5350
784 560 -4.0516 -13.6127  5.8714
816 560 -20.8622  2.9271  6.9039
848 560 -17.7257 17.2601  8.3872
880 560  0.2331 -0.2327  5.7529
912 560  5.3257  6.8747 13.1022
944 560  1.0725  0.0118  5.1848
976 560  0.0778 -1.2452  6.7384
1008 560 -9.6444 20.2891 14.8700
1040 560  6.2550 19.3200  7.5461
1072 560  0.3509 24.5341 13.5451
1104 560 -0.1504 -4.4344  9.9815
1136 560 -0.1394 -16.1589  9.2147
1168 560  0.3342  0.0081  6.9836
1200 560 -3.4832  1.6056  4.2762
1232 560 -0.1153 10.1312  4.7094
1264 560  0.0221 -0.0557  4.8463
1296 560  0.4715  0.1599  4.6848
1328 560 -3.0444  0.1632  5.4579
1360 560  6.7893  0.4981 13.1063
1392 560  0.3553  3.8691 10.7386
1424 560  8.3532 -8.9287  4.7314
1456 560 -0.1772 -5.7741  5.9868
1488 560 14.8990 -25.0067 11.6772
1520 560 -13.7894  0.2977 11.3672
 16 592 -0.1792 12.0639  5.0288
 48 592 -0.0908 10.1041  4.6869
 80 592 13.0879 -1.9514  6.6310
112 592 20.5431 -20.2228  5.2475
144 592 16.3220 -6.4430  5.6983
176 592  0.0401 -0.1535 10.8612
208 592 -0.0820 -0.1912 11.2420
240 592 -20.7513  0.2569  8.1026
272 592 -0.0191  5.0999  7.5517
304 592 -0.2152  9.2263  9.6461
336 592  7.9751 -0.2240  6.5264
368 592 14.1545 -0.2284  6.4620
400 592 20.4445 -0.1139  5.9606
432 592 -21.4173  5.2450  6.7248
464 592 -12.7494  0.0291  7.8395
496 592 -0.2084  0.0821  8.2396
528 592  0.7133 -0.1869  6.8083
560 592 -0.1262  0.1908  7.7679
592 592  7.6396  0.2414  8.3683
624 592 -0.4572  0.4925  5.9588
656 592 -24.2639  0.2614  7.3561
688 592 -13.1906 -12.1752  8.0584
720 592 -0.2226  0.3365 10.5442
752 592 -15.8937  0.4004  6.3491
784 592 12.8215  0.4064  9.1621
816 592  2.8886 -0.2825  5.6758
848 592 -22.5969  0.1398  7.9645
880 592 20.6496  0.1390  6.1680
912 592  2.8238 -6.2337 12.1592
944 592  2.7803  2.8933  5.1662
976 592 -7.0538 -3.3508 16.7813
1008 592  3.8252 -10.1748 14.4172
1040 592 -0.0754  2.3694  8.2772
1072 592 -26.6137  0.3790 10.0035
1104 592  5.9843  0.1461  7.4365
1136 592  0.3415 -0.1181  8.4897
1168 592  0.4263 14.9838  4.3648
1200 592  0.4251  0.0277  4.5932
1232 592 -0.6192 -10.7083  3.6060
1264 592  0.3790 14.4356  4.6986
1296 592  0.4268  0.4388  8.6912
1328 592 -9.4909 -16.8595 16.5964
1360 592 -0.3136 -14.0310 11.9571
1392 592 -3.9027  0.3979  5.9299
1424 592 -0.1422 -0.3357  3.4886
1456 592 -7.7876 -3.0430  4.9867
1488 592  5.9020 -0.4409  9.8228
1520 592 -26.8548 -11.1436 11.3938
 16 624 -0.0306 -0.0908  6.7054
 48 624  0.0447  1.5604  9.3056
 80 624  0.3801  3.9228  6.5859
112 624  6.5724  8.3166  5.6498
144 624 17.1404  0.1224  6.5590
176 624  0.1251 -9.1775 10.0502
208 624  0.2225 -18.3262  7.8646
240 624  0.0679 -19.0763  7.0414
272 624 -22.4249 19.0584  8.9825
304 624 -0.0164  0.0075  9.5895
336 624  0.3583 -0.4017  8.9586
368 624 19.8594 -16.5205  7.5674
400 624  7.8257 -0.0291  4.9076
432 624 -12.5591 -17.9383  6.6069
464 624 -15.6749  0.5059  6.2096
496 624 -3.1655  4.3601  6.6095
528 624 -0.1136 -0.2922  8.9175
560 624 -0.0700 10.3667  6.9090
592 624 12.8107  2.6596  6.9994
624 624  0.0801 -0.3746 11.6922
656 624 -13.5755  8.2512  6.8745
688 624 -0.2382  1.3640  6.6205
720 624 -0.1032  0.3188  6.5977
752 624 12.8559 -3.1305  4.6426
784 624 -0.1612  8.3307  5.4287
816 624 11.5759 12.8370  6.6633
848 624 -14.6889 -3.1667  4.9445
880 624 -0.1250 -12.7204  8.2408
912 624 15.7872  0.3618  6.2602
944 624 -0.5013 -1.7406  8.8657
976 624 -1.7694 -5.8449 11.3025
1008 624 19.9914 -20.8429  8.8041
1040 624 -10.6313 -7.2022 14.1909
1072 624 -0.1798 15.0273 15.1401
1104 624 -0.0735  5.1005  7.1349
1136 624  5.5738  0.1531  5.7568
1168 624  2.0117 -0.2257  6.0565
1200 624 -19.3243  0.3307  5.1560
1232 624  7.9006  0.1202  3.9893
1264 624  0.3942  0.4995  6.4832
1296 624 -11.9153  7.4377  6.8733
1328 624 -21.5036 17.9718  9.9142
1360 624 20.7827 18.8328  9.5962
1392 624 -2.0080 -16.7330  6.7640
1424 624 -12.6514  0.3341  4.5778
1456 624 -0.2407 -0.5528  4.1256
1488 624  8.5448 -0.2746 12.1732
1520 624 -23.5791 -10.2206 12.5179
 16 656 -13.3927 13.9091  5.4581
 48 656  0.1137  9.3426  7.7963
 80 656  0.0054 12.0000  8.1282
112 656  0.1029  6.9941  6.8161
144 656  0.2889  4.2035  7.4513
176 656  0.0208  0.1904  9.6582
208 656  0.0524  6.4447  8.9590
240 656 11.0086  6.1790 11.1323
272 656 11.5320  5.7572  5.7579
304 656 -20.6794 16.1613  6.3324
336 656 -0.1623  0.4715 13.3833
368 656 14.4467  0.0638  9.9893
400 656  7.8977 -1.1905  6.0484
432 656 -12.7503 -0.3575  5.4938
464 656 -4.6328 -9.5467  8.1659
496 656 -8.8283 -1.4577  6.7931
528 656  0.1329 12.9277 10.0367
560 656 23.6542  0.4608  8.6267
592 656  0.2070 21.0938  5.2505
624 656 -22.1611  5.0030  8.6267
656 656 -18.8075 -6.9019  6.0797
688 656  0.2848 -0.0645 10.0346
720 656 -3.3417  7.8479  4.0953
752 656  0.0091 14.5791  9.3962
784 656 20.3467 13.2811  8.7303
816 656  9.6338  3.1337  7.3974
848 656 -20.2698 -4.1995  7.1722
880 656 -0.4448  0.1274  5.6703
912 656 19.0136 -4.1424 12.3399
944 656 10.2147  0.1890  8.2758
976 656  9.0514 -7.3869 13.0656
1008 656 15.0802 15.4777  7.8621
1040 656 -0.2321 -0.3146  6.2832
1072 656 17.3657 -7.5736  7.2844
1104 656 13.4032  4.3150  7.5366
1136 656  2.2210  2.9189  5.1552
1168 656  0.3493 -0.1670  6.7042
1200 656 -25.2348  5.3456  5.0344
1232 656 -13.0920 -3.8096  9.7346
1264 656 -15.8360 -27.8226  5.2769
1296 656 -0.2137 -17.5112  6.1235
1328 656 -8.2856 -0.9773  7.4984
1360 656 -6.5103 12.7710  7.4510
1392 656  5.4267 -4.2101  4.3371
1424 656 -11.9674 -13.1988  6.0260
1456 656  0.4437 -6.5000  5.1900
1488 656 -0.3313 -10.4209  9.9353
1520 656 -3.4758 21.8534 12.5445
 16 688 -20.3286 12.8951  5.4364
 48 688 -15.7688 22.1093  7.5772
 80 688  0.1087 19.1060  5.1711
112 688 -0.0680  0.0130  7.6636
144 688  0.1004  1.2120  7.2997
176 688  0.0795 -0.4016  9.1938
208 688 -0.8492  8.0851  8.0502
240 688 21.4310 -11.2419  7.4955
272 688 -14.1439 16.5205  5.8070
304 688 -22.1587 12.4972 10.0985
336 688 -0.0043  0.3246 10.7779
368 688 -0.2910 -0.1388  9.1590
400 688  9.8536 -23.6121  7.9285
432 688  0.1859  0.0052  5.8317
464 688  0.0038 -22.1886  7.2288
496 688 -0.2147 -0.0471  5.0026
528 688 -1.4487  0.4927  6.7982
560 688  6.7254 11.0103  5.1521
592 688 11.1358 -19.0879  8.3890
624 688 -22.3865  0.3312  6.0802
656 688 -15.8241 21.2171  6.1316
688 688 -0.3094 20.9325  7.8240
720 688  4.6059  0.1777  5.3130
752 688 -0.0552 -0.0922  8.8597
784 688 -0.0787  6.8503  5.2280
816 688 -20.3529  8.3359  7.0144
848 688 -20.9034 -0.3991  7.4736
880 688 -0.7507  6.4307  4.7510
912 688 20.5583  7.5225 14.0610
944 688 -10.0601 -4.4972  5.9034
976 688 16.0817  3.2999  6.9990
1008 688  0.3539 -14.8482  9.5504
1040 688 -0.3575  2.1552  6.6623
1072 688 -6.4118 -3.3096 10.9051
1104 688  0.4023 -14.4498 11.4469
1136 688 -14.0225 -23.6443  5.3418
1168 688 -0.0132 -16.3504  4.7254
1200 688 -0.3971  0.3096 11.2270
1232 688 -4.1672 11.0565  6.6644
1264 688 -0.4365 -0.7525  6.4839
1296 688  0.2458 -20.3293 10.5108
1328 688 -14.1686 -22.0894 13.6534
1360 688 -6.4445 -0.1314  4.0069
1392 688 -24.7922 17.1063  6.3389
1424 688 -0.4303  9.4099  8.5593
1456 688 -19.6582  6.7283 16.1083
1488 688 21.4733 21.7890  8.6584
1520 688 -2.5335  9.1533 13.5845
 16 720 -0.0960 11.2129  7.3556
 48 720 -0.4179  0.2675 15.8429
 80 720 -0.2859 23.7929  7.8357
112 720 -0.2948 19.6214  7.6657
144 720 -0.2789 -0.4227  9.2487
176 720  0.1707 -0.2841  9.3324
208 720  0.0515 -0.0241  9.2363
240 720 22.3074  0.0550  9.0655
272 720 -0.2706 -0.1107  8.0363
304 720 -15.8955 22.6930  6.9457
336 720 -20.9771  7.8052  6.1839
368 720 -0.3357  0.1782  8.4344
400 720 -3.2765 -0.0854  9.2650
432 720  0.0809 -6.3997  8.3058
464 720 -20.5152  0.2952  8.1272
496 720 -0.3253 -14.4923  8.9249
528 720  6.7520 -15.0057  6.0437
560 720  0.2430 -1.8999  8.8073
592 720 19.1346 -0.1661  7.7142
624 720 -12.4896  1.3937  8.6046
656 720 -0.2714  0.2182  7.1943
688 720 -21.7655 12.6092  8.2152
720 720  0.2932 -0.3876  6.3474
752 720 -0.4515 -0.3850  9.7477
784 720  0.9428  0.0505  5.3235
816 720  8.0062 -9.4072  6.4337
848 720 -18.7988  5.7489  8.6097
880 720  0.7153 16.2164  4.8098
912 720 14.7852 -3.0270 11.2707
944 720 -2.7445 -0.0058 14.3278
976 720  0.3397 -0.0842  6.0381
1008 720  8.9316 -12.2172  7.2520
1040 720 -0.1648  0.0711 10.8637
1072 720  5.0777  4.5619  6.5192
1104 720  0.3032 12.6330  6.1390
1136 720  0.0507  4.1245  5.3904
1168 720 17.9782  0.2596  7.7999
1200 720  2.9954  8.4195  7.3874
1232 720  3.1509 13.4018  5.5716
1264 720 -21.6508 -0.0234  7.6018
1296 720 -13.3292  7.5097 10.4944
1328 720  5.0128 -0.6295  4.3768
1360 720 -2.5556 -13.8544  4.4789
1392 720 -16.0734 -0.4241  5.5933
1424 720 -17.8782  5.0434 10.5194
1456 720 18.4771 15.1395  7.7276
1488 720  0.3527  0.1208 13.0232
1520 720  0.3642  0.2633 11.0649
 16 752 -0.1822 24.2966  7.1982
 48 752 -12.0026 18.1959  8.1634
 80 752  0.0661 19.2666  5.0379
112 752  0.0607  7.9497  9.9492
144 752 -12.6665 17.6543  6.4551
176 752 -3.5514 23.7288  7.1619
208 752  0.2426 -0.0611  6.6149
240 752 15.8806 -12.9361  6.1928
272 752  0.2815 -0.4634 10.5739
304 752 -21.5206  0.1453  8.0908
336 752 -19.0585 -0.0847  6.6865
368 752 -4.2482 -18.9411  5.9476
400 752  0.3084 -22.4631  9.2163
432 752 10.1407 -19.3518  6.7322
464 752  0.0772 -4.1829  5.6550
496 752 17.1228  0.0899  4.7612
528 752 15.7873 -0.0323  4.4280
560 752  0.0672  0.1511  8.6194
592 752  5.4255  0.3492  6.2113
624 752  0.2099 10.6814  8.6563
656 752 -9.5000  0.0206  5.9045
688 752 -0.4250 20.8061  4.5776
720 752 -16.1481 11.3002  6.7348
752 752 24.5093  0.0510  8.0469
784 752  0.3775 -0.2374  5.2940
816 752  5.8127 -0.1263  6.5829
848 752 -3.5496 12.9003  9.9566
880 752  9.6893  3.3700  8.3426
912 752 -0.2494  3.3111  9.2290
944 752 -19.6584 -4.1657  6.2610
976 752 -0.2475 -11.1406  8.1032
1008 752  0.2892 18.1241  8.5069
1040 752  7.9782  0.1112 13.9816
1072 752 -8.2930 -0.3679 10.2772
1104 752 -14.9129 14.9288 12.0008
1136 752 -12.7801  2.1269  6.4906
1168 752  0.1586 15.5586  8.9874
1200 752  8.5595 18.7548  6.4682
1232 752 -15.7828 -7.7592  7.1026
1264 752 -18.2906 -17.8625  8.1816
1296 752  5.8657 -10.2433  6.4606
1328 752  3.3920 -11.2359  5.7537
1360 752 -0.2990 -3.2147  4.3927
1392 752 -6.8148 -0.2435  5.2540
1424 752 -13.4904 -0.1011 14.1204
1456 752 -23.7918  9.5382 12.7871
1488 752 10.1884 -3.6740  8.5262
1520 752  4.3340 -0.4761  6.3262
 16 784 21.1699 -16.3382  5.6174
 48 784  0.2486 -10.2274 10.1877
 80 784  0.3120  1.3867  8.4469
112 784 -4.7453 15.8526  7.3363
144 784 -4.4678 -0.0982  8.3351
176 784 -4.5620 13.0050  7.9918
208 784  0.2376  0.3353 10.4900
240 784 12.2508  0.4820  8.3194
272 784  0.2304 -5.9833 11.8246
304 784 -12.0909 -3.8344  9.3639
336 784 -21.1477 -0.0241  7.6356
368 784 -26.5345  3.7304  6.1294
400 784  2.2711 -4.6741  6.4854
432 784  0.2515 13.2273  5.2937
464 784 -13.6004 -21.8674  6.5067
496 784 -7.5400 -11.7621  8.1173
528 784 23.8924 -3.2841  5.5425
560 784 23.6039 -0.1950  8.9135
592 784  4.7302 -0.2878  9.3028
624 784  9.0633  0.2567  6.6502
656 784 -0.1674  0.3625  7.1325
688 784 -3.0977  5.3887  5.5018
720 784 -0.8350 19.2163  5.3048
752 784 -0.1628  0.1266  7.3818
784 784  0.3109 24.2643  5.5786
816 784 -1.9858 23.1430  6.1665
848 784 -0.3302 13.7935  6.1289
880 784 19.8373 -5.6777 10.0407
912 784 -16.0924 -0.7356  7.7071
944 784 -3.1895 20.2380  6.5675
976 784  0.1107 19.3815 13.4832
1008 784  4.6517  9.9466  8.8945
1040 784  0.1197 19.2178  6.3770
1072 784  0.0857 -0.9905  9.1504
1104 784 -1.0543 19.0963  6.6208
1136 784 -19.9546 -13.7050  8.6416
1168 784 -0.4473  6.0260  6.4585
1200 784 -14.5141  7.1626  6.9615
1232 784 -22.6402 -7.5563  8.6396
1264 784 -0.2137 18.4859  6.9735
1296 784 -0.0820 -0.9488  9.8771
1328 784 -0.2083 -0.3414 10.8109
1360 784 -0.3017  5.4489  4.5926
1392 784 -9.0522  0.0901  4.4945
1424 784 -21.1321  0.0704  5.7651
1456 784 -1.9543 -2.8320 13.3877
1488 784  6.6380 24.1159 11.7972
1520 784  0.0400 -6.1572  7.2497
 16 816 -0.3303 -20.1164  9.6193
 48 816  5.4879 -16.2328  7.0509
 80 816  0.2697  3.4331  8.9665
112 816 18.8397  5.9562  6.9584
144 816 -19.2207 17.8754  7.1242
176 816 -15.9850 14.3732  7.3045
208 816  0.2911 12.0081  6.6882
240 816  0.2846 -0.1704  5.2763
272 816 -0.1853  0.1022  9.2978
304 816  0.1858  2.1621  5.4868
336 816 -14.1450 10.6220  7.1496
368 816 -0.0364  0.2196  7.4301
400 816 -0.0356  0.1546  6.8773
432 816 -15.8825 -0.2150  4.9376
464 816 -20.2529 -0.1062  6.1399
496 816 -3.9834  5.7743  6.3641
528 816 14.2799 -0.1231  6.2917
560 816 24.5449  0.3510  8.6015
592 816  2.3063  0.1490  6.5195
624 816  3.4304  0.4278  5.5815
656 816 -0.2954 14.9077  3.9008
688 816 -5.1787  0.4930  5.8321
720 816 -13.9206 -1.9017  5.0851
752 816  0.1778  3.0706  6.9023
784 816 -0.1625  1.7106  4.9600
816 816 -0.3643 16.6229  5.4524
848 816 -24.0743  6.1702  7.4554
880 816 -14.7279 14.4434 11.9428
912 816  0.3672  0.4272  8.1412
944 816 18.3564  9.3491  5.0147
976 816 14.7890  5.9609 17.5998
1008 816 -0.2046 14.1991 16.3245
1040 816 -11.3242 18.9153  4.5914
1072 816 -5.7716  4.4851  6.7420
1104 816 -9.8009 -11.2675  6.8941
1136 816 -17.6578  1.8090  8.0600
1168 816  0.2878 -13.6344  9.4289
1200 816 -23.8032 -6.5557 10.9289
1232 816  0.0477 -0.4077  5.7663
1264 816 -0.0302 -2.0762  7.6561
1296 816 -0.3424 -0.0145  7.1028
1328 816 -0.4197 21.5617  9.1431
1360 816 -15.8031 -6.1890  7.2804
1392 816 -2.2673 -7.5626  5.6657
1424 816 -18.0812 13.0008 12.8461
1456 816 -5.5355 19.0548 13.0399
1488 816 -10.4503 -0.9778  9.5386
1520 816 -15.5845 21.4482  7.0330
 16 848  7.7218  0.2490  6.7034
 48 848  0.0851 -3.1688  6.1287
 80 848 10.8436  0.2113  8.1041
112 848  4.0017 -3.2758  6.9220
144 848 23.3351 -7.2855 10.0087
176 848 -26.8505 11.0334  6.9998
208 848  4.3606  0.1956  7.1994
240 848  0.3302 -0.2103  9.7024
272 848 23.9468  0.1378  9.6878
304 848  0.1942 -0.1696  9.2448
336 848 -9.1919  0.2373  8.5148
368 848 -0.2905 12.4761  6.1456
400 848 -0.0326 12.9319  7.5051
432 848 -19.0117  0.1758  4.7069
464 848 -22.3000 10.2054  6.3949
496 848  0.2603 -3.5427  5.3784
528 848  0.0739  2.1497  8.1558
560 848 13.6327 -0.1130  5.3011
592 848 21.3486 -10.1753  7.4673
624 848 15.9669 -15.5863  8.7292
656 848  8.4506  0.1441  4.2063
688 848 -0.0149  0.4567  4.8095
720 848 -20.4582 -1.7155  6.6297
752 848 -1.1177 -2.5083  5.5824
784 848  0.4095 -7.1103  6.1597
816 848  0.5628 -2.2847  6.0354
848 848 -23.3651 -4.8902  7.1667
880 848 -0.3942 10.1893  6.7229
912 848  1.8183 -0.5517  5.6826
944 848 -0.1198  7.5323  7.0853
976 848  9.9726 -17.6318  8.6907
1008 848 -0.3191  0.1561  5.0203
1040 848 -13.9190  9.1010  5.9368
1072 848 -0.4640 19.2407  6.4435
1104 848 -0.2650  5.8686  7.9372
1136 848  0.0046  2.0642  5.0616
1168 848 -19.4509  0.2966  5.6362
1200 848 -13.4108 -6.0004  6.5221
1232 848  0.1739  1.0456  7.8149
1264 848 -0.1873  6.3224  6.3177
1296 848 -15.0213  4.0898  5.7438
1328 848 -1.7824 -0.1443 12.2625
1360 848 -9.8416  4.6119  7.6614
1392 848 -3.1698  2.4652 12.7821
1424 848 -13.1131  2.2373  8.9324
1456 848 -16.1497 -10.7090  9.5228
1488 848  0.3205  2.2842 11.2973
1520 848 -9.6747  2.1540  7.0106
 16 880  2.2911 -0.2613  6.2485
 48 880 17.9631 15.9949  6.7427
 80 880 12.7123 13.8952  7.7172
112 880 13.0985  5.3946 10.2275
144 880  8.1466 19.2313  9.1145
176 880 -4.3621 21.7818  6.6490
208 880 -0.0747  7.9362  8.4279
240 880  0.2817  0.7497  7.8177
272 880 20.0383 -0.2876 15.7417
304 880 -4.6963  0.1708  9.7092
336 880 -13.1653 -9.9290  7.1557
368 880  0.2633  0.8937  4.8128
400 880  7.4783 10.1229  6.0009
432 880  0.2038  5.4740  8.4371
464 880 -25.8559  0.1009  6.7343
496 880 -0.0060  1.5692  7.2187
528 880 -15.9054 -9.6951  5.7911
560 880 22.7305 -2.9162  5.0716
592 880 22.8296 -0.7328  5.6925
624 880 21.3111  0.1974  9.5845
656 880  0.1645 -3.9623  5.3693
688 880  0.1704 -13.6766  4.7553
720 880 12.0726 12.0364  5.2242
752 880 -1.2739  0.3392  4.7056
784 880 -9.2389  4.3409  6.9533
816 880 -1.5930 -25.9056 12.6481
848 880 -20.2776  0.1670  4.2890
880 880 -8.1242  6.5250  8.7419
912 880  7.3390 20.7729  6.5085
944 880 -0.1142  0.4371  4.6437
976 880 10.0643  7.8638  6.5476
1008 880 19.7410 -22.5269  9.6773
1040 880 -17.8459 -5.8138  5.4541
1072 880 -0.2032 -4.7255  5.5118
1104 880 -0.1789  7.6941  6.8593
1136 880 -18.1597 -3.1384 11.5536
1168 880 -24.0945 -4.6080  5.3944
1200 880  0.0263  1.2250  6.5780
1232 880  4.8572 -3.4666  6.8025
1264 880 -4.0541  4.6843  6.2987
1296 880 -8.1402 -21.5043  9.8979
1328 880  0.1263 -5.5902  8.1780
1360 880  0.3488 -15.5157  8.1178
1392 880 -0.3330  0.3708  8.9246
1424 880 -20.6760 -17.2781  6.7564
1456 880 -8.3419 -7.8916  6.1493
1488 880  8.4639 -23.6363 13.7881
1520 880 -12.7494 -0.3638  6.1397
 16 912  0.0184  0.4147  7.8199
 48 912 16.0980 -0.0933  7.3505
 80 912 20.7931 -0.6047  7.9012
112 912  7.5849 -1.4951  5.3715
144 912  5.9176 -9.8825  5.9424
176 912 -0.3737 -17.4550  9.1054
208 912 21.7302  2.9941  6.7000
240 912 -7.8518 13.4207  5.5627
272 912  6.6414 -1.3943  5.1345
304 912  0.0010 -19.3041 12.3000
336 912  0.3038 11.1571  9.0364
368 912  0.3667  6.0227  7.6928
400 912  7.0100  0.1061  5.9079
432 912  0.1330  9.8067  4.0290
464 912 -24.2652 16.2066  7.0281
496 912 -2.4241  0.0011 12.6168
528 912  0.1721 -0.4732  8.6584
560 912  7.0206 -14.6220  6.4675
592 912 16.6469 -0.0255  6.6825
624 912 12.1164 -0.8384  5.2647
656 912  7.9306 -7.8171  4.1657
688 912 -14.3945 -14.9096  7.0469
720 912  4.1664 -11.7140 13.3831
752 912  1.3993 -12.2158  4.6124
784 912 -22.8727 -14.1000 14.6204
816 912  0.0385  0.0006  6.7338
848 912  7.9258 -2.3073  5.9429
880 912 -12.0640  0.1719  5.3485
912 912 -9.8872 -0.6510  6.1301
944 912 -10.4763 -10.2792  5.7327
976 912  6.3357 -8.1363  5.6220
1008 912 20.1312 -13.2343  6.3175
1040 912 -6.2849 -11.0082 10.5609
1072 912  0.0520 -16.0466  6.2740
1104 912 21.7205 -15.2081  8.0206
1136 912 -14.0908 -0.2281  6.9510
1168 912 -0.0107  1.7228  4.7563
1200 912  0.0075 -1.7157  6.7407
1232 912  0.2940 -4.0305  5.6510
1264 912 -5.0836 -4.1836  5.1470
1296 912 -0.1329  4.4179 10.7579
1328 912 -7.2005  0.0277  6.1372
1360 912 -0.7359 -0.3818  6.7078
1392 912 -5.6368 10.6834  9.5685
1424 912 -0.0646 16.1311  7.4940
1456 912 -1.7112 16.2949  8.0320
1488 912  0.1618 18.4458  8.1537
1520 912 -15.6153  0.4040  4.9971
 16 944  0.3257  9.8535  6.0336
 48 944 11.6419 -2.9468  6.1412
 80 944 11.2691 -24.9772  5.9921
112 944 -0.2548 -15.3837  4.8607
144 944  5.9794 -15.2975  8.0315
176 944  0.3815 -13.5774 10.9807
208 944  5.0863 -8.3546 11.0612
240 944  1.6263 -9.5369  6.4171
272 944 13.5477  1.9788  5.8278
304 944 -20.5000 15.7576  6.4116
336 944 19.3749 11.9447  7.9886
368 944 -0.3895 -0.0264  7.5946
400 944 26.2768 10.6989  8.5773
432 944 15.8877 -17.2712  6.4044
464 944 -13.0544 22.3212  6.3322
496 944  4.8099 18.2875  8.7583
528 944 18.2852  7.8431  9.2350
560 944  1.5167  1.6075 10.6799
592 944 19.6514  0.0013 13.6311
624 944  0.4820 -2.9301  5.5692
656 944 -2.7433 -14.0626  5.1373
688 944  1.1677  0.1870 12.7061
720 944 -0.0804 -23.7578  6.6926
752 944 -27.8938 -15.2244 11.4501
784 944 -0.3483 -7.3097  7.8678
816 944 11.7408 -22.9878  7.4133
848 944 17.9912  7.9605  7.1628
880 944 -18.7193  7.6988  8.8923
912 944 -4.5540  0.3567  6.1738
944 944 -7.6575  0.2342  4.4784
976 944 16.2207 15.0996  5.5742
1008 944  1.8383  2.4960  9.7763
1040 944  3.2815 -6.7883  5.6096
1072 944 -0.2666  0.4488  7.5969
1104 944  0.5497 -0.3834  6.9467
1136 944  0.0090 -15.5416  4.8094
1168 944 -5.1178  1.8561  5.7061
1200 944 -2.7662  0.0247  6.9142
1232 944  0.4919 -18.4153  7.2408
1264 944 -4.8016 -0.3084  6.0888
1296 944 -0.1968 12.3295  5.3836
1328 944 -0.0650 -0.0926  8.7408
1360 944  0.1982  0.2089  8.4032
1392 944  0.1003  9.3842  6.7011
1424 944 -23.0000  4.9202  7.6954
1456 944  0.4260 -0.3569  9.8864
1488 944 -0.1835 16.5783  7.9315
1520 944 -23.5515 13.7532  6.8309
 16 976 -14.0644 -9.7110  7.5448
 48 976 -19.7050 -7.2362  6.0453
 80 976  0.3692 -19.8798  9.4079
112 976 11.1220 -22.3092  7.6775
144 976 -0.6433  0.2985  7.1847
176 976  7.5653 -10.4506  6.2365
208 976 -4.0195 -20.3469  7.7649
240 976  9.5985 -19.7867  7.4333
272 976  0.9272 -16.1655  5.9789
304 976 -0.4725 -0.3481  8.4797
336 976 13.6034 -0.3251  9.0724
368 976 15.0100  9.1976  8.4319
400 976 -0.1834 18.4972  7.4504
432 976  0.3460 -1.6667  7.2095
464 976 -25.6334 -0.2688  5.0393
496 976 -3.8995 -4.8509  4.9337
528 976 -1.4270 -3.1077  7.0309
560 976 -3.5877 11.0962 11.6356
592 976  0.2311 15.6409  4.3978
624 976 -2.0921 -20.7820  6.3697
656 976 -5.4036 10.4375  7.3833
688 976 -2.7932 10.3530  8.4247
720 976 -0.2915  3.8867  6.2037
752 976 -5.8489 -23.5115 10.9635
784 976 -5.6605  8.0707  5.8761
816 976  5.4724 10.1902  7.3260
848 976 15.1375  0.1549  5.1973
880 976 -17.9373 -11.0596  6.2167
912 976 -7.0621  7.9405  6.3723
944 976  0.1665 -0.1554  6.9416
976 976 13.9155  4.4513  6.7227
1008 976  4.3186 -0.0578  8.8502
1040 976  1.3900  4.3101  4.8904
1072 976 -8.2147 -0.0454  6.6691
1104 976  4.8445  1.3457  5.0436
1136 976  9.4759  1.0750  4.6207
1168 976  0.1548 -1.7807  6.2444
1200 976 -0.4548  2.7821  4.9767
1232 976  0.4729  0.4316  7.5468
1264 976  0.2652  7.6751  6.0959
1296 976  3.7063 -7.9697  4.7698
1328 976 -0.0733  9.5761  7.9207
1360 976 -0.5000  0.3907  5.5474
1392 976  3.2269 -2.8434  6.9051
1424 976 -0.2709 15.9648  7.8292
1456 976  0.7054  1.7322 12.7553
1488 976  0.1934 14.8348  9.3285
1520 976 -0.1144  8.3296  9.1779
 16 1008  2.8660  0.2376  7.9804
 48 1008 -18.8130 11.6661 14.2123
 80 1008 -9.6635  3.9783  6.3033
112 1008 -0.0134 13.8599  4.2305
144 1008 27.3925 13.1667  5.5082
176 1008 -4.6366 -10.6287  5.0573
208 1008 15.6204 -10.6884  6.3807
240 1008  4.7116  0.1386  8.2935
272 1008 -10.7993 -14.1171  5.3064
304 1008 -0.0069 -13.6592  4.9422
336 1008  3.1258  0.3038  4.4202
368 1008  1.8964 -0.0175  5.5807
400 1008 -0.1551 -9.9820  4.5670
432 1008 -0.1054 -10.7010  5.5489
464 1008  0.1163  0.2734  5.3588
496 1008 10.7685 -24.6522  6.1482
528 1008 -2.0180 -17.2104  6.7728
560 1008 -0.0075 -7.5933  4.8268
592 1008 -0.0908 -3.1760  7.0138
624 1008 -5.8082 -9.7480  8.4918
656 1008 -8.3564 15.8143  4.3324
688 1008 -10.8795 -1.9747  5.9415
720 1008 -6.3738 -0.9597  7.0580
752 1008 -0.2619  1.1529 18.4264
784 1008  3.8560  8.4094 13.0919
816 1008 -0.1582 -4.4563 13.9906
848 1008  4.7494  0.7003  8.0212
880 1008  2.8254  3.1386  6.9815
912 1008 -7.7271  0.2459  4.5804
944 1008  0.2817  0.0146  9.3642
976 1008 13.3036  0.4082  5.6609
1008 1008  1.2273  8.1401  8.0293
1040 1008 13.5346 -13.9960 12.3414
1072 1008  0.0849 -1.7500  6.0561
1104 1008  1.6791 -6.7097  4.6749
1136 1008 -3.5685  6.5642  5.6198
1168 1008 -0.3982 -6.5246  7.6669
1200 1008 -0.1525 -8.0747  7.7763
1232 1008 -0.0608 13.1168  4.5731
1264 1008 -1.1164  3.2093  5.1013
1296 1008 -0.0047  0.1722  7.1644
1328 1008 -0.3574 13.0920  8.7143
1360 1008  0.1773 20.5718  8.3499
1392 1008 -0.1087  9.9662  8.2959
1424 1008 -17.0767  4.1292  7.2877
1456 1008  0.3613 -0.1073  7.7977
1488 1008  0.1171  0.3401  9.1896
1520 1008 -11.9161  2.7639  6.8783
 16 1040  7.5471 -0.3232  7.8231
 48 1040 -0.1737 -0.4250  6.4144
 80 1040 -8.1719  4.7473 12.2945
112 1040 -0.3093 21.8346  6.4068
144 1040 13.2641 -4.1227  5.8449
176 1040  9.9565 -0.1546  7.6476
208 1040 13.4934 -1.1299  6.8462
240 1040  0.1274 -1.8942  4.8971
272 1040  8.3646 13.1716  5.3306
304 1040 -14.0901  0.2362  5.2010
336 1040 -9.4192 15.5224  7.2774
368 1040 -0.4756 -14.4484  6.8549
400 1040  6.3829 -6.7974  6.2475
432 1040 -12.9889 -2.3886  6.5780
464 1040  9.0710 -13.2792  5.9431
496 1040 10.9429 -24.2875  7.1422
528 1040  0.8519 -15.9520  9.9846
560 1040 -4.9592 -3.0608  6.9509
592 1040 -0.4264  5.7076  5.4474
624 1040 -0.0136 -0.0612  6.2228
656 1040  3.9163 14.3734  5.1942
688 1040 -9.9471 -1.6338  4.8726
720 1040 -0.2929 -0.0890  7.9889
752 1040  9.2204 -8.0164 12.2221
784 1040 -0.1335 -0.2107  6.8873
816 1040 14.0919  4.0801  5.1037
848 1040  0.1481  0.0635  5.3537
880 1040  0.1007 -0.1333 12.0166
912 1040 -0.2943  0.4558  6.8290
944 1040 -19.1812  9.8087  7.8204
976 1040  1.7211  7.4451  5.7815
1008 1040 -3.0592 14.5224  5.3641
1040 1040 -2.9583 23.7921  8.0152
1072 1040  3.6353  1.7570  5.5286
1104 1040 10.4669 17.9511  5.5571
1136 1040  0.6538  6.1597  5.3971
1168 1040  0.2891  0.3400  6.6050
1200 1040 -1.1348  0.0424  6.7851
1232 1040 -0.1765  7.2596  5.3467
1264 1040  0.3713 10.8025  5.5874
1296 1040  0.0819  4.9642  7.0896
1328 1040  0.1126 -4.3165  6.4187
1360 1040  0.0731 -3.2265  5.4256
1392 1040  2.9442 -1.3296  6.5930
1424 1040 13.0890 -5.7625  7.3018
1456 1040  5.5822 -3.5000  4.3935
1488 1040 -0.0796  0.1864 10.5833
1520 1040  0.2168  0.1439  7.2540
 16 1072 -7.3937  9.0312 11.5608
 48 1072  0.0283 11.4154  6.3617
 80 1072  5.2299 13.6597  6.4463
112 1072 -10.9144  4.2248  5.9475
144 1072 -0.0834  4.7234  5.2991
176 1072  0.0534 -7.8454  4.6692
208 1072  5.2114 -4.5434  5.7645
240 1072 17.3209  0.0855  6.1697
272 1072 17.5240 -11.0395  5.3773
304 1072 -5.5712 -9.6611  4.7553
336 1072 -0.0626 -0.3099  6.7438
368 1072 11.3761 -0.1773  5.9151
400 1072 15.8588 -13.7385  5.8686
432 1072 -0.0270 -23.5315  6.1285
464 1072 -0.2333 -9.4918  7.6922
496 1072  2.2949 -18.1818  4.7924
528 1072 -2.0603 -9.9573  4.0632
560 1072 -15.7485 -2.7863  6.2144
592 1072  8.7306 -9.7686  4.9894
624 1072 -1.4203  1.2685  5.1144
656 1072  1.1070 -19.6157  6.1404
688 1072 10.3022 13.7237  5.3238
720 1072  4.3357 15.2672  7.3366
752 1072 -0.3834 19.3251  5.3891
784 1072 -7.3227 23.0743  9.9226
816 1072 19.0939  9.6167  9.4455
848 1072  0.6514 -0.0662  6.5859
880 1072 -11.9237 -1.8695  4.1805
912 1072 -5.0656 -4.3835 10.7789
944 1072 -8.7227  0.1156 15.0823
976 1072  4.7273 -3.3030  5.5174
1008 1072 -14.9077 20.8722  4.4357
1040 1072 -1.3350 21.3316  5.9496
1072 1072 -10.4147 12.7991  4.6292
1104 1072  0.9186 -3.6278  6.2392
1136 1072 -0.1146 -1.0892  7.5518
1168 1072  7.3880  2.4763  5.9535
1200 1072  2.5763 16.0056  4.6629
1232 1072 -3.0762 -5.7961  6.6320
1264 1072  0.0058 -3.1356  5.9462
1296 1072  0.0426 10.2194  5.2283
1328 1072 -2.3276 14.9856 11.8903
1360 1072 -0.0514  6.6830  6.9905
1392 1072 -0.2817  0.3425  5.7895
1424 1072 15.5639  0.0723  6.2122
1456 1072 16.3933  8.7960  6.4987
1488 1072 -0.0091  0.4228  5.6222
1520 1072 -7.2185  0.0109  8.8101
 16 1104 -8.1472 -3.6931  6.5813
 48 1104 18.8197 -18.1451  9.4223
 80 1104  8.7898  0.1913  9.6528
112 1104  0.3882 -6.1890  5.5792
144 1104  5.2890  3.4052  4.9740
176 1104 -1.1673  6.1221  5.0912
208 1104  0.3492 -9.7703 10.5117
240 1104  8.3086 -17.6637  8.4155
272 1104 -0.0466 -13.6069  8.5124
304 1104  0.1387 -7.6318 10.7354
336 1104  0.3378  7.2157  5.7964
368 1104 -0.3051  0.0511  5.0734
400 1104  0.4535 -2.8610  4.9253
432 1104  9.9319  3.9415  5.8035
464 1104 11.1662  3.6632  5.6526
496 1104 -4.7298 -7.6992  5.1868
528 1104 -3.6275  0.0187  7.4229
560 1104 -0.8038 -9.7424  4.7418
592 1104 16.1416  0.2500  6.0210
624 1104 -13.9806  1.7956  6.5988
656 1104 -0.3247 -18.1034  5.5475
688 1104 -3.0889  2.9301  6.1890
720 1104  1.6483 -0.1531  5.4049
752 1104 -2.8565 -11.5703  4.9968
784 1104 -4.5080 -4.4407  7.3440
816 1104 -0.1319 -0.2513  4.1744
848 1104 -11.8602 -1.0666  4.7633
880 1104  6.7287 -14.9030  8.1790
912 1104 -6.1721 14.0305  6.3499
944 1104 -8.1037 -5.4822  5.5896
976 1104 -9.4288 -13.9079  8.5302
1008 1104 -0.0674  0.0046  5.5153
1040 1104 -5.1629  3.8571 11.5676
1072 1104 -16.0010  0.3035  6.0845
1104 1104  3.8555  4.5722  5.3343
1136 1104 -0.6230 -0.0920  5.8532
1168 1104 -3.7477 -4.7506  4.9075
1200 1104  5.2067 -11.1668  5.7608
1232 1104  4.3584 -7.0596  5.5639
1264 1104  4.4151  3.2825  5.2676
1296 1104  0.1021 -0.0033  5.7331
1328 1104 -8.1441 -0.2813  6.8268
1360 1104 10.5523 -1.5751  6.5992
1392 1104  0.3231  0.0889  7.6839
1424 1104 13.8230 -0.1992  7.7049
1456 1104 -3.5145 -0.2055  5.0080
1488 1104 -3.5582 -0.0779  6.9664
1520 1104  0.2987 -15.7244  8.3055
 16 1136 12.2796 14.4908  4.1858
 48 1136  0.0702 10.6198  7.3430
 80 1136  2.5496 11.0190  8.2710
112 1136 -0.0838 17.1734  5.6467
144 1136 -15.7301 -5.4114 10.8411
176 1136  0.2423  0.0008  7.8434
208 1136  0.2403  4.6347  5.8901
240 1136 -0.6485  8.4588  8.2900
272 1136 -0.0901 -13.4660  7.2298
304 1136  6.8116  1.9668 10.2205
336 1136 -4.1368  0.3646  4.3436
368 1136  0.8860  0.9687  5.2977
400 1136  1.9635 -12.7018  6.9120
432 1136  6.4309 11.4631  5.4444
464 1136 -2.1571 -2.2007  5.3459
496 1136 -14.9922 -2.0135  7.3428
528 1136 -0.8254 20.2073  5.3101
560 1136 -1.8232  0.2557  5.1131
592 1136 -4.6049 -1.0242  4.9592
624 1136  0.7904  1.0000  5.6690
656 1136 -6.0301 12.1131  6.5769
688 1136 11.0462 -22.5677  8.1271
720 1136  7.2315 -0.0077  8.6057
752 1136  0.9667 -1.8576  6.1780
784 1136 -0.0281 -0.1256  5.1239
816 1136 -11.2561 -14.5592  5.1862
848 1136  0.1462  3.5752  4.9047
880 1136 -20.6561 18.3407 10.6480
912 1136 -16.6241 -15.8200  6.8273
944 1136 -2.7109 -11.3222  9.7056
976 1136  0.2054 16.1143  5.7023
1008 1136 -22.2312 10.7043  6.4533
1040 1136 -8.0638  2.3783  5.8510
1072 1136 -2.5302 10.5492  6.7479
1104 1136  8.0992 19.0653  5.0372
1136 1136 -5.8868 -3.1163  5.6736
1168 1136  0.1927 -0.2391  6.1232
1200 1136 -0.0351 -1.2793  6.2284
1232 1136 -0.1618 -0.5066  5.8105
1264 1136  1.7069  3.0708  6.4684
1296 1136 -0.2480 -2.4235  6.4866
1328 1136 -0.0903 20.7167  9.8445
1360 1136  0.1466 20.0520  4.6135
1392 1136  0.0683 -3.9614  7.3278
1424 1136 -21.0000 -0.4457 11.3624
1456 1136 -0.0523 -0.1193  9.1733
1488 1136 -0.3341 -10.5694  9.2629
1520 1136 -7.3465  2.8126  7.1824
 16 1168 17.9563 -4.8237  8.7623
 48 1168  1.0470  2.3184  5.4196
 80 1168 -1.6058 -1.2824  9.2273
112 1168 -0.8891  2.6464  6.5809
144 1168 -19.3439 18.8517  7.3574
176 1168  0.1804 -0.0146  6.0391
208 1168 -20.0769 -0.2330  4.5163
240 1168 -8.3359  7.8385  4.1487
272 1168 14.6379 -0.0620  6.8587
304 1168  7.1959 -1.6288  6.0537
336 1168 -3.0387  0.4447  3.9203
368 1168  0.1108  0.1689  4.5869
400 1168  3.2317  3.3527  5.9411
432 1168  8.5227 -9.3846  6.1227
464 1168 10.0546  2.0827  7.7318
496 1168 -0.2682 -1.7667  6.1382
528 1168  0.4967  0.0804  5.1349
560 1168 -7.2473  0.9153  5.1492
592 1168  5.9765 -9.9109  6.7710
624 1168 -6.8094 15.8390  5.2155
656 1168 -1.1393  5.0125  5.5660
688 1168  0.0801  1.9450  7.1954
720 1168 -6.0918 -5.9606  4.1023
752 1168  0.0925  0.0668  6.8873
784 1168  3.0631 -15.6999 10.5517
816 1168 -2.6098 -8.1334  6.5185
848 1168  7.6549 -22.7767  7.3944
880 1168  1.6711 -0.2711  4.9747
912 1168 -11.5238  6.6514  7.0527
944 1168 -1.2640 -23.5494  7.0714
976 1168 -19.0985 -23.1602 10.5142
1008 1168  0.0560 -19.7550  7.7658
1040 1168  8.2191 -9.3050  5.4094
1072 1168 -2.0752 -1.0044  5.9028
1104 1168 -0.4375  4.2936  4.8219
1136 1168 -3.6960 -0.2954  5.8921
1168 1168  6.8788 16.7789  6.7975
1200 1168  5.6864  7.0817  6.3808
1232 1168  0.1288 -1.9050  6.0840
1264 1168  0.1330 -0.2730  6.8685
1296 1168  3.0193 -0.2986  6.1956
1328 1168  2.8646 -5.5965  4.4881
1360 1168 -21.1864 -5.0000  6.0841
1392 1168 -8.1542 -15.5929  6.3558
1424 1168 -1.8165 -3.1002  7.1469
1456 1168  7.8786  8.0000  7.6790
1488 1168  0.2048 -0.0840  7.7862
1520 1168 -0.0486  0.1525 10.1951
 16 1200  0.4179 -16.9859  9.4097
 48 1200 -10.0999 -26.5241 10.9316
 80 1200  0.2757 -23.5601  6.6240
112 1200 -5.2201  4.9648  5.7787
144 1200  7.7141 -1.1968  7.8206
176 1200 -18.4759 -2.8938  7.8439
208 1200 -3.5823  0.1690  7.5021
240 1200 -0.0294 -2.8632  6.5224
272 1200 -0.2523  0.7262  7.1178
304 1200  0.0781  0.1976  7.5070
336 1200  0.3360 -1.7077  5.7340
368 1200  0.1807  3.0444  4.5793
400 1200 -6.3593 15.5877  6.3920
432 1200  8.0662  2.3272  6.3870
464 1200  8.2173  0.4457  5.0469
496 1200 -10.7370 10.5077  4.9856
528 1200  8.4628  1.1291  5.0351
560 1200 -4.8337 -3.1667  4.6739
592 1200  0.0539 -4.1133  5.4339
624 1200  2.8845 -8.5420  5.7997
656 1200 -0.4506  7.7914  6.1072
688 1200  3.1314 -3.4220  5.5697
720 1200 21.1087 -19.7322  6.4750
752 1200 -4.0209 -17.1899  5.5605
784 1200 -1.4940 -1.6316  4.9058
816 1200 -0.8923  0.4603  5.0167
848 1200 10.1820  0.6400 10.7190
880 1200 -15.6835 15.0539  8.0117
912 1200 -5.6948 -8.1183  7.8567
944 1200 -8.0164  0.1572  6.7239
976 1200 -17.1482  2.5043  7.7033
1008 1200  0.1227 -0.0067  4.8077
1040 1200 -6.0864 11.9716  5.3681
1072 1200 -7.6667 -7.7739  5.4053
1104 1200 -0.8051  0.1447  5.5898
1136 1200  7.8757 -0.2583  4.2960
1168 1200  5.2785 -7.6025  5.7881
1200 1200  0.0970 -8.1958  8.7063
1232 1200  3.1294 -0.9912  4.9442
1264 1200  0.0114  3.4204  4.6734
1296 1200  3.3330 -2.9734  7.4927
1328 1200 -1.1170  0.2604  6.2518
1360 1200 -9.6241 -16.3772  6.4231
1392 1200 -10.1909 -0.2947  5.1900
1424 1200  6.6450  2.1056  9.0073
1456 1200  0.2835  2.5828  5.2820
1488 1200 -0.0071  0.0658 10.9848
1520 1200  5.5000 -9.6421  5.2124
 16 1232 -20.9302 -9.0434  6.0709
 48 1232 -13.3334  1.5087  6.6839
 80 1232  3.2972  4.6208  5.4223
112 1232 26.7846 13.0111  9.5275
144 1232 -5.4685 10.8052  6.5926
176 1232 -13.6029  4.9028  5.2864
208 1232  0.3215 -15.7119  5.2037
240 1232  0.3761 -4.4976  8.0530
272 1232 20.0255  0.4283  4.9686
304 1232 -4.1950 -2.7568  5.4648
336 1232 -6.0637  3.7960  4.8814
368 1232  3.5247 -11.2045  6.5655
400 1232  1.2760  5.9263  5.8280
432 1232 -0.1512  0.0384  7.7054
464 1232 -0.4872 -3.5000  5.1614
496 1232 -6.3537 -22.0639  5.0850
528 1232 -0.2739 12.8484  5.5896
560 1232  0.1460  9.7683  5.0946
592 1232  1.9183 -2.0201  5.4392
624 1232 13.7312  7.7337  5.1913
656 1232  7.1026  0.1980  6.2985
688 1232 -1.2010 -5.3137  6.3004
720 1232 -2.0658 -0.5395  5.5090
752 1232 -5.9212  0.2244  5.2256
784 1232 -0.4040 -0.2486  5.1267
816 1232 -1.4469  0.0914  4.7756
848 1232  3.5216 -7.6168  6.7508
880 1232 -22.5334 -0.5446 10.2996
912 1232 -0.1504  4.4601  6.1012
944 1232 -22.1115 -3.5337  5.0173
976 1232 -8.3727 -6.9335 13.5422
1008 1232  2.6586 -14.9801  9.9961
1040 1232  0.9534  6.1905  5.4155
1072 1232  4.9666 -9.9436  8.3993
1104 1232 -0.8726 -14.9140  5.5797
1136 1232  0.0064 -6.8936  4.8106
1168 1232 -16.5192 11.7079 11.9928
1200 1232 21.6588 12.4888  7.3930
1232 1232 25.6473 -2.7059  6.7731
1264 1232 23.0473 -14.3713  4.4922
1296 1232 -15.6108  0.3809  5.4285
1328 1232  0.0763 -15.6228  6.2766
1360 1232  9.9679  4.4143  6.3483
1392 1232 -0.0907  0.0684  7.7121
1424 1232 11.0795 -18.2720  6.7270
1456 1232  0.2271 -19.3834  6.3821
1488 1232 -7.7151 -7.6151  6.8410
1520 1232  8.2630 -0.2430  5.2909
 16 1264 -3.9915 -19.0847  9.3797
 48 1264 -1.4684 -0.0446  6.6292
 80 1264 23.5121 21.4758  7.6837
112 1264 19.2717 -10.8392  5.2366
144 1264 -0.2495  0.1700  6.6299
176 1264 -14.3161 14.0429  7.2409
208 1264 -18.4163  4.4017  5.5523
240 1264 -0.3095 -4.7102  6.7538
272 1264  0.0518 -15.9826  4.6593
304 1264 -4.9283 -0.1102  8.4100
336 1264 -0.0231  0.5827  5.5653
368 1264  0.3588  1.7096  5.7058
400 1264 -0.0165  8.5419  4.5690
432 1264  0.1552 -4.0970  6.6074
464 1264 -0.3730 -3.2754  6.0229
496 1264  0.1576  0.0840  5.1474
528 1264 -14.8751 -18.8080  5.0569
560 1264 10.5576  7.1218  4.3343
592 1264  5.4679  0.1657  4.9720
624 1264 -6.9462 -7.1767  5.0203
656 1264  8.2040  2.3330  4.5352
688 1264  0.9036  0.0671  5.7700
720 1264  2.2424 -11.9177  5.6402
752 1264 -3.7941 -3.8631  6.2168
784 1264  6.2880  1.7114  7.0612
816 1264  0.9926 10.7457  5.3917
848 1264 -14.6108  4.8642  7.9997
880 1264  0.8398  0.3547  5.2736
912 1264 -0.0127 -18.6379  5.6768
944 1264 -8.4240  0.1052 12.5274
976 1264  3.5107 -20.8759 19.2127
1008 1264  0.4509  6.1327  9.8522
1040 1264  6.1836  0.0522  6.7543
1072 1264 -0.3163 -4.0507  5.6033
1104 1264 -3.6234 -1.9445  6.5926
1136 1264 -0.0637  5.1347  7.3959
1168 1264 -11.3011 11.3573  6.1593
1200 1264 -0.3275  8.0786 10.7637
1232 1264 13.8768 -0.4371  6.7444
1264 1264 -11.8333 -5.9509  5.7741
1296 1264  0.2037 -21.1696  6.4607
1328 1264  0.5408 -22.7335  6.0909
1360 1264 -0.1307 -9.1750  4.8391
1392 1264 -16.1120 -13.7869  6.0467
1424 1264 -0.1136 -12.0786 10.8895
1456 1264 -23.5356 -4.8985  7.8726
1488 1264 -0.2962 -12.8519  4.8291
1520 1264 -0.0131 -12.5000  6.0830
 16 1296 -2.1514 -1.8432 11.1753
 48 1296 15.0241 -1.7881  7.4123
 80 1296  4.4941  0.1177  4.5950
112 1296 26.3876 -2.5207  9.4721
144 1296  7.3938  0.1103 10.5384
176 1296 -3.0922  1.3835  8.9712
208 1296 -16.2285  6.2398  6.2660
240 1296 -20.7801  1.5955  5.8909
272 1296 -0.5508 -5.8040  5.8404
304 1296 12.6805 18.5085  7.2291
336 1296  0.4544 11.2629  6.9211
368 1296  0.8402  2.9103  6.6565
400 1296  4.9229 -0.0990  5.4187
432 1296 -0.4391  0.0032  5.0775
464 1296  0.2270  0.2458  4.7870
496 1296  7.6588 -0.2218  5.7038
528 1296 -3.3507  0.0754  6.3805
560 1296 -0.3707  3.2660  5.2774
592 1296 -4.6255  0.0804  6.0733
624 1296  0.0468 -0.3646  7.9327
656 1296 -0.1602 -6.0618  5.5419
688 1296 -0.3971 -16.4706  5.4457
720 1296  6.7275 -2.5832  4.6488
752 1296 -1.2621 -14.1133  6.0624
784 1296  5.2748 -7.6963  5.5828
816 1296  6.0986 -3.0067  5.5498
848 1296 -5.7985 -4.0000  4.8457
880 1296 -12.4130  3.0533  6.4628
912 1296 -0.3192  0.9745  6.5800
944 1296 -11.0145  0.7792  5.5404
976 1296 12.1724 -0.3580  5.4594
1008 1296  0.5175 -1.8997  9.1380
1040 1296  3.8866  0.2530  6.3712
1072 1296  3.8935 -5.2925  7.5262
1104 1296  0.3684 -0.3167  4.6711
1136 1296  3.6552 -0.3439  5.4644
1168 1296 -0.3619 -0.1133  5.8719
1200 1296 11.2149  7.6024 11.2524
1232 1296 -4.1107 -0.1548  7.2042
1264 1296 -2.8741 -15.2631  5.4688
1296 1296  6.0312 -18.7274  5.8370
1328 1296 24.2754  1.3192  9.7547
1360 1296  0.3007 -19.7161  6.1519
1392 1296  6.0387 -6.5000  6.2625
1424 1296  0.3610 -24.0902  9.5544
1456 1296  8.0078 -27.7078  9.0111
1488 1296 -14.3729 -29.3550  7.9683
1520 1296 15.5788 -4.2594 10.1265
 16 1328  5.0109  6.2274  7.4946
 48 1328  5.4529  5.8379  4.0068
 80 1328  0.0375 -22.2505  7.0258
112 1328 -0.2994 -24.1769  7.6787
144 1328 19.6837 -22.8950  9.7238
176 1328 -1.5601 -20.0373  6.1777
208 1328 -0.0999 -15.8187 13.4471
240 1328 -11.0280 20.7487  9.8804
272 1328 -5.8047 19.0890  5.4057
304 1328 17.4258  5.8088 14.2504
336 1328 -0.3832 -0.9035  4.5679
368 1328 12.2552 -0.1099  7.9780
400 1328 -12.7559  0.0801  6.5204
432 1328 -1.9437 15.1337  5.1749
464 1328 -14.9378  0.8051  4.8205
496 1328 13.8323  8.9012  9.1732
528 1328 -7.0048 -0.2388  7.4089
560 1328  4.2185 -4.9585  5.8378
592 1328 -17.5909 24.2834  6.6185
624 1328 -0.2203  0.3203  5.1526
656 1328 -0.2923 -0.3544  4.8168
688 1328 11.1588 -12.5590  4.8452
720 1328 -2.2403 -14.9661  5.1201
752 1328 16.2342 -7.7632  5.7710
784 1328 -0.1842 -0.9928  4.8422
816 1328  0.3319  1.7801  4.6777
848 1328  3.9512 -5.1532  5.6832
880 1328  1.0516 -2.0837  4.5484
912 1328 -0.0906 -5.9750  4.6859
944 1328 -22.9646 14.2628  7.5488
976 1328 13.3816 -0.1183  8.3171
1008 1328 -6.1192  9.2760  7.8951
1040 1328 12.4748  6.8002  6.3959
1072 1328  3.9381 -0.3275  6.0744
1104 1328  1.7676 -5.2233 23.0250
1136 1328 -0.2620 -5.6701 20.7019
1168 1328 -0.2619  0.3445  5.7641
1200 1328 -6.3541 -10.7503 13.7763
1232 1328 -8.2600 -0.0922  6.9788
1264 1328  1.7435  0.0355  6.7362
1296 1328 13.4369 -0.3649  4.6876
1328 1328 20.2026 -4.8241  8.6872
1360 1328 -4.2576 14.9132  8.8360
1392 1328 11.2796  7.6623 11.3165
1424 1328  0.4307 -7.9564  5.5955
1456 1328  1.6141 -0.2323  7.8758
1488 1328  0.0620 -3.5196  7.7467
1520 1328  7.7050 -6.4965  5.3518
 16 1360 -23.5380 -0.2828 15.2166
 48 1360  0.2703 -13.6982  6.5617
 80 1360  2.9788  0.1335 11.5687
112 1360  0.1797 -0.1117  7.7266
144 1360 -3.6793 -2.8321  6.7073
176 1360  0.3253 -12.4740  6.1899
208 1360 -18.0374 -4.3862  9.3223
240 1360 -19.6270 -12.4592  7.2508
272 1360 -8.0934 -14.3182  8.0461
304 1360  0.0066 -7.8757  5.2641
336 1360 12.1745  0.3864  6.6968
368 1360 -0.3825 -7.2483  6.9585
400 1360  3.0611 -4.1724  9.0681
432 1360 20.1507 -0.1568  6.4729
464 1360  4.7741 13.7513  4.6346
496 1360 -2.5138 -3.2100  5.0144
528 1360 -9.4858  0.0134  7.5358
560 1360  7.8749 -0.0908  6.3265
592 1360  1.8119 -13.3705  6.3181
624 1360 -18.0473  9.8084  4.7448
656 1360 -3.1074  0.2007  5.1878
688 1360 -4.1029 13.7790  5.3556
720 1360  0.1376  0.4658  5.4139
752 1360 14.0006  3.4551  6.7292
784 1360 16.1289 -0.0771  6.5845
816 1360  3.9220 -0.4612  8.3358
848 1360  0.4629 -5.7999  5.2654
880 1360  4.7245  0.2002  4.7756
912 1360 -11.0643  0.0120  9.3891
944 1360 -21.3041 -7.8351  4.9384
976 1360 -6.9111 20.6637 12.7685
1008 1360 -3.0810 14.9487  9.3525
1040 1360  2.5150  3.4499  5.1663
1072 1360 -0.1560 -1.9928 10.3995
1104 1360 -0.1564 -0.2855 10.7350
1136 1360 -15.4635 -15.9490  7.6106
1168 1360 20.0360 -0.0110 18.2882
1200 1360  0.4089  0.0155  5.4296
1232 1360 -8.2646 -1.8214  4.4747
1264 1360 -13.1484  9.3349  5.8670
1296 1360  2.1066 19.6708 10.5609
1328 1360 -0.4336  1.4086  9.4190
1360 1360  0.0537 -21.1553 12.4721
1392 1360  9.8141  0.0799  9.6242
1424 1360 10.5437 -0.2721  5.2955
1456 1360 19.1761 -12.4577  5.9719
1488 1360 -0.1486  1.9635  9.5941
1520 1360 -5.5355  2.2063  6.8876
 16 1392 -23.7510 -16.2030  9.6343
 48 1392  0.2535  0.0250 16.0854
 80 1392  5.9467 -7.8060  6.2623
112 1392  5.1233  3.7788  7.3010
144 1392 -0.3398  7.9130  7.4956
176 1392 -20.0822 -8.4850  6.2028
208 1392 -0.2439 -0.1753  9.5989
240 1392 -18.6413 14.4217  5.6963
272 1392 -10.8751  8.1626  5.8570
304 1392 14.1442  8.1780  4.4990
336 1392 11.0263 10.1190  4.2875
368 1392 15.6859  4.9535  5.1425
400 1392 10.2147  3.9987  5.6522
432 1392 -0.0233  2.2030  5.3249
464 1392 -13.1016  1.6582  5.2871
496 1392 -11.9524 -10.1967  6.3824
528 1392 -7.8973 -0.1373 11.6220
560 1392 -5.2406  0.0459  4.5386
592 1392  0.0417 -1.9937  6.8400
624 1392 -20.3624 -0.1144  7.1784
656 1392 -12.6731  2.4594  4.9420
688 1392 -15.7362 -10.6428  5.4604
720 1392 -13.7737  4.7471  5.5885
752 1392 -2.1552  5.2608  5.4305
784 1392 15.9779  2.6547  5.3643
816 1392 23.7055 -0.0957  7.0084
848 1392 -4.1079 -21.8387  6.2820
880 1392  7.9053  5.6072  4.2993
912 1392 -8.1461 -0.4008  6.2285
944 1392 -6.0084 -6.4145 10.4561
976 1392 19.2977 -0.0103 19.2058
1008 1392  7.7115  0.7017  4.5385
1040 1392 -5.4415  0.1706  5.2486
1072 1392  7.6700 -18.1736  8.8150
1104 1392 -12.8050 -19.6055 10.7580
1136 1392 -4.5976 21.5980  6.4493
1168 1392 -1.6251 15.1261  6.2470
1200 1392 -19.7134  8.2431  9.8474
1232 1392  0.4015  0.2905  9.4406
1264 1392 -0.0634  7.2659  7.4357
1296 1392 -0.3305 13.7807  7.4162
1328 1392  0.0154  0.4403 10.2953
1360 1392  1.5385 -17.8234  8.7933
1392 1392  6.1571 -16.4283  6.0282
1424 1392  3.7326 -7.9166  6.3931
1456 1392 11.9475 -9.0553  8.8877
1488 1392  3.3478 -7.9700  8.0207
1520 1392  0.0778  0.0244  5.4087
 16 1424 -21.7768  0.0829  9.0767
 48 1424 -0.1196  0.0708  9.4090
 80 1424 20.3758 -8.2620  7.0890
112 1424 14.5957 -10.9041  5.6289
144 1424 -19.3721 -19.4530  8.1238
176 1424 -0.2056  0.0126  8.1590
208 1424 -0.1184  2.5394 17.6484
240 1424  7.7988 -0.0940  5.5496
272 1424 -20.3769  4.8824  9.8632
304 1424 -9.7517  3.3531  7.9644
336 1424 -0.3007  2.5902  6.5500
368 1424 13.9859  2.7041  5.6830
400 1424  2.7742 -1.5614  6.0083
432 1424 -2.7873 -0.2343  6.8669
464 1424  3.3314 -9.6195  6.5508
496 1424  0.0809 -6.3724  5.5056
528 1424  8.8555 -13.5387  5.5915
560 1424 -8.7472  4.0864  5.1128
592 1424 12.8779 11.6021 14.3162
624 1424 -10.0968 -14.3246  5.0689
656 1424 -5.3553  5.6234  8.5032
688 1424  9.7689 17.2794  9.7694
720 1424 -20.8745 23.2993  7.8547
752 1424 -5.4704 -0.1845  5.7636
784 1424 10.2908 12.8671  5.4186
816 1424 20.2693 -0.4478  6.4777
848 1424  7.0034 -13.7365  6.3971
880 1424  3.4913  2.1485 10.2223
912 1424 -12.5078  1.9452  7.5259
944 1424 -1.8893 11.6574 11.7050
976 1424 -7.0306 15.8032  7.1694
1008 1424  0.0956 -6.7719  7.7299
1040 1424 -21.1194 -3.9019  6.6965
1072 1424  2.3023  0.0652  7.1674
1104 1424 -10.6708 16.7658  5.5873
1136 1424 14.3566 -15.0144 13.7303
1168 1424  0.2365 -5.6249 12.8867
1200 1424  0.0861 -16.6512 15.5871
1232 1424  0.2704 -3.2692  6.3778
1264 1424  0.0812  0.1488  7.6999
1296 1424 -10.2126 21.1467  6.6662
1328 1424 -0.4075 -0.1412  7.2430
1360 1424 -0.1337 -6.1351 10.1110
1392 1424  0.4326 -0.0985  4.8772
1424 1424 16.4066 -15.8192  5.3976
1456 1424 11.9006 -0.0088 12.3353
1488 1424 -0.2002 -0.2643 10.7526
1520 1424 -0.1612 -0.0189  7.7681
 16 1456 -20.2453  9.7005 10.0892
 48 1456  0.0744 -0.1263 12.8379
 80 1456 -0.0763 -0.3604  8.3629
112 1456 13.3590 -0.0656 10.3155
144 1456 -9.7566  6.4780  5.6929
176 1456 -0.5467 -0.1659  6.6269
208 1456  0.0003 12.1708  9.9545
240 1456 -5.8586 -10.3319  8.3164
272 1456 -0.3312  0.1396  7.1703
304 1456 -3.5953 -7.7698  5.9066
336 1456 -11.1511 -12.0833  7.5068
368 1456 -16.1252  0.1154  6.0964
400 1456 -15.4409 -7.3222  4.3749
432 1456 -0.1782  0.0638  5.3261
464 1456 -0.5299 12.9491  5.2634
496 1456  8.1257 11.5221  9.9745
528 1456  4.8998 -8.1139  7.8216
560 1456 22.5945 13.5200  6.2964
592 1456  8.0534 -0.3852  5.3559
624 1456  5.1573 -0.3724  7.5899
656 1456 19.2975 16.1808  9.1183
688 1456 -0.2918 14.7287  7.6132
720 1456 -6.2406 10.6683  7.1666
752 1456 18.6067 18.2379  8.4205
784 1456 -6.9955  0.3328  7.5547
816 1456 -0.1891 19.8402  9.8184
848 1456 12.0196  7.5323  9.4190
880 1456 -2.9323 -0.2441  8.0422
912 1456 -16.6412 -8.1368  7.1327
944 1456 -16.4599 -3.9895 13.8441
976 1456 -11.4983 -4.1532  6.5546
1008 1456  2.2866 -4.0543  4.9170
1040 1456 10.3331  3.3417  6.7619
1072 1456 -1.7052 -0.6231  5.6824
1104 1456 -0.0209 -8.3288  4.9428
1136 1456  5.5586 -2.7294  5.4458
1168 1456 14.0837  5.2872  6.0056
1200 1456 27.1258 -5.7598 14.5093
1232 1456 -13.4659  0.4581  7.9419
1264 1456 -0.3827 -15.6045  6.0229
1296 1456 10.1974 -7.9909 11.9459
1328 1456 -15.8066 11.8440  7.9630
1360 1456  0.0144 -13.0337  6.1616
1392 1456 -7.9372  0.2909  5.2382
1424 1456 -0.0943  0.1274  7.4641
1456 1456  5.2550 -0.2992  6.6902
1488 1456  0.0084 14.3996  8.6677
1520 1456 -18.9068 12.1635  7.2483
 16 1488 -11.8924 15.4777  5.8864
 48 1488 -16.0527 20.6529 10.3902
 80 1488  2.5781 16.0149  7.2402
112 1488  2.4045 -7.7329  9.0331
144 1488 16.8674 -12.1703  7.3630
176 1488 12.6394 -1.3292  8.2644
208 1488 -21.6516 -7.5308  8.4122
240 1488 -11.0004 -4.2160  6.1181
272 1488  0.4530 11.4359  6.0759
304 1488  4.8156  4.8289  6.1823
336 1488 -24.3562 10.8071  9.4067
368 1488 -19.8107 -0.1775  4.0000
400 1488 -12.5149 20.9284 11.1077
432 1488 -15.1641 13.2644  8.4892
464 1488 15.6420 14.1569  9.5278
496 1488 -18.0380 -7.1949  9.1300
528 1488 21.5676 -4.2423  8.0007
560 1488 22.1118 -0.3609  6.6429
592 1488  0.3558 15.9028  4.0222
624 1488  0.3152 15.4400  5.9556
656 1488  0.1176 24.6950  5.8152
688 1488  0.1621 16.2335  6.5215
720 1488 -21.3262 23.0561 11.0306
752 1488  0.0099  0.1247  5.0795
784 1488 -13.9885  1.2502  6.5998
816 1488 -10.5750 11.9470  6.3237
848 1488 -7.6418  0.1704  6.5781
880 1488  5.7502 -12.2375  5.8668
912 1488  3.6395  0.4590  5.1611
944 1488 -5.1096  3.8083  7.2501
976 1488 -7.6905 -15.8058  9.1480
1008 1488 -0.1054  2.4325 10.2628
1040 1488 13.5717 24.0395 14.5910
1072 1488 -13.0964 22.6390  6.2300
1104 1488 -0.3415  0.3828  4.8124
1136 1488  0.3776  0.2857  4.6133
1168 1488 21.9567 -7.6183  7.4151
1200 1488  0.4540 -10.5420  8.7193
1232 1488 -21.7046 -16.3729 15.8861
1264 1488 -20.7121 21.0964 10.0863
1296 1488  9.2124 -0.4099  5.2083
1328 1488 -7.6012  6.6545 11.1172
1360 1488 -6.7581  0.3472  6.5321
1392 1488 -0.4712  1.9192  4.0867
1424 1488  0.2609 -5.9638  4.5525
1456 1488 10.8436 15.6803  5.7132
1488 1488  0.1892 15.7076  6.0125
1520 1488 -0.2653 19.5064  7.7339
 16 1520 -0.1856 23.9113  5.9306
 48 1520 -4.9753 23.7179  5.9894
 80 1520 -10.8445 18.4163  9.9293
112 1520 -5.4672  7.5227 11.7873
144 1520 13.3267  0.1783  6.1334
176 1520  2.5540 -15.7935 13.8018
208 1520 -8.6406 26.0006  9.7530
240 1520  2.9214 24.6165 10.4670
272 1520  0.1096 25.1928  8.3762
304 1520 -0.0824 15.7964  7.6320
336 1520 -20.7707 10.4667  8.8077
368 1520  0.2764 -5.4229  7.2267
400 1520  3.2899  5.0087  7.6363
432 1520  0.2177 -4.7929 12.4096
464 1520  0.0735 -8.4416 11.1468
496 1520 -5.5529 -2.2037  5.4173
528 1520 -0.0048  5.4302  9.5948
560 1520 25.1490 -0.1072  6.2605
592 1520 -0.3157  0.0116  9.3952
624 1520 19.4766 -1.0466  7.2012
656 1520  0.2620  4.9545  6.4074
688 1520 -8.2942 17.4294  6.0230
720 1520  0.3652  6.6426  7.2187
752 1520 -0.2852  6.1647  6.2674
784 1520 -6.5314  0.1760  9.7355
816 1520  0.2851 15.1683  5.3738
848 1520 -2.0355  0.4216  6.0073
880 1520 -3.3601  1.8105  6.5170
912 1520 -2.8042 15.4641  5.5939
944 1520 -7.8860 13.2171  4.9576
976 1520 -0.1606  1.2462  6.4801
1008 1520 -0.1405  3.5193 12.2010
1040 1520 -3.5573  0.1150  9.1703
1072 1520 -21.5874  0.4336  9.2826
1104 1520 -12.2377 11.1677  7.4769
1136 1520 14.4759 10.4186  4.0396
1168 1520 19.7328 12.4917  7.8323
1200 1520 15.6636 -16.7096  7.2282
1232 1520  0.4731 -21.8123  8.9883
1264 1520 -12.1570  0.2529  9.2433
1296 1520  0.3335 20.7710  6.6021
1328 1520 -9.5750 10.6530  6.0548
1360 1520  0.1370  8.8294 16.1471
1392 1520  0.9838 24.3882  7.4651
1424 1520  9.4925 17.9277  6.7755
1456 1520 15.8130  0.3960  9.1204
1488 1520  9.5878 -1.8547  6.2017
  0   0 10.5784 13.1569  0.0000
  0   0 11.5451 30.2567  0.0000
