VARIABLES= "X pix", "Y pix", "U pix/dt", "V pix/dt", "CHC", ZONE I=48, J=48
 16  16 -4.3421 13.4488  7.5252
 48  16 13.5131 -11.5268  8.5385
 80  16 -24.2046 11.2420  5.3860
112  16 -12.8198  0.0501  6.6705
144  16 -2.2185  3.3942  4.5467
176  16 19.4009 -20.4598  7.7911
208  16 20.5000 -7.7177  5.3376
240  16 -0.2174 -0.2353  9.6477
272  16 -20.4670  0.0926  9.5647
304  16  0.2567 -0.2015  6.2329
336  16  0.0560 23.9141  5.3695
368  16  0.1838 13.5276  8.9553
400  16  4.1882  0.1200  7.3074
432  16 -0.0952  0.4493  6.9634
464  16 -21.4522  0.3884  8.4244
496  16 23.9805  0.1012  9.4887
528  16  7.8893 -0.1103  7.0442
560  16 -15.8240 17.2867  4.8914
592  16 18.9653 -0.1051  8.6284
624  16 21.8530 23.6587  6.1349
656  16  0.1342  0.2559  6.9340
688  16 11.7130  1.8361  7.0751
720  16 -3.2226  4.3526  6.6413
752  16 11.5062 10.7308  6.0772
784  16  3.4416 19.8492  7.7783
816  16 -0.1165 10.9156  7.9088
848  16 -0.0296  0.1604 10.4333
880  16  4.9037 -0.1099  5.8977
912  16 -0.1390 -0.0959  8.9092
944  16 24.2365 -1.7764 11.5677
976  16 19.8750 -7.9393 11.4519
1008  16 -12.9428 -0.8165  7.9601
1040  16 -1.8124 -11.9737  7.9487
1072  16  0.4625 -0.1306  8.2250
1104  16 -0.3751  0.0599  8.5427
1136  16 -16.3320  0.0929 11.5928
1168  16 -0.4398 -15.6465  6.8379
1200  16 15.8080 -0.4642  5.9356
1232  16  6.0122 -15.8839  5.9306
1264  16 -22.6056 -0.1977  7.2866
1296  16 -24.0459 -5.1753  7.3256
1328  16 -4.5840 -23.2106  7.1158
1360  16  9.8524 -24.2037  9.9468
1392  16 -7.9511 -8.1647  5.8802
1424  16  0.4936 -20.1496  9.7088
1456  16  7.7650 -1.9896 10.0675
1488  16 -0.0994 -0.0643 13.2154
1520  16  8.1480  0.2267  9.3645
 16  48 -1.5973  0.0735  6.9796
 48  48  6.7646  6.9668  6.4598
 80  48  3.9603 -9.8551  8.6786
112  48 -11.0013 -11.0400  6.9822
144  48 -12.1869 -4.2933  6.8740
176  48 -3.5359 -11.7513  4.5922
208  48 22.3322 -16.4367  7.2835
240  48 -0.0449 -7.2001  7.6728
272  48 -14.8710 -0.3092  5.1694
304  48 -10.3355 19.7307  8.2780
336  48  0.3597  0.3846 10.2684
368  48 20.8199 -0.2385  6.3331
400  48 17.9162  3.8601  6.4465
432  48 -0.1114  7.8408  5.5211
464  48  0.1985  0.2469 11.5840
496  48 -0.0271  0.1118 10.6675
528  48  3.8132 16.0637  6.8694
560  48 -8.0391 11.6891  6.4882
592  48 17.7810 15.9866  6.1169
624  48 -2.0501  0.3196  6.1521
656  48 -2.8379 -0.1948  6.7010
688  48 21.7775  0.0579  6.8261
720  48 -0.2695  0.0819  6.4756
752  48  0.0863 -4.4718  7.9882
784  48 24.3788 -0.2013  8.2223
816  48 -0.2872 12.0587  9.8137
848  48 -6.4142  4.2650  7.5026
880  48 -2.3459 -3.6554  6.6989
912  48  0.2408 -5.6338  6.5591
944  48 -0.2076 -0.3507  7.1893
976  48 24.1695 -13.5293  7.0522
1008  48  5.7740 -12.0492 11.6892
1040  48 -3.9133 -3.6262 11.0944
1072  48 20.5532  5.1921  8.1603
1104  48  0.0358  1.9487  8.0699
1136  48 -19.6045  0.0113 10.2928
1168  48 19.3702 -0.0600 10.2788
1200  48  7.8923 -0.9727  5.4217
1232  48  0.1214 -1.9772  7.1406
1264  48 -4.7276 -4.9805  7.2010
1296  48 -18.5474  0.4241  6.6353
1328  48 -12.6464 -3.7890  6.8360
1360  48 -7.9507 -14.2950  7.5758
1392  48 -2.0616 -21.8170  8.3174
1424  48  7.1563 -12.0753  5.2974
1456  48 18.2422 -0.4120  7.7374
1488  48 -0.0087 -0.0950  8.2819
1520  48 23.8094  0.2412  7.2769
 16  80 -12.6263  0.0207  8.8389
 48  80 -0.6265  0.0737  8.5681
 80  80 -11.9943 -0.1695  6.1424
112  80 -17.7104  9.1515  5.8989
144  80 -3.6925 19.0831  9.0107
176  80  0.2358  0.0133  7.7737
208  80 10.7610  8.1863  6.9110
240  80 25.5445 -2.6105  6.0217
272  80 -0.2581 15.5799  8.6732
304  80 -14.0907 18.3922  9.0109
336  80  5.3759 15.2532  9.5445
368  80 12.9238 -5.3327  5.7279
400  80 14.7760 -3.1149  6.7029
432  80  5.5383 -0.1484  8.5975
464  80  0.1792 -0.3421 10.8848
496  80 -5.3339 -2.0245  7.0989
528  80 14.3925 -0.0202  7.4530
560  80  0.3661 -0.0490  8.4249
592  80 -16.0157  0.2488  8.4234
624  80 -0.1041  4.2705  5.6365
656  80 -1.0607 18.1618  5.5346
688  80 19.7663  0.0670  6.5549
720  80 -0.3333  0.2395  7.2046
752  80  0.4573  0.0792  7.4711
784  80 20.9939  8.2323  6.7036
816  80 19.7628 -16.0181  8.3032
848  80 -5.6589 -1.7947  7.0720
880  80 -1.7272 -0.3599  8.1091
912  80 -18.8062 -0.1825  8.4120
944  80  0.3840 -0.3455  9.8132
976  80  2.2882  0.5060  5.7476
1008  80 -0.1124  0.3841  6.8852
1040  80  0.8540 -3.9046  9.8542
1072  80 -0.0533  0.1747  5.3923
1104  80 13.8817 -0.2948  8.2041
1136  80 -23.6684 -4.3082  9.8048
1168  80 12.4292 -16.1457  8.6567
1200  80 12.7439 -19.0124 10.9213
1232  80 23.7581 -0.0224  8.7655
1264  80 -24.3528  8.5784  6.2387
1296  80 -23.8346 -0.0405  9.5864
1328  80 -1.3671 -0.2184  9.5903
1360  80 -20.9428 -0.0533  8.1748
1392  80 -7.6805 -0.3173  7.7739
1424  80  0.3698  0.0955  6.5916
1456  80 12.1687 -7.5580  5.9714
1488  80 10.4181  0.0128  9.5747
1520  80  1.8882 -0.2144  8.2224
 16 112 -20.0732 -6.2062  8.6101
 48 112 -3.8128  3.8509  6.0736
 80 112  0.1014  1.9550  8.4273
112 112  0.3011 -4.9084  6.0596
144 112 -22.3824 -12.3263  5.0768
176 112 10.9598  0.7884  4.4298
208 112 10.0967 16.2883  7.6197
240 112 19.9508 20.6762 13.1784
272 112 -5.5096 15.7665  8.3117
304 112 -12.3696  0.2325  5.1890
336 112 -7.9748 20.4069  5.9643
368 112 -19.6942  1.2860  8.6938
400 112 20.1518 -9.2503  6.8724
432 112 10.3947 -0.3005  7.0162
464 112 -24.2287  0.0971  9.9483
496 112 -6.5526 19.3522  7.9844
528 112 22.9152 -2.2446  9.4322
560 112 -7.7650 -0.2947  5.6993
592 112 -17.7164  1.9803  8.5367
624 112 19.6605 -0.2620  7.0943
656 112  0.4108  5.2522  6.6534
688 112 20.5702 -0.0807  7.7863
720 112  0.1309 -0.0260  9.4087
752 112  0.2571  3.2468 10.5566
784 112 11.5030 -10.1962  7.7472
816 112 -0.7365 -0.1120  9.0762
848 112 -10.0626  0.2607  6.2030
880 112 15.0023 -0.0004  7.1639
912 112 -20.1784 11.1485  8.8190
944 112 -0.0659 19.5515 12.4189
976 112 22.0691 -19.6523  6.7192
1008 112  0.0994  0.3110  5.1296
1040 112 12.0746 23.8590  7.2736
1072 112 -13.3035  0.4310  6.5393
1104 112 17.3380 -15.5227  9.0354
1136 112 -9.1405  0.1891 11.5077
1168 112 13.0546  4.3503  5.4549
1200 112 24.5693 -0.3008 10.8131
1232 112 16.1675 -0.1329  8.1707
1264 112 -8.0846  8.0759  5.0514
1296 112 -19.9680  0.0673 10.0132
1328 112 -7.7856  0.0182  6.2310
1360 112 -20.0868 -0.1050  6.4190
1392 112 -0.0322  2.4103  5.8075
1424 112  0.0462  0.0581 11.2776
1456 112 17.7698  0.0734 11.5121
1488 112 -3.4952 -0.3124 11.0215
1520 112 -14.7845 -13.1282  8.5134
 16 144 -0.0585 12.2272  6.6443
 48 144 -0.0559 12.2295  9.9153
 80 144 20.0131  0.1484  6.9412
112 144  7.8741 -0.2561  5.1783
144 144 -0.4934  0.3275  6.5027
176 144  0.2497 -2.2452  7.4343
208 144 20.0621  0.2885  7.1716
240 144 10.8435 -0.0668  6.2648
272 144  0.4121 -0.0668  8.0526
304 144 -16.3044  8.8185  6.4438
336 144 -16.1429 19.7857  7.2014
368 144 -22.3042 12.0616  6.1839
400 144  0.2798 -7.6127  8.7805
432 144  0.0301 -0.0803 10.1713
464 144 -20.2555  0.1485  6.9233
496 144 -0.5926 -21.2891  5.5268
528 144 -10.9703 -7.1871  4.7376
560 144 -7.3236 -14.5529  6.2098
592 144 23.8374 -16.4179  7.2462
624 144 15.2291  0.4581  7.1262
656 144 -3.4431  0.1803  6.0619
688 144 -0.0011  2.0514  7.2998
720 144 -13.3277  7.2313  7.8483
752 144  9.8471  8.0452  5.6375
784 144 -18.0437 -0.2114  4.4392
816 144  0.2872  7.9604  8.0089
848 144 10.0270 -2.8598  6.3972
880 144 -0.0215  0.2778  9.2371
912 144  9.8324 20.9678  4.3154
944 144 -17.7072  0.1727  5.6049
976 144  0.4228  6.3228  8.8807
1008 144  8.7289 20.1525  8.9517
1040 144 -0.4266 -7.5489 12.4774
1072 144 -0.0475  6.3338  7.3292
1104 144 15.9784 10.7254  6.9890
1136 144 -22.0071 19.0228  9.5687
1168 144 -1.8937 17.7464  7.2139
1200 144  9.9022 18.7454  6.2682
1232 144 23.8633  2.2027  9.4910
1264 144 -7.9705 -7.6000  8.9220
1296 144 -20.3791 -0.2131  8.1850
1328 144 -0.2117  0.1669  9.6148
1360 144 -0.3982  0.0506  9.3684
1392 144 -0.4196 -0.2289 10.3017
1424 144  0.1397  0.0540  8.3011
1456 144 22.2744 17.3159  5.3261
1488 144 -11.3163 -3.2448  7.8391
1520 144 -0.2644 18.1058  5.5319
 16 176  0.2815 -26.0335  9.6769
 48 176 -22.9154  1.8096  8.2466
 80 176  2.5355  6.0670  4.8731
112 176 12.9215  7.7585  7.4562
144 176 13.3952  0.5795  6.5551
176 176 -5.3295  0.3496  8.3163
208 176  0.0697 -0.0031  4.5603
240 176  0.0299 -12.8356  8.1356
272 176  0.4775 -20.8020  5.2614
304 176  3.0717 -2.3514  7.1551
336 176 -19.7317 15.7378  6.0494
368 176 -20.5471 13.7676  7.6011
400 176  0.3964  0.1510 10.2523
432 176 -0.0989  7.5121  7.9983
464 176 -17.7478 -0.1413  8.0866
496 176 -1.7006  0.1122  7.6291
528 176 -9.1217  0.2406  6.4124
560 176 10.3185  0.1089  7.9409
592 176 15.1141  0.1589  7.1560
624 176  4.3911  0.2523  7.2804
656 176  0.4330  0.2454  7.7958
688 176 19.9803 -4.5260  7.8242
720 176  0.0327  0.2848  5.2781
752 176 14.1613  0.0437  7.0551
784 176  0.1238 -0.0197  5.5984
816 176  7.5920  9.9041  5.2071
848 176 -13.3327 10.0571  7.2204
880 176  5.1905  6.2185  7.3122
912 176 -2.3522 -0.3878  5.4613
944 176 -13.6936 -1.3221  8.6067
976 176 -3.4769 -14.7614  9.3269
1008 176 11.6210  8.9102 10.0242
1040 176 11.3986  6.7575  5.7513
1072 176 -2.9902 21.5181 14.1911
1104 176 20.3218 12.8066  5.1993
1136 176 -11.9063  0.3507  6.5594
1168 176 -10.9095 23.3281  7.8066
1200 176  0.0443 13.5815  7.6174
1232 176 26.1961  0.2371 12.8748
1264 176 -13.9801 -11.8787  6.1073
1296 176 -20.9470  0.1094 11.9618
1328 176  0.2073  0.4009 10.3679
1360 176 -4.2822  0.0486 10.1738
1392 176 -4.1668  0.1708  9.9333
1424 176  3.0860  8.2739  6.3747
1456 176  5.2290 -0.0623  7.1784
1488 176 10.0737 24.4172 13.5350
1520 176 -0.0781 26.7527  8.6464
 16 208 16.3177 -21.5536  9.4546
 48 208  0.3316 -23.3098 13.2950
 80 208 -10.0197 -5.6917  7.8578
112 208  5.1563 -11.7191 10.2548
144 208 -0.4187 -18.0410  6.7219
176 208 -0.1052 -1.3708  8.6044
208 208 -0.7202 -7.3473  9.8051
240 208  0.0400 -3.9509  8.5466
272 208  0.2982 -19.3640  8.5484
304 208  0.3706 -7.8285  7.2323
336 208  8.0354 -0.0392  9.7066
368 208 -16.0030 12.4345  5.2000
400 208 -19.2727 17.4143  4.6847
432 208 -0.0462  0.1876  8.9109
464 208 -10.7263 -4.8265  7.6936
496 208  0.0843  0.0878  6.4711
528 208 -0.5835  0.1191 13.7425
560 208 14.0550  1.7414  5.9402
592 208  0.4652 -6.4813  5.6838
624 208 18.8796 -0.2542  7.3675
656 208 -10.0159  0.2807  5.8454
688 208 -0.0041  0.0824  8.0217
720 208 -2.1738 -7.6465  6.7399
752 208  0.2061 -4.0245  6.6740
784 208  0.1523 -0.0352  6.4175
816 208 -11.9402 -0.4936  9.9697
848 208  5.1367  1.8054  9.7228
880 208  8.9848 -8.8099  6.2464
912 208 -15.5474  0.5482  7.1432
944 208 -5.4367 -0.0637  8.3575
976 208 -0.1756  0.1059  7.2201
1008 208 -10.1842  0.9566  5.0060
1040 208  1.0229  0.3456  9.2934
1072 208 10.9554  6.0585  9.9580
1104 208 17.3429 -2.1944  5.9256
1136 208 -0.0096  8.0551  9.5847
1168 208 -21.6497  1.0552 11.2491
1200 208 -0.3027 -3.0979  9.3239
1232 208  0.1375 -23.5122  8.2838
1264 208 -0.1685 -0.1093 11.3039
1296 208 -15.9362  0.0348  6.7438
1328 208 -0.1262 -0.0505 12.1504
1360 208 -0.4616  0.1774  6.7212
1424 208  0.1601  6.2453  5.0374
1456 208 10.9913  9.7102  7.4778
1488 208 -7.0460 -0.2790 10.3210
1520 208 -4.3606  0.1694  7.4216
 16 240 -1.1105  5.1382  7.4829
 48 240 12.3596 -21.7443  5.7630
 80 240  0.1904 -23.6901  6.4279
112 240  3.9169 -12.4140  6.4921
144 240 -0.4430 -0.2627  6.7485
176 240 -4.0634  0.0732  6.8095
208 240 -10.1853  0.1746  5.7074
240 240  0.0659 -0.1337  8.0266
272 240  7.7442 -3.3683  6.6767
304 240 -0.1725 -8.0328  8.7445
336 240  7.6479 -19.3201  8.1343
368 240 20.8087 -5.6824  7.1101
400 240 -0.2144 12.9978  7.8742
432 240 -0.2591 -0.1890  5.6955
464 240 -16.0911 -0.3655  8.4259
496 240 -0.2131  0.0778  9.7934
528 240 -3.1887 -0.2893  7.2442
560 240 17.8438 -10.4892  6.1044
592 240 -1.9591 -0.5000  6.5367
624 240 22.1729 -13.0404  5.8323
656 240 26.4819 -3.7978 10.7944
688 240 24.1854  0.0878  4.6150
720 240  0.1579 -15.2561 11.0104
752 240 -8.1170 -1.7884  5.8255
784 240  8.6487 -2.5248  6.8604
816 240 -0.4534 20.4053  7.6956
848 240  0.0552  0.3623  6.4192
880 240 -9.7919 -0.0408  7.6394
912 240 17.1210 -9.5630  9.7227
944 240 -9.3698  8.1496  8.5884
976 240 -0.2933  0.2573  7.4209
1008 240  0.4874 -14.0097  6.0895
1040 240 -11.5818 -4.0781  6.0723
1072 240 -20.9909  3.8547  8.4723
1104 240 14.2335 -3.0548  8.7717
1136 240  0.1662 -15.9316 10.6960
1168 240 -4.5293 -23.9024  8.2545
1200 240 -8.0945 -19.1905  8.0030
1232 240 -0.1640 -0.0971 15.5657
1264 240 -0.0128  0.0686 10.9571
1296 240  0.3565  0.2374  9.2419
1328 240 -0.1297  0.2463  8.2166
1360 240  0.2885 16.1068  7.7196
1424 240  0.1781  9.4700  4.8973
1456 240 -4.2577 -0.2594  5.2826
1488 240 -1.9273 -2.4789  6.9758
1520 240 -2.7502 -0.5654  8.8213
 16 272 -1.3226 18.7469  9.1748
 48 272  0.0362 -11.1055  8.4956
 80 272  0.0297 -0.2601  5.5263
112 272 -0.0919 -2.8481  6.0700
144 272 -0.0346 -0.0273  6.6012
176 272  0.3673 -0.0380  7.3649
208 272 -0.0800 -0.1848  8.6250
240 272  0.0382  8.3929  7.6239
272 272  0.0027 -0.0889  7.6555
304 272 10.8840 -13.8144  8.8300
336 272  0.0457 -0.0146 10.3412
368 272 26.2673 -7.6660  6.8728
400 272 -0.0535  0.0882  8.3705
432 272 -0.2282 17.6275  8.0753
464 272 -0.2892 15.8592  5.3704
496 272 -3.2743  6.4888  8.7548
528 272 -4.5826 -0.1939  8.2972
560 272 -0.2784  0.1882  9.5496
592 272 -0.2291  0.1188  6.5762
624 272 -0.1771 10.1342  6.8953
656 272  0.1289 -17.9685 18.6110
688 272 -1.0186 -0.0747  9.6460
720 272 -7.8643 17.9790  8.3781
752 272 10.1193  2.0663  5.3687
784 272 17.8678 -11.2158  7.5997
816 272 -0.3499 -10.8209  6.6698
848 272 -24.2910 -0.6743  6.4606
880 272  9.7896 -2.6255  8.6480
912 272 -0.0118 -0.2498  9.2185
944 272 -0.4298 -0.2071  7.0978
976 272 -10.3514  5.9157 11.6796
1008 272 -10.4785  8.9253  7.6857
1040 272 13.8474 -4.1369 13.2771
1072 272 15.1174 -3.9367 13.6724
1104 272 21.1283 -11.1899 11.9875
1136 272  6.2160 -18.5750  8.5097
1168 272 -0.3029 -9.2813  5.8913
1200 272  1.1710 -0.0064  7.0032
1232 272  0.4186 -0.0341  8.0226
1264 272 -0.1021  0.3094  6.5472
1296 272 -0.4930 -6.3057 10.9504
1328 272  0.0279  0.4269  7.8190
1392 272 10.0483  0.3394  4.0086
1424 272 -5.5545 -15.8120  4.0133
1456 272  0.3074  0.3428  7.6228
1488 272  1.3769  6.3532  8.2564
1520 272 -10.2167  0.0363  8.6051
 16 304 12.2434 -23.9831  8.9186
 48 304  0.2424  7.0463  8.7854
 80 304 -1.6584 16.2601 10.0411
112 304  4.5401  0.4381  6.1739
144 304 -4.0583 -14.0923  6.7127
176 304 11.2260 -8.2201  6.1935
208 304 -0.0793 -0.2175  5.1600
240 304  0.1594  0.2250  9.7479
272 304 -9.0513  2.1330  7.2511
304 304  0.0985  0.1472  5.1663
336 304  0.1370 -13.6499  8.9650
368 304  3.4345 -21.3879  6.5554
400 304 13.7581 -14.4401  5.1743
432 304 -0.1323  4.6967  9.3849
464 304 -0.3108 -0.0121  5.4939
496 304 -0.0872 -0.0730  9.3975
528 304 -7.9632 -2.6792  7.0314
560 304  0.3531  0.0136  7.8564
592 304 -16.3774  0.0001  5.0629
624 304  4.4693 -18.4651  7.5496
656 304 26.8937  6.1536 13.6535
688 304 -3.0604  0.2599  9.2488
720 304 16.0995 -2.4117  6.3288
752 304 -2.6200 -0.0921  4.5406
784 304  0.8137 -0.2488  8.5778
816 304 10.0094 -2.0063  7.7544
848 304 -5.4500 10.0570  4.0199
880 304  0.2135  8.0404  5.9925
912 304 -8.0064 -15.8254  8.7828
944 304 -1.5345 -16.0338  8.2879
976 304  0.1572 -0.3578  5.8109
1008 304  3.7497 -0.3089 11.1077
1040 304 14.2067  0.4143 13.1843
1072 304 -6.2076 -0.0190 13.1103
1104 304  9.8665  0.1173  9.9435
1136 304 13.3252 -14.2942  5.0582
1168 304 -1.1915 -17.3754 16.7674
1200 304 -19.1191 -16.9446  8.2318
1232 304 18.9687 13.0457  7.5373
1264 304 -0.1855 -0.0987  8.1475
1296 304 -1.7256  1.0518  5.1858
1328 304  0.4025  0.4822  4.8413
1360 304  7.8853  0.2527  4.2980
1392 304  0.4292  0.4027  5.5960
1424 304  0.2812  0.1049  6.9844
1456 304  6.1882 -23.8602 14.8841
1488 304 -2.7330 -1.7786 14.2527
1520 304 -0.0103 -13.2181  8.4227
 16 336 -0.1372 10.3426  7.8952
 48 336  9.6791  1.0781  5.5994
 80 336 -3.8620 24.0062  6.2667
112 336 -0.1066 -0.2753  6.7351
144 336  0.1136 -0.1676  7.3994
176 336 23.8318 -19.8691  5.8668
208 336 20.9735 -0.4440  8.0287
240 336  0.0591  0.0884  7.0931
272 336 -0.1326  7.5262  7.5026
304 336 -5.6179 16.0426  5.5097
336 336 -15.9541 12.3745  6.2741
368 336 -0.0387 -20.3112  8.5724
400 336 16.4014 -7.7924  6.1665
432 336 -0.2699  0.0559 10.9776
464 336  3.0568  0.0293  8.3054
496 336 -18.2660 18.7746  7.2944
528 336 -16.9886 11.2164  6.5658
560 336 10.7882  0.4988 10.3672
592 336 -16.1510  0.1336  8.9055
624 336  6.5918  0.0824  7.3242
656 336 12.1087  1.9912  7.2397
688 336 13.4048 -0.3358  7.2746
720 336 -9.8474 -13.6640 10.6165
752 336  0.1588  3.9189  6.6405
784 336 -20.9603  0.3901  6.6124
816 336  0.0238 -0.0488  8.1285
848 336 10.7795  0.3283  8.1060
880 336 -24.8556 -0.0162  9.4417
912 336 -15.0192 -0.0881  8.8572
944 336 -0.0701 -11.3491  7.9164
976 336 28.2262 19.0845  9.1151
1008 336 -0.2920  9.8063  6.5973
1040 336 13.9281  2.9360 15.8295
1072 336 -11.9981 15.1608  8.6024
1104 336  4.9533 -17.9362  6.9697
1136 336 16.9486  0.3757  4.3475
1168 336 -7.6784 21.5367  9.2775
1200 336  7.9010  9.4800  8.6347
1232 336  0.3194  0.3123  9.5735
1264 336  0.0746  0.3952  7.1306
1328 336  7.6712  0.2692  4.3541
1360 336  1.5000  0.4899  4.6651
1392 336 -4.1416  0.0259  8.6897
1424 336  0.2584 -0.0807 10.8204
1456 336 -11.6657 -0.6353  8.7963
1488 336 -8.3958  2.8175  7.2067
1520 336 11.5216 -6.0741  7.9305
 16 368  0.1253 -0.0113  6.5513
 48 368 -6.6401  0.1111  6.7282
 80 368  0.1415 -0.9128  5.5344
112 368 -3.9764 23.9728  5.6418
144 368 -0.2463 10.8436  4.6539
176 368  3.6904  8.2599  5.8188
208 368 20.4096 -4.5290  7.4830
240 368  9.6482 -1.5000  5.6305
272 368  0.1979 -0.2243  8.5234
304 368 -0.0909 -0.1549  7.9651
336 368 -21.3294  0.2970  7.7886
368 368  0.1635  0.0919 11.1068
400 368  0.2129 -3.7140  7.4800
432 368 23.7218 -11.5473  7.4596
464 368  0.1894  7.9945  8.2548
496 368  2.1955  9.5562  6.0605
528 368 -22.0190  0.0729  7.0053
560 368  0.1052 -0.1203  5.3595
592 368 -13.4840  0.2219  5.7458
624 368 -0.2139 -0.1750 10.8034
656 368  0.0711  0.4165  9.6315
688 368  7.4907 -19.4349  8.3609
720 368 -4.1873 -0.0969  7.2240
752 368 -8.0033 -0.3720  9.4102
784 368 10.3648 -0.0665 10.3739
816 368  0.2074  0.1480  9.8959
848 368 -0.0284 -0.3280  7.2676
880 368  0.0239  0.1577 12.3015
912 368 -21.2039 13.9058  8.2943
944 368 -4.6481  0.4901  6.7447
976 368 -0.1698  0.3900  9.3692
1008 368 -5.1741 -12.0972  9.4720
1040 368 11.6250 -2.4694 27.5443
1072 368 -9.2076 -0.1574  8.2755
1104 368 -4.2400 23.7914  7.1271
1136 368 -0.1044 14.8762  6.9360
1168 368 -7.9050  2.9438 11.7259
1200 368  0.0217 11.8852  9.7585
1232 368 -0.1437 -0.1910  4.5606
1264 368 -0.1673  2.4169  3.7840
1296 368  0.4849  0.4875  3.7791
1360 368  0.4814  1.2778  6.1299
1392 368 -17.1680 -6.9591  9.3233
1424 368 14.9355 -12.7874  5.5465
1456 368 20.2034  5.5329  9.8643
1488 368 -16.2805 -19.0052 14.2153
1520 368  1.8277 -21.5812  8.9626
 16 400 -7.9833 -23.6248  6.8593
 48 400  6.1050 10.6020  6.8110
 80 400  0.2011 -0.0626  9.7044
112 400 -3.2940 24.2251  7.8389
144 400 -8.3330 18.7786  5.2995
176 400  0.1541  8.0680  5.1492
208 400  7.6902  0.0272  4.6618
240 400 20.9627 -10.4657  6.1060
272 400  0.0625 -4.2450 10.7961
304 400  0.0509 -0.2326  9.2853
336 400 -19.3935 -0.1875  5.6556
368 400 -20.3337 15.0855  6.3520
400 400 -0.2275  0.3021  9.3611
432 400 20.9578  0.4853  6.2364
464 400 19.0550 -15.0767  6.1259
496 400 -0.2045  5.9982  6.0196
528 400 -22.9910  0.1641  8.8499
560 400 -1.8224 10.3920  8.7699
592 400 -12.3436  0.1871  6.2368
624 400 -0.0764  8.8764  9.4485
656 400  0.0434 10.9352 10.6388
688 400 -11.3124 16.7808  6.7430
720 400 -5.1435 -4.1296  7.7994
752 400 -0.2667 -11.0178  7.3186
784 400 13.6736 -0.6845  7.6986
816 400  0.3452 -0.1731  7.7808
848 400  0.4079  0.1268 17.3179
880 400 -0.1250  0.0648 11.8143
912 400 -18.0723 12.9214  6.3318
944 400 -2.8132 -0.1521  8.2721
976 400  0.0220 -19.9792 11.1567
1008 400 -7.1981  1.6153  5.6399
1040 400  0.3934  0.2746 12.1594
1072 400  4.0031  1.4521  7.1771
1104 400  4.3494 16.4207  9.3300
1136 400  7.7374  2.4712  8.9033
1168 400 -0.0999  0.1232 10.0073
1200 400 18.0353 -0.1948  5.2615
1232 400 -0.0209  0.0020  5.6066
1264 400 -0.2409  0.0902  5.3225
1296 400 -0.1252 -0.3078  4.3100
1328 400  0.4913  0.4903  5.1145
1360 400  0.0437 -1.1505  4.7201
1392 400 -20.5158 -13.2094 10.7740
1424 400 -7.4208 -22.0970  9.9408
1456 400 -0.0117 -19.3662 16.8027
1488 400 -18.9029 -15.7317  4.5068
1520 400 -0.4369  8.0034  5.3434
 16 432  0.1680 -0.1019  5.1148
 48 432  5.2408 -7.1454  7.2046
 80 432 -0.0260  7.9551  6.1748
112 432  1.2147  5.8237  6.8323
144 432 -0.2675  0.0390  9.6958
176 432 -0.1166 23.5523  6.2470
208 432  0.2325 14.3444  7.3530
240 432 21.1224  9.6792  6.1056
272 432 -0.2296 -0.3248  9.6299
304 432  0.0801 -7.9241  8.4927
336 432 18.6126 -0.1920 10.4931
368 432 -15.9518 19.5511  9.2310
400 432 -0.0020 -0.0117 11.1195
432 432  6.0677  5.0857  7.7194
464 432 21.6127 -1.8675  8.5397
496 432 21.9353 -6.1507  7.7419
528 432 -23.5214  0.0804  9.8076
560 432  0.3139 10.3200  9.2499
592 432 -20.9064  0.4570  7.9297
624 432  0.2258  4.9834  9.4392
656 432  0.3906 10.1938  6.8338
688 432 -4.7831 -0.1901  7.2855
720 432 -18.8265  3.8634  8.2048
752 432 -0.0754  0.0929  6.0659
784 432  2.7039  3.5250  4.7642
816 432  2.4683  0.4334  8.1319
848 432  0.2082  8.1535  8.0142
880 432  0.1778 12.8582  8.8056
912 432 -16.0091 -0.0377  5.7406
944 432 -1.5538 -10.8504  8.5767
976 432  0.0665 -0.1626  5.7426
1008 432  2.6459 -12.0834 10.5961
1040 432  4.7225 -1.3227 11.4046
1072 432 -9.9886  0.0744  9.0882
1104 432  1.4564 -14.9117  7.9062
1136 432  3.2485 -9.3450  9.1597
1168 432 -8.5120 -19.5553  5.5422
1200 432 17.2374 -0.4838  5.7513
1232 432 -9.6854 12.1761  5.2339
1264 432  0.2005 15.7798  4.7080
1296 432 -10.2174 -1.2253  5.1980
1328 432  0.3276 -4.9549  5.6889
1360 432  0.0024 -12.1366  5.9822
1392 432 -23.2116 -10.4005 26.5638
1424 432 -10.1986  1.9053  9.7710
1456 432  9.7998  9.8134 10.1874
1488 432 -17.5196 18.0239  7.3877
1520 432 -0.4044  0.3367  6.0478
 16 464 -2.0318 22.9024  7.2753
 48 464  0.0436  0.1819  6.1030
 80 464  7.6562 -20.0162  9.3525
112 464 -0.3463 10.2811  7.3069
144 464 -5.3338  9.3157  7.9899
176 464 -0.1448  0.3054 12.2536
208 464 -0.2731 19.4508  5.9984
240 464  0.1256 15.7410  9.8695
272 464 -0.0542  0.3442  8.8525
304 464 -0.0519 -0.2967  9.8736
336 464 16.6865 -3.6940  6.9639
368 464 11.7523  0.4018  7.6255
400 464 -16.3634 19.2856  7.6051
432 464  2.0688 -0.2577  8.7011
464 464 23.6500 -12.1148  7.9680
496 464 23.5341 -0.0846  8.2653
528 464  0.2857  5.4212  6.7142
560 464 -10.5833 -0.1132  6.8266
592 464 -0.2771  0.1070  7.5327
624 464 -0.1281 -0.0062  8.4041
656 464 -0.0261 -1.3546  9.9079
688 464 -0.3800  0.0774  8.1859
720 464 -0.2621  0.2857  5.0341
752 464 -22.4235 16.3387  6.7211
784 464 18.1833  0.0576  7.7021
816 464  6.3460 -0.1453  7.9455
848 464  0.3025  0.2725  9.6593
880 464 -0.3463  0.0761  8.6282
912 464 -18.5036 -0.1404  7.1757
944 464 -4.6443  0.0036  6.4707
976 464 -1.9652  4.0647  7.2459
1008 464 -1.0799  1.7875 10.1294
1040 464 20.9105 -4.4541  9.4453
1072 464  1.8125  0.3773  9.6952
1104 464 -23.8661 -19.0579 10.5745
1136 464  6.2565  2.5953  8.9697
1168 464  0.3065  0.2813  7.3384
1200 464  9.3900 -0.1343  4.0589
1232 464  4.9679  0.2779  4.6134
1296 464  0.2510  0.2461  3.6442
1328 464 -25.8860 -15.7876  9.4268
1360 464  4.9042  0.3530 12.5201
1392 464 -0.3510  0.3723  8.5075
1424 464 15.8405  1.1984  8.1570
1456 464 -13.7707 -4.6166  7.4558
1488 464 -6.1824 12.4912  6.6514
1520 464 -1.1768 11.7840  5.1229
 16 496 -8.2601 19.0565  6.3381
 48 496  0.0022 -0.1385  7.2688
 80 496  7.8614 -17.9424  7.0415
112 496 20.8313 -12.4208  5.7157
144 496 -18.7450 -8.3625  4.8900
176 496 -18.7394  0.0902  7.8310
208 496  0.1977  0.0663  7.1458
240 496  7.9954 -0.0461  6.9011
272 496 -0.0923  7.6585  7.9181
304 496  0.0630  0.1216  8.7862
336 496 15.6233  0.3886  8.4977
368 496 18.9145  5.0178  9.0004
400 496 -10.8868 13.7187  5.1540
432 496 -12.0099  3.8288  5.6894
464 496 18.4047 -0.2674  7.6460
496 496 11.1913 -18.9050  5.3454
528 496 -0.4807 -0.3881  8.3988
560 496 -9.1502 -0.2727  9.9949
592 496 -0.1717  0.0763  9.7099
624 496 14.9979  0.0572  9.0035
656 496 15.8867  7.6000  8.8851
688 496 22.1470  8.2043  8.2002
720 496 -0.0851  4.9310 10.8604
752 496 -17.8804  5.2696  9.5025
784 496 -25.4946  1.8642  8.6134
816 496  0.2258 -21.1103  9.1038
848 496  5.0470 -0.1420  8.5159
880 496 -0.2805 -7.9068  9.6006
912 496 -17.0701 -0.3498  6.2189
944 496 -0.5406  0.4974  5.2747
976 496 26.4066 -7.7191  6.6466
1008 496  4.9425 -2.6658 10.4716
1040 496 -1.4481 -6.1999 13.5907
1072 496 -8.0647  0.1082  9.4831
1104 496  7.1383 -11.5121  8.4934
1136 496 22.3404 -0.1587  9.2354
1168 496 -12.7754  0.1579  6.6093
1200 496 14.4740 -0.4192  4.6211
1232 496  0.4222 -4.5983  5.0861
1264 496  0.1319 -0.0922  4.4123
1296 496 -5.9374 -19.5539  6.9800
1328 496 -0.4780 -22.4737  5.0442
1360 496 -11.0144 -9.6748  9.2008
1392 496 -9.1749 -17.8647  7.2228
1424 496  0.2031  0.4161  6.7831
1456 496  1.0111  3.0739  5.9150
1488 496 -11.9223 -0.1180  4.5282
1520 496 -18.1431 -18.9524  5.3500
 16 528  0.0047  5.1485  6.9205
 48 528 -0.4497 -4.9083  6.1248
 80 528 -0.4201 16.6316  3.2747
112 528 18.8300 -3.2261  5.7228
144 528 -0.0272 -0.4901  6.4811
176 528  3.1532 -0.0095  4.9266
208 528  0.0341 20.3828  5.8447
240 528 -0.1708  0.4092 11.5671
272 528  8.9021  0.3137  6.3507
304 528 -10.8080 20.8940  7.5900
336 528 20.0438  0.2414  8.1943
368 528 20.6693  0.3895  7.7176
400 528 -3.6550 -2.3912  6.6335
432 528 -17.8696  0.4633  7.6230
464 528  0.1869 -2.5965  5.3582
496 528 22.7856 -0.4198  7.5663
528 528 -0.2366  0.0908  7.0271
560 528 -19.5421  0.4235  7.9087
592 528 -8.3570 -8.6153  7.3271
624 528 23.6173 -15.2350  8.3504
656 528 15.1896  6.8957  6.2267
688 528 26.4183 -3.7960  4.9038
720 528 -0.0415 -0.0608 11.0167
752 528 -19.2133  0.1513  6.5477
784 528 -21.6674 -0.3144 10.3668
816 528 16.0244 -18.3789  7.7584
848 528 -8.3291 -16.0322  8.8616
880 528 12.9808 -15.2416  6.9821
912 528 -12.3773  9.1565  6.0458
944 528 -0.4315 -0.1857  7.0741
976 528 15.1361 24.0778 11.1216
1008 528 -20.9483  8.6868  9.0829
1040 528 15.7537 -0.3735  7.7578
1072 528 -6.8818 -11.5779  4.2927
1104 528 -0.1679  3.9138  5.3437
1136 528 15.1083  0.3738  8.5149
1168 528 -10.4352  6.3395  5.4823
1200 528 11.7064 15.5980  5.2120
1232 528 17.2226 12.2062  6.9583
1264 528  0.2749  0.3178  5.2354
1296 528 -18.9379 -19.6401  6.0419
1328 528 -2.5310  8.9910 12.2490
1360 528  0.3148 11.8951  5.0841
1392 528 -13.9725 -15.3413 11.9891
1424 528 -0.2783 -14.0135  8.1746
1456 528 -0.4669 -0.3085  5.3080
1488 528 -0.1077 -0.0073  4.2927
1520 528 -0.3992 -1.3190  4.4759
 16 560 -7.2704  0.1306  5.3849
 48 560 15.6632 -0.0892 10.1728
 80 560  8.3034  0.2252  5.2243
112 560 15.9742 -0.4947  7.7994
144 560  0.3644 -0.2909  7.0867
176 560  5.6042 -5.7358  8.8042
208 560 -0.0208  0.2536  6.2258
240 560 -0.0048  4.0048 10.4330
272 560 -0.0906 -0.4063  8.0150
304 560 -22.9471  0.2072  5.7863
336 560 12.8953 -0.1845  8.5522
368 560  0.0476 -2.4367 13.2027
400 560 -14.5456  2.9379  6.6315
432 560 -24.9867 -0.1228 10.1643
464 560  0.2260 -12.9804  6.9761
496 560 21.3156 -3.9974  6.3113
528 560 14.6679 -0.3263  7.0357
560 560 -11.7416  0.1395  9.2684
592 560 -6.0491 11.1605  6.9423
624 560 -0.2488  0.3340 10.4403
656 560  0.4839 -0.2255 10.0772
688 560 24.3000 -0.3817  8.1479
720 560 -0.1072  0.6210 11.0459
752 560 -16.1668 -16.1287  6.9267
784 560 -18.4229 -4.9285  5.2947
816 560  1.2993 -13.3498  6.5800
848 560 -3.5485 -9.9839  6.4842
880 560 18.1334 12.5412  9.3206
912 560  0.1867  0.0888  4.1037
944 560 -2.3481  1.9238 11.6612
976 560  5.7777 -3.1146  7.2429
1008 560  3.9600  1.0067 10.2518
1040 560 -24.2909 -12.7994  9.8811
1072 560  4.3188 11.2306  7.4997
1104 560 10.5820 15.9917 10.3262
1136 560 25.1546  1.2431  8.4802
1168 560  6.1321 13.5914  7.2500
1200 560 15.5707 20.2085  6.0831
1232 560 -20.5338 -15.1915  8.6617
1264 560 -0.3353 14.9896  4.2316
1296 560 -0.0888 12.8244  7.6580
1328 560  0.3261  4.4484 10.0222
1360 560  0.0597 -13.5171  7.3783
1392 560  0.2541  0.1682 10.1985
1424 560 20.1955 -2.0572 13.2918
1456 560 -0.4660  0.3818  5.7409
1488 560 -10.0748  0.3928  4.8027
1520 560 -5.7330 -8.4946  4.9493
 16 592 -0.1667 -14.8736  9.8821
 48 592 -0.3122 -0.2784  8.2675
 80 592 23.6653  0.1188  4.7020
112 592 20.2100  6.1194  3.7340
144 592  2.6217  6.1724  6.6214
176 592 -0.0220  6.3438  6.2297
208 592 17.6572  0.0918  4.2218
240 592  0.2035  0.3266  8.0573
272 592 -0.1834  6.7869  5.8110
304 592 -25.1945 -21.2913 10.1684
336 592 19.7347 -8.3407 11.9548
368 592  0.1115 -8.4335 12.1425
400 592 -20.0112 -0.0039  9.2083
432 592 -21.4746  0.0092  8.2111
464 592 -15.2566 -13.3541  6.4526
496 592 14.4847 -5.0226  7.4214
528 592  4.9815 -13.5332  6.9799
560 592 -19.4447 -15.1089  6.9644
592 592  0.3726 -20.0067  9.3884
624 592  0.4733 17.7112  5.7355
656 592  0.2469 10.8009 10.0810
688 592 21.8530  0.1116  9.2843
720 592 -0.0450  0.3028  9.2673
752 592  3.1811 16.1913  7.9929
784 592 -0.0794 21.1187  7.5695
816 592  1.7701  0.4043  5.7998
848 592  0.3454  0.4795  4.5862
880 592 23.6924  0.4860  6.0109
912 592 -8.0153  0.3047  5.1907
944 592 -3.2532  5.4892 15.5664
976 592 13.3332  1.2701  6.6445
1008 592 -11.4794 -21.3789  7.6665
1040 592  0.0186 -0.0171  7.1697
1072 592 19.4065 12.9529  6.7399
1104 592  0.1342  7.2530 11.3168
1136 592  7.9365 15.3133  6.4555
1168 592 -9.7766  0.3017  5.1936
1200 592 -26.1939 -0.4174  9.8015
1232 592 -23.5567 -6.5129  7.1682
1264 592 -6.7648  0.2727  5.1607
1296 592  0.4579  0.4531  8.3916
1328 592  0.1032  1.1954  8.5318
1360 592 -0.3135  0.1837  8.2333
1392 592 -12.6943  0.3395  5.3968
1424 592  0.0586 -21.8836 11.5957
1456 592 -6.9870 -1.8088  6.2696
1488 592 -2.4969 13.9469  8.9091
1520 592 -19.2062 24.2262 18.2912
 16 624 19.1208 -1.6732  6.7213
 48 624  4.0070  0.1355  5.4225
 80 624 -0.1029 -6.6901  8.8206
112 624 13.3541 -16.0018  5.7587
144 624 16.2054 -22.3745  7.1573
176 624 -7.8398  0.1732  8.4658
208 624 11.7467  1.3655  5.9009
240 624 -0.0627 -0.2220  6.9703
272 624  0.0494 -0.1799 10.7692
304 624 -20.4277 -0.0198  9.7114
336 624 23.7068 13.7571  5.7094
368 624  0.4958 15.8333  5.6827
400 624 -0.1464 -0.0039  7.4278
432 624 -3.0844 -14.0983  6.8815
464 624 -20.6686  3.8863  8.2302
496 624  9.0373 -1.9850  8.0230
528 624 14.9864 -12.1660  7.7042
560 624 -17.7512  8.3416  8.6335
592 624 23.6498 -0.1927  7.5436
624 624 12.2873 -0.1170  6.5360
656 624  0.2886  0.2153  6.8209
688 624 17.5038 22.6669  8.2943
720 624 19.7986  0.2194  5.2031
752 624 19.0098 10.3133  8.9252
784 624 -15.4476  1.8597  7.2472
816 624 -2.1321 18.0940 10.0797
848 624  8.4653 24.3537  5.3195
880 624 24.0650 -13.6937  8.7487
912 624 -10.0956  0.3785  7.3645
944 624 -13.5163 10.0347  7.8327
976 624 -5.2031  4.7118 12.3652
1008 624 -17.9044  4.4233  8.0149
1040 624  7.8636 17.6690  7.0150
1072 624 -6.7882  0.4297  7.3083
1104 624  1.4080 -7.9528  9.5446
1136 624 -0.1490 -0.2042  6.3620
1168 624 -11.9302 -2.8621  6.1230
1200 624 -25.6485 -15.7492  9.2574
1232 624 -10.8052 -8.6768  6.1087
1264 624  0.0634 -0.2064  6.2923
1296 624 -0.0311  0.2419 11.0346
1328 624 -0.1657  6.1730  5.2088
1360 624 -0.1507 -5.5977  6.5301
1392 624 -0.1173 -0.0393  8.4093
1424 624  0.0837 -0.6647  6.3329
1456 624 -0.1050 -3.6263  6.2487
1488 624 -18.9060 -14.9530  8.6216
1520 624  0.1430  0.2820  7.3575
 16 656 -19.5279  4.4471  5.5210
 48 656 -0.2143  2.8508  6.7893
 80 656  7.8689 -0.3215  6.8177
112 656  8.0469 -14.5758  5.2912
144 656 13.0418 -1.3721 10.0399
176 656 11.1348 -4.5459  6.0647
208 656 20.5704  0.1413  6.2650
240 656 -3.2347 -0.0642  7.7309
272 656 -8.3976 -0.3411  6.0659
304 656 -0.0800  0.0405 16.7830
336 656 -0.4345 20.8159  7.2955
368 656 20.1245 14.7306  5.8459
400 656  0.1801  4.7951  9.1825
432 656  0.4019  6.8588  8.3242
464 656  0.3719 21.6707  6.0440
496 656 -21.8784  9.6641  9.9980
528 656  7.6428 -2.6556  7.4500
560 656 -7.7799 -0.2196 10.1703
592 656 -11.9273  5.7930  4.5428
624 656 12.4898 -4.7098  6.0130
656 656 -0.3142 -11.7639  6.2502
688 656 15.5545 -4.8028  7.3840
720 656  8.3797 -0.2729  5.1699
752 656 16.0685 -0.6084  6.6896
784 656 -13.9112 -4.7957  6.5315
816 656 -0.0048  1.8820 10.2483
848 656 -7.7687  0.9892  7.8252
880 656  0.7874 -4.0441 11.2922
912 656  7.8893  5.0779  4.9875
944 656 -12.4217 15.4323  7.0231
976 656  0.2301 -0.0601  6.0104
1008 656  6.1288  9.0571  6.2920
1040 656  0.0055 -7.2491  8.0661
1072 656 -12.7093  0.1351  6.3024
1104 656  0.1644 -13.4303  9.3646
1136 656 24.8132 -7.4463 22.0231
1168 656 -12.3641 -6.2392  6.3261
1200 656 -20.3124 -2.2471  6.1612
1232 656  1.2445  1.9653  5.1323
1264 656  0.1661  7.9915  8.5338
1296 656  0.0480 -3.3985  5.5972
1328 656 -0.1247 -15.9726  8.3667
1360 656  0.1971  0.3081 10.4968
1392 656 -7.9207 -0.1941  6.7251
1424 656  0.2591 -0.1817  8.2151
1456 656 -7.9321 -14.2405  6.6987
1488 656 -5.2997  0.1186  7.1357
1520 656 -4.5000 -12.7074  5.6510
 16 688 -12.7470 15.1438  7.4303
 48 688 -0.2929 -0.0173  8.4219
 80 688  5.3684 -0.0082  6.5967
112 688 13.7873 21.2023  4.3646
144 688 10.2903 -0.0348  6.7322
176 688 -1.3452 -0.2359  8.3390
208 688 15.6325  0.2849  5.8322
240 688 17.1058 -0.2488  6.2445
272 688  8.9835 -7.2879  6.2207
304 688  0.2423  0.8550 10.9592
336 688  5.3951 21.2466 10.4656
368 688 -0.2110 -1.9245  9.3863
400 688  0.1272  0.0741  7.2274
432 688  0.4038  3.8448  6.3003
464 688 -0.0764  7.9339  6.5592
496 688 -0.4143  6.8228  7.0328
528 688  6.3999 21.7855  8.9836
560 688 -18.3741  3.1545  5.9414
592 688 -14.5198 -20.7229  9.3078
624 688 16.1239 -17.2075  8.8894
656 688 -3.9732 -18.0174  7.9173
688 688 12.8819 -5.2928  8.6071
720 688 20.6503 -13.4496  9.3025
752 688 -4.4441 -19.8920  4.6832
784 688 -0.2098 -0.3428  7.2687
816 688  0.0846 -2.1535  5.3973
848 688  1.2304 -12.1355  7.0569
880 688 -2.2972  1.7143  4.5451
912 688  0.0429 -1.3764  6.1217
944 688 -8.1498  1.5629  7.2125
976 688 -0.2929 -1.0248  6.8864
1008 688 -15.9026 -3.5820  5.8376
1040 688 20.5879 -8.8400  5.6260
1072 688 -4.1371 -0.4226  6.0665
1104 688 24.0707  6.4775  8.9231
1136 688  0.9469 -0.4167  7.2141
1168 688  4.1499 -23.3867  4.9436
1200 688 -0.1627  0.2058  6.1026
1232 688  3.4595 10.6464  5.2258
1264 688 -0.1248 -3.9192 14.7203
1296 688 -2.9342 10.9345  7.2815
1328 688 -0.3006  9.8936  5.2368
1360 688  0.0458 -0.0299 10.4308
1392 688 -9.9871 -9.4715  4.6342
1424 688 -0.2198 -0.3200  8.4240
1456 688 -0.3082 -1.2054 13.5203
1488 688 -10.6828 -4.8258  8.4174
1520 688 -0.0597 17.7402  5.5339
 16 720 -8.1262 17.9524  7.8407
 48 720 -2.4594  0.0765  5.1248
 80 720 -0.2178 22.4254  7.7354
112 720 -21.2362 24.0554  6.5922
144 720 13.8840 -0.1101  6.4128
176 720 -21.2885 -1.6429  7.2313
208 720 19.6271 -10.8335  6.7125
240 720  9.7157 -3.2507  5.0810
272 720  0.0831 -13.7226  5.3225
304 720 20.7066 -16.5292  3.9977
336 720  2.7606 -4.2914  5.5896
368 720 -0.1198 -5.6368  6.9313
400 720 -9.1176 -10.6936  9.0623
432 720  2.4367 -7.9181  6.6888
464 720  7.1476 -0.1991  6.4924
496 720 -3.2615 24.6526 11.3065
528 720 -7.7095  0.0625 10.7701
560 720 -4.2490  0.4807  5.7390
592 720  0.1636  7.5506  5.6639
624 720  0.6097 -0.1801  5.0004
656 720  3.3639 -11.6865  6.4725
688 720  1.3573 -0.1690  5.6952
720 720 -2.1084 -13.4280  7.5223
752 720 15.5977 -20.3233  9.1352
784 720 -12.4973 -15.9017  5.5658
816 720  4.5322 16.1194  7.0911
848 720  6.7588 -3.1625  4.0734
880 720  4.7653 -9.8475  7.4589
912 720 -2.9180 -6.2068  6.6472
944 720 -23.7485 -5.2505  6.7544
976 720 -4.5534  0.1688  5.8220
1008 720 -18.2099 -0.1115  6.3451
1040 720  7.1874 -1.2843  4.8714
1072 720 -0.0678 13.9301  6.0976
1104 720  7.4504  4.5155  7.2680
1136 720 -0.4490 -13.6449  4.3975
1168 720 -2.8209  3.4664  4.2092
1200 720 -0.5164 -0.0733  6.8126
1232 720 -0.3489  0.0688  7.5206
1264 720 -0.0551 -0.2709  7.8036
1296 720  0.1557  0.0064  7.1147
1328 720  0.2776 18.1333  6.3288
1360 720 -0.1443  0.3151  5.5118
1392 720  5.3522  1.2638  6.5426
1424 720  0.1445 -18.5749  5.8483
1456 720 -0.3066  1.4336  6.0468
1488 720 -6.9427  0.0217  7.3232
1520 720  7.8522  0.1346  6.1609
 16 752 17.9684 -16.5433  5.3792
 48 752  2.6655 -8.4738  5.4375
 80 752  0.1038 -0.0246  7.5316
112 752  0.2367 -13.2119  6.3824
144 752 -3.1483 -14.3820  8.9247
176 752 -0.3771 -7.7938  7.6839
208 752  3.9477  0.3595 14.5036
240 752 15.6700 -4.7969  5.2659
272 752 17.4579 -23.2466 11.0730
304 752  6.2947 -0.0070  5.8577
336 752 23.8884 -22.6833  4.9249
368 752  0.1235 -13.7470  7.8707
400 752 -15.4404  0.2018  8.3999
432 752 -16.0862  3.3132  7.1738
464 752 18.3584 -15.4481  7.4685
496 752  4.2276  0.0333  9.5783
528 752  3.0459 -7.5287  5.4811
560 752 -18.0476 -0.2611  8.1347
592 752  0.0841  5.3652  7.7016
624 752 -13.2762 19.2190  8.9773
656 752  6.0196  9.6435  9.0244
688 752  0.1736  2.8264  8.1477
720 752 -0.1801 -0.0995  5.4326
752 752 -0.2426 -2.1415  5.1482
784 752 -1.6951 -0.6750  8.2369
816 752 14.3500 -24.1663 18.0090
848 752  7.9229 -10.7663  9.4251
880 752  6.1529  0.2859  5.9591
912 752 21.9698 -4.0841 10.2706
944 752 -0.1771 15.9151 12.0952
976 752 -5.7882 -0.8445  5.6739
1008 752 -16.3610  0.2638  4.9319
1040 752 -0.0489  1.2218  4.3715
1072 752  0.2257 -0.2432  8.7759
1104 752  0.3578 -0.4533 10.2388
1136 752 22.3397 -20.4065  7.2548
1168 752  0.6686 -0.7178  6.3943
1200 752 -4.5536 -4.6362  6.6999
1232 752 -0.2337 -4.3884  8.4597
1264 752 -0.3284 -1.8385  7.4407
1296 752  0.2489 14.9479  9.3172
1328 752  0.0444  0.0480  9.7167
1360 752 -0.0164  0.3624  8.8665
1392 752 -0.1174 -0.0935  8.4306
1424 752 -0.0964  4.0140  8.5034
1456 752 -1.3128  2.0472  4.9477
1488 752 -3.2879 -9.7307  7.9360
1520 752 15.2504 -10.1135  6.2149
 16 784 -0.3456 -21.0770  6.3754
 48 784 16.4986 -16.3374  6.7707
 80 784  0.0849 -11.7518  9.6592
112 784 -22.7563 -6.1329  7.5718
144 784 -7.4428 -13.5903  9.2570
176 784 -0.0200  0.0665  6.8842
208 784 -0.1278  0.4081  4.3664
240 784  2.8770 -10.9816  6.9494
272 784 -2.5907 -0.1260  8.5942
304 784 -0.3063 -19.4461  8.4686
336 784 18.6434 -10.7227  8.2057
368 784  7.5137 -5.0887  4.8006
400 784 -1.5570  0.0771  6.8826
432 784 -12.6477  0.4322 10.5754
464 784 -3.2614  0.3563  9.4123
496 784  0.1886  0.1701 10.3535
528 784  5.1286  0.3963  9.4232
560 784 -6.0826 -4.6299  8.0695
592 784 -13.5635  6.3949  7.6084
624 784  1.8054  2.2245  6.0529
656 784 -11.7605 13.1089  9.0910
688 784  0.2433  3.0255  5.2005
720 784 -0.1113  5.0441  5.3891
752 784  9.5655 -7.7073  7.6932
784 784  1.7449 10.7079  4.9572
816 784  0.6315  1.7780  5.2382
848 784 -0.9665 -0.0302  7.7784
880 784 11.1155 -0.1252  6.0439
912 784  0.0573 -11.2151 10.2643
944 784 -10.2299 -0.2103  6.9591
976 784 -0.0076 -0.1039  5.9868
1008 784 -10.8503  0.2813  4.9224
1040 784 -0.2991 10.5739  6.2612
1072 784 19.1904  0.1185  6.7176
1104 784 -0.9958 14.3918  4.5774
1136 784 17.7870 16.9921 10.4880
1168 784  5.4913 -8.0347  6.1867
1200 784 -0.0020 -1.9338  5.6011
1232 784 -0.0615 -0.4780  7.6237
1264 784 -0.3081  0.1127  6.7964
1296 784 -0.0996 -2.5978  6.8166
1328 784 -0.0126 -0.0364  7.8450
1360 784 -0.3311 17.9254  8.2492
1392 784  0.1299  0.4443  8.5384
1424 784 -0.0928  8.1952  9.2723
1456 784  0.0648 12.3242  7.5104
1488 784  1.8333 18.1656  6.1065
1520 784  0.4437 22.6714  7.8353
 16 816 -6.3331  2.9250  6.0613
 48 816 -0.1271 -19.6195  7.2062
 80 816  0.0047 -8.2293  9.8740
112 816 -12.5904 -4.0530  7.4242
144 816 -14.7773 -0.0781  5.6932
176 816  0.3041  1.4077  6.4307
208 816 10.9732 -6.0233  9.7183
240 816 -0.4098 -3.8177  6.8570
272 816  1.9277 -9.8878  5.7361
304 816 -0.4313  0.0236  7.8271
336 816 25.6848  2.5956  5.4043
368 816  0.0460 13.1537  4.9928
400 816  1.8614  0.1897  4.3339
432 816 -0.1365  0.2816  8.4763
464 816 -7.9465  0.0607 12.8780
496 816  9.8033 -5.2452  6.6248
528 816  0.2299 -0.0956  5.4630
560 816 -0.3698  0.2898 10.5617
592 816 -0.6674 14.0951  7.0324
624 816  6.4896 -11.3147  7.7489
656 816 -7.2292 -0.1829  6.9328
688 816 -2.8543  3.1856  4.8062
720 816 -8.5978 -0.3667  5.9845
752 816 -9.2530 22.5695  7.9410
784 816 -1.6458  1.0776  4.7106
816 816  6.4427  1.6799  6.6139
848 816 -11.6896 -0.2132  6.2345
880 816 -12.0193 21.2057 17.1324
912 816  2.5121 -1.8953 15.8019
944 816 21.2951 -7.5625  6.5540
976 816 -0.2390 -0.0939  6.8492
1008 816 -0.2360  3.0726  4.5681
1040 816 -0.3797  1.2023  5.1892
1072 816 12.9241 25.4284  6.8589
1104 816  2.8366 -4.3140  6.8661
1136 816 -3.1914  4.6718  6.9795
1168 816  9.2645 -12.0576  6.4598
1200 816  0.2087 -1.5394  7.8520
1232 816  0.1477  0.1319  8.3573
1264 816  3.2006 -2.9771  7.1780
1296 816 -0.0899  0.4839  9.9953
1328 816 -5.3148 -18.7286  6.3721
1360 816  0.3566 -5.2369  8.9126
1392 816  0.1686 -0.3028  6.7112
1424 816  0.1938 -0.0232  8.9823
1456 816  0.4578  0.0370  9.7948
1488 816  0.2227  0.0052 11.2367
1520 816  0.0158  0.0662 10.4612
 16 848 -0.4449 16.2343  6.7260
 48 848 -0.3185 19.3315  7.1838
 80 848  2.7520 11.7258  6.0373
112 848  0.3507 11.4477  5.5330
144 848  0.1157  0.5984  8.3995
176 848 -12.8256 13.1360  8.1344
208 848 15.7471 21.8252  9.0510
240 848 -4.1726 -3.7662  4.9512
272 848  8.4442  2.0617  6.1189
304 848 -0.1740 -0.4951  4.7700
336 848  7.8531  1.9120  6.7506
368 848  4.8543 -14.5576  4.5664
400 848  0.2902 -0.2337  5.1614
432 848 -4.0046 -0.5316  5.0331
464 848  6.9021  0.2151  5.7033
496 848 11.2306  0.0465  6.1696
528 848  0.2346 -14.4566  7.7954
560 848  3.4053 15.8343  5.3438
592 848  1.5371  0.2081 11.5512
624 848  0.0537 -0.0807  4.9839
656 848 -0.0068 -9.9807  6.5391
688 848  1.4081  0.9032  5.5039
720 848 -11.5373 -1.8451  5.4498
752 848 -13.7756 -2.8451  7.8040
784 848  3.3670 15.2806  6.2249
816 848 -4.0249  0.6632  7.1998
848 848 -4.9671 -3.9469 11.9311
880 848 -14.9978 -1.7318  5.9262
912 848  0.3386  8.8251  9.4606
944 848 -0.1351  6.9071  9.9949
976 848  0.3188 23.7587 10.2893
1008 848 -6.8057 -13.1075  4.3395
1040 848  0.0916 -0.4688  8.9421
1072 848 -10.7439 10.6436 13.8678
1104 848 16.9318 -17.3030  6.1913
1136 848 -0.0037 -0.5319  8.8024
1168 848  0.3027  0.3845 11.4770
1200 848 -0.4233  0.2704  4.6270
1232 848  0.2037  8.0085  6.6679
1264 848  0.1633 -3.5784  9.3789
1296 848  0.0512 -0.0711  8.1814
1328 848 -0.2905 -0.1902  5.8198
1360 848  0.2163 -3.0144 10.1275
1392 848  3.8697 -3.9150  9.0630
1424 848  0.3840  0.0888  6.1181
1456 848 -0.2543 -0.1205  7.0599
1488 848  0.2826  1.9338  6.4659
1520 848  4.9575  4.2682  6.1758
 16 880 -0.2243 17.5315  5.5236
 48 880 -0.4631 19.7167  8.3697
 80 880  6.6100 -5.5968  5.6678
112 880 13.2791 -0.4143  6.9647
144 880 -5.7075 -0.2514  8.5653
176 880 -6.3249 -0.5341  9.0786
208 880  7.8182 -0.8247 10.7402
240 880  0.0823 -11.2284  8.3059
272 880 -7.0773 12.3352  8.8922
304 880 -6.7766  9.8948  4.2934
336 880  2.9003  1.2418  4.7287
368 880  1.8691 -7.9892  6.4455
400 880 12.0901 -22.1008  6.4323
432 880 -12.0515 -11.8662  7.6427
464 880 14.1944 -8.3490  7.4595
496 880 -14.2709 -15.2590  5.4080
528 880  7.5955  5.6938  6.0048
560 880  9.0895 10.1161  5.9175
592 880 -15.6403 -17.4413  5.4354
624 880 -2.9349  0.3595  5.2438
656 880 -15.8924  2.0660  6.9679
688 880 13.9396 -14.8543  4.6957
720 880 -6.4413  7.1565  6.9588
752 880 -0.7419 -4.5891  5.0145
784 880 -1.3098 -0.8909  5.4705
816 880  0.0422 -0.7547 10.4886
848 880 -9.3702  0.2143 10.1932
880 880 -1.1228 -6.1121  6.8828
912 880  0.1033  6.1181 11.8960
944 880 -0.3032  0.7492  5.3284
976 880 -21.8369  0.2883  6.1336
1008 880 -19.5920 -0.1548  4.9490
1040 880 -0.3707 -0.3888 12.1027
1072 880  2.5684 11.0604 10.3570
1104 880 23.6817 -0.3024  6.5233
1136 880 20.9365 21.9236  7.5647
1168 880 -0.0451  7.8518  4.7806
1200 880  5.0205 -3.2454  6.2734
1232 880 -4.7761 -15.8450  7.6693
1264 880 -15.6641 -8.2286  5.7838
1296 880  1.1221  8.2941  6.7025
1328 880  0.0764  0.0611  8.4715
1360 880  0.4164 -0.3100  6.0563
1392 880 14.2380  0.3687  6.6661
1424 880 -12.2339 -22.2601  6.3744
1456 880 -0.3442 -0.1436  7.4085
1488 880 -12.7493 -7.4337  5.7176
1520 880 -7.8685 -13.1349 10.1306
 16 912 -4.6067  5.9919  7.1915
 48 912  4.5953  2.2659  5.5192
 80 912 -6.0696 -1.0986  6.4573
112 912  3.9309  1.8685  7.7147
144 912 -0.0650  0.3111  9.5297
176 912 -0.2376  6.3836  9.1989
208 912  0.0637 -2.0201  4.7223
240 912  0.4832  6.6671  6.3696
272 912  0.1984 -0.2850  5.4886
304 912  7.5900  6.2968  5.2984
336 912 -10.0592  7.2022  6.7047
368 912  0.2218 -5.4099  5.2252
400 912 -0.3852 -9.7216  5.0810
432 912  4.0412  1.0041  5.7684
464 912  5.7980  4.0224  6.3604
496 912 -0.1301  0.3567  6.3969
528 912 20.6802  2.3364  7.1942
560 912 -12.2525  0.1861  5.0123
592 912 -3.8770  0.5000  5.5258
624 912  0.3920 -0.6466  4.7757
656 912 -15.8066 16.0086  5.9767
688 912  5.1422  0.5159  5.7751
720 912 -3.2040 -3.4924  5.4058
752 912 -0.8958 -0.8860  5.0097
784 912  0.2855  6.4738  4.7382
816 912 -6.5160 -10.3605  7.0913
848 912  7.0686  6.4714  5.0553
880 912 16.2936 -5.9472  5.3753
912 912  0.1775 -12.2563 11.9598
944 912 -0.3935 -6.6512  7.4147
976 912 -15.8308 -10.6581  7.7650
1008 912 -18.0959 -10.8961  5.4732
1040 912 -4.0687 -2.2258 24.8341
1072 912 -0.4346 22.1844  9.4998
1104 912  3.2562 19.8062 17.7160
1136 912 -3.7419 11.2890  4.7723
1168 912 -0.1870 -5.0574  5.4900
1200 912  0.3791  7.7574  6.1538
1232 912 -0.0689 -10.3025 11.3307
1264 912  1.8465  8.0201  7.1426
1296 912  3.7806  1.9642  5.5596
1328 912 12.0336  0.6598  6.7169
1360 912 -0.2754  8.4323  5.9611
1392 912 -0.0155  4.4836 10.2182
1424 912 -8.2188 -3.6601  5.8046
1456 912 -23.7947 -4.1872  8.0837
1488 912 -2.8917 -11.5597  8.5751
1520 912  0.3916 -14.0639  6.9535
 16 944 -3.0723 19.2787  7.3434
 48 944 -12.0229 -11.1827  6.9504
 80 944  6.7677 -21.3996  9.5380
112 944 -8.0847 -9.8726  8.9772
144 944 -0.0203 -0.1209  6.4080
176 944 -0.2510  0.1262  6.8341
208 944 -11.6309  2.0172  6.5065
240 944  2.6685 -5.8109  5.4869
272 944 -7.0938 -5.9609  6.4130
304 944 -22.2444  6.8194  6.5664
336 944  0.0060 -10.2797  6.0568
368 944  8.1597  0.1162  5.4821
400 944 -3.0129  2.3514  5.8955
432 944 -0.2932 -3.0198  5.3294
464 944  0.0760  7.8600  4.8506
496 944  3.8502 -7.9388  6.1121
528 944 12.3154 -20.0644  6.0436
560 944  4.0168 -2.7070  5.4805
592 944 -7.1270 -0.0895  4.1378
624 944  3.8324 -12.5319  5.1257
656 944 10.5863  7.7962  6.0829
688 944 -14.0221 -2.1995  4.4204
720 944  3.9689  6.1998  4.9052
752 944 -7.3720  1.6604  5.3795
784 944 10.1714  1.1116  7.8434
816 944 -1.0984 -3.4519  5.5312
848 944  5.3830 -0.2016  5.6224
880 944  0.0367  0.0097  5.5211
912 944  5.1061 -18.4482  5.0303
944 944 -0.0831 -0.4186  9.5908
976 944  0.3062  0.1198  5.9482
1008 944 -6.2699 -10.3743  7.8543
1040 944  1.2077 -17.7524  8.8525
1072 944 -0.9992 -10.9281  8.0969
1104 944  1.3285 -0.3561  7.7230
1136 944 -0.2174 -0.0482  6.8734
1168 944 -0.1805  0.1143  5.1386
1200 944 -0.3146 -1.9636  9.4002
1232 944 -7.7607 -19.0172  5.2677
1264 944  0.3417 14.6622  6.3273
1296 944  0.2422  3.3718  5.1100
1328 944  4.6672 -3.1921  6.2102
1360 944 -8.3207 -0.2361  5.8187
1392 944  0.1694 -4.0449  6.4711
1424 944 -0.3564 -5.9801  5.8606
1456 944 -10.9665 20.5679  8.4180
1488 944 -14.3187 15.7638  5.9831
1520 944  4.1854  6.4319  7.5475
 16 976 -23.2339 -0.6718  8.3459
 48 976 -7.6235 -25.6981  7.4880
 80 976  5.3115  0.8698  5.2978
112 976 -2.0228 16.7805  8.7367
144 976  0.2093  1.8833  8.8188
176 976  1.8517 -0.4564  6.2541
208 976 -18.8857 -12.6926  6.6079
240 976 -6.2900  0.1335  6.6189
272 976 -0.3971 -0.1653  4.5175
304 976 -8.8858 -0.4861  6.8635
336 976 -6.9738  0.4663  5.6993
368 976 11.9961  2.6869  6.5167
400 976 -1.4564  0.0846  7.1455
432 976  3.1670  0.2706  5.5872
464 976  2.7539 -0.7699  4.8707
496 976 -6.1460  8.7783  5.3060
528 976 -0.1915 -4.9309  5.1803
560 976 -0.7606  0.2303  5.0258
592 976 -0.1489  2.0772  6.1375
624 976 -0.6633 -0.8798  5.3712
656 976  0.2603 -0.2444  5.7278
688 976 -0.2453  0.0247  6.7506
720 976 -3.1574 -1.9306  5.3866
752 976  2.9280 -3.3492  4.4666
784 976  0.1515 -5.2361  4.8602
816 976 -2.5781 -7.6956  6.3432
848 976 -19.5117 -7.0978  7.4722
880 976 -0.0417  0.1418  5.9185
912 976  0.0549  1.4524  5.5250
944 976  0.2475  0.4396  6.3881
976 976 -14.2982 -9.6543 10.3893
1008 976 -13.2439 -3.4329 10.0711
1040 976  0.8945  1.8065  5.2344
1072 976  4.6720  0.3857 14.1990
1104 976 -25.7519  5.8183  9.7719
1136 976  6.5000 -0.2547  5.1012
1168 976  3.4005 -0.0347  4.3401
1200 976 -0.1804 -23.9078  6.0070
1232 976 -0.1578  6.3544  6.5935
1264 976 -0.2612 -16.7560  9.2284
1296 976  0.4327 -15.8896  8.4139
1328 976  5.5342 -2.1912  7.0841
1360 976 -0.0507  0.0705  6.3425
1392 976 -0.1596  0.1599  5.5682
1424 976  0.3279 13.6787  7.5753
1456 976  7.6532 10.6605  6.9247
1488 976 -23.5439  6.0571  6.9280
1520 976  0.1122  0.3358  9.5651
 16 1008  0.3088 -18.3592  8.1319
 48 1008 -21.0669 -9.0000  6.6071
 80 1008  3.7273 -14.1585  7.1321
112 1008 22.3087 -15.9870  8.5627
144 1008 -0.4149 -14.0397  5.1701
176 1008  3.6587 -22.9645  5.4905
208 1008 -3.7663  2.8886  5.5383
240 1008 -16.3616  6.2291  6.4311
272 1008 17.8385 22.0194 12.4763
304 1008 -12.6347 18.8200  8.3373
336 1008 -1.5889 -1.4379  9.6710
368 1008 21.8928  0.3241  6.0841
400 1008  4.2338 -0.0655  5.9409
432 1008  1.0637 -5.0025  5.3589
464 1008 -2.0163 -16.4118  5.1885
496 1008 -0.2577 -2.3854  6.0702
528 1008 13.0778  1.8317  6.5335
560 1008  2.0294 -6.1714  4.6726
592 1008 -4.8575  1.9824  6.0868
624 1008  3.4296 -1.9766  8.0591
656 1008 -0.8260 -7.9444  6.2087
688 1008 -0.9334 -3.7122  5.2991
720 1008 -13.0507  2.8883  5.4655
752 1008 -8.6408 -3.8161  5.6221
784 1008 -3.5720  1.8572  5.9632
816 1008 -7.8315  6.8266  4.9193
848 1008 -0.0433  1.8181  4.6622
880 1008 -0.1399  0.3611  5.8089
912 1008  0.4041  0.0405 10.4054
944 1008  0.0713  5.0636  7.4943
976 1008  0.7423 18.4082  8.3002
1008 1008 -25.9273  4.7582  7.6158
1040 1008  0.3940 -2.6969  7.5920
1072 1008 -22.8319 -15.0975  9.6899
1104 1008  0.0909 -2.3032  4.9011
1136 1008 -2.8627  0.0653  6.1385
1168 1008  3.1251  7.7826  4.7112
1200 1008 -0.3385 16.0298  5.2940
1232 1008  0.0402 -9.6524  9.3428
1264 1008 -1.0539 -16.0595  6.0452
1296 1008 17.6562 -9.6377  6.2164
1328 1008 18.5000 -3.6893  7.2989
1360 1008 -0.2332 -5.7320  7.9966
1392 1008 18.4204 -7.7779 10.3529
1424 1008  0.0023 -12.1579 10.7823
1456 1008 -0.2173  0.1142  7.6450
1488 1008 -23.7470 -20.9907  8.4439
1520 1008  0.0119 -0.3083  7.7603
 16 1040 -0.1126 13.9683  6.2629
 48 1040 -4.5820 13.0553  7.3330
 80 1040 -2.5584  4.8560  7.8246
112 1040 -16.3703 -26.4400  8.9007
144 1040 -11.7864 -5.7406  6.1103
176 1040 -0.1349 -15.9330  6.3281
208 1040 21.6037  2.2714  7.0146
240 1040 -16.4482  4.8671  7.1790
272 1040 -0.1452 -9.7388  9.5190
304 1040 -4.8936 -6.9321  5.9136
336 1040 -0.4149  1.8992 14.3217
368 1040  6.0184 -21.0367  7.0918
400 1040  0.3689 -5.2844  4.4836
432 1040  0.2810  1.9845  5.6778
464 1040 -2.4958  2.1531  4.8612
496 1040 -8.4100  7.2173  5.3746
528 1040 -0.2034  6.6646  5.9090
560 1040 -0.4679  9.1880  6.6802
592 1040  0.3380  7.1148  5.1576
624 1040 -10.1327  5.0035  5.3898
656 1040 -7.9665 -3.8003  4.3208
688 1040 -0.1165  0.1245  5.2464
720 1040 -3.0717 -3.0228  4.0852
752 1040  1.1258  4.5105  5.1615
784 1040  5.7914  0.3719  4.0816
816 1040 -1.8955 -10.1485  5.8944
848 1040 -0.5937  3.8455  4.9854
880 1040 -0.1610 -0.1446  5.5765
912 1040  1.5970 -2.9329 11.9695
944 1040 -22.7724 -1.6607  9.7255
976 1040 -0.0923  0.1354  6.7896
1008 1040  1.0182  5.4522  9.6815
1040 1040 -22.3487 -4.9723  6.9462
1072 1040  4.1122  7.2047  7.4993
1104 1040  0.9498 -1.3569  5.7456
1136 1040 -0.3359  0.3975  6.4572
1168 1040 -0.1236 -4.6993  5.1392
1200 1040 -0.3390 -4.7058  6.9778
1232 1040 -0.1153  0.2101  9.3011
1264 1040  0.4234 -0.0407  5.9189
1296 1040 -6.0263 -15.8262  6.6733
1328 1040 26.6347  3.6352  6.4234
1360 1040 -3.8563  7.7118  5.7462
1392 1040 -0.2114 -0.0014  6.0495
1424 1040 -0.0097 -5.9257 10.0144
1456 1040  8.0844 -17.7366  9.3524
1488 1040  0.1799 -7.1112  6.7238
1520 1040 -8.2947  9.1163  5.8846
 16 1072  0.2073 -3.4656  5.3451
 48 1072  6.0645  3.2803  9.9677
 80 1072 -16.9730 -13.4766  9.0516
112 1072 -20.7957 -11.6012  6.6174
144 1072  0.1894 -18.7939  6.1388
176 1072  4.2000 -18.0169 13.1916
208 1072 19.6588 -7.1915  5.3134
240 1072  7.1150 -7.3381 10.1520
272 1072 -3.1790 15.0325  6.9018
304 1072 -0.6595  0.4171  7.7098
336 1072 -19.9556 -20.6961 12.4811
368 1072 -16.1871 -18.9410  4.7173
400 1072 12.8787  0.1218  7.4942
432 1072  0.0920  8.1594  5.9303
464 1072  2.3933  5.2178  3.9884
496 1072 -2.0770 -2.8492  4.7868
528 1072 -2.7203 -1.2097  5.1520
560 1072 15.9041  5.7466  5.9147
592 1072 -1.9409  9.0658  5.8901
624 1072 -6.2359 -4.2310  5.4476
656 1072 -2.2879  8.8975  7.1411
688 1072  3.5648  1.5349  5.5328
720 1072 -2.3307  0.0377  4.7016
752 1072 -0.0390 -0.2112  4.8728
784 1072  0.0813 -2.2066  4.7872
816 1072 -0.1163 -0.0196  6.0275
848 1072 -0.0440 -2.1353  5.8592
880 1072  0.0423  4.3322  6.6255
912 1072  0.0102 -0.7292  4.7144
944 1072 -0.1984 -2.2624  7.9548
976 1072  4.8638  4.1286  6.7415
1008 1072 -6.1112  1.2367  6.7997
1040 1072 -7.8005 -4.5424  4.9455
1072 1072  0.0449 -3.6722  5.6718
1104 1072  0.0158 -3.9543  3.9831
1136 1072  0.0676 -0.3482  5.6196
1168 1072  4.5742 -1.9540  9.4208
1200 1072  6.6715 19.0737  6.9625
1232 1072 -9.3800 15.5248  9.8077
1264 1072 -4.2915 21.8801 10.9817
1296 1072 -7.9597  5.1425  8.7473
1328 1072  0.1555 15.8988  8.6926
1360 1072 15.5736 -23.7575  7.6769
1392 1072 -0.1095 -20.1915 10.0232
1424 1072  0.2084 -7.1729  7.7988
1456 1072 -13.2379 -21.9507  7.8348
1488 1072 -0.0985 -14.0360  8.3020
1520 1072 -0.3399 -2.5573  8.1440
 16 1104  0.0552 -0.2324  7.2566
 48 1104 -0.3074 -4.9019 11.8984
 80 1104 -4.7245  0.0308 14.6462
112 1104 -5.7703  4.8411  7.4674
144 1104  0.2628  4.8039  5.7883
176 1104  6.2125 -1.9206  6.9736
208 1104  0.2397 -0.0213 11.2607
240 1104 -0.3580  5.4975  6.4653
272 1104  4.0995 10.5893  7.2642
304 1104 -17.8519 20.2235 13.2070
336 1104 -8.2596 11.1504  7.5473
368 1104 -10.7483 11.9818  5.1453
400 1104  0.1868 -0.1013  7.7860
432 1104  7.1264  3.0468  7.2878
464 1104  0.0480 -2.7293  5.0479
496 1104 -5.3177 -0.0969  6.1059
528 1104  2.8136  2.6076  5.2429
560 1104 -17.5348 -12.6862  7.6324
592 1104 -0.5257 -9.1016  6.1358
624 1104  4.7467 -0.8887  4.7238
656 1104 -0.2261 -6.9871  6.6140
688 1104 -9.7086  1.0436  7.4287
720 1104 -3.1869 -0.1961  7.6752
752 1104 10.6432 -15.0167  6.9402
784 1104  1.7954 -7.8606  8.4970
816 1104 -0.0827 -6.7127  4.8672
848 1104  0.9444 -0.0533  7.0697
880 1104 -0.0118  2.7240  5.7154
912 1104  0.2015 -3.4570  5.0853
944 1104 -6.7910 -6.8971  5.5986
976 1104 -7.0724 -15.9689  5.7656
1008 1104 -6.5170 -7.9711  5.9257
1040 1104 -0.4448 -23.6953  6.6896
1072 1104  4.6261 -12.4217  5.3499
1104 1104 11.2403 12.7372  5.7167
1136 1104 -0.6627 -0.8630  8.0315
1168 1104  7.8978 19.1905 12.7863
1200 1104 13.0943 19.7564 10.5007
1232 1104 -10.3859 15.4356  7.8770
1264 1104 -13.8620  2.5563  8.1893
1296 1104  0.2365 -1.1619  7.3316
1328 1104  9.3702  3.2036  6.5209
1360 1104 -0.2885  6.9883  5.4818
1392 1104 14.4190  0.0860  5.7996
1424 1104 20.5613 -10.7114  8.2451
1456 1104  5.0664 -0.0360  7.1108
1488 1104  0.0215  0.1181  6.5652
1520 1104 15.6550  7.8548  5.1225
 16 1136 -14.8248 -2.1202  7.0207
 48 1136 -0.3390 11.2711  8.4570
 80 1136  0.1752 -4.3640  6.2883
112 1136  5.4144  6.3446  6.0932
144 1136 -0.0494 -8.3752  4.4158
176 1136 -0.3540  4.9036  5.8178
208 1136  1.9738  1.7030  4.4481
240 1136  0.2902 -0.0943  6.4821
272 1136  0.4154 -0.3397  9.1453
304 1136 -3.1240  0.2516  6.5328
336 1136 -26.3630  0.9804  5.9069
368 1136  0.2986  6.6898  5.9915
400 1136  9.0085 27.8700  6.7988
432 1136  4.1750  9.0016  7.0711
464 1136 -3.0132 -17.1925  8.2004
496 1136 -7.8970 -0.6251  4.8265
528 1136  0.3840  4.9450  5.5875
560 1136 -3.7563 -12.9064  6.0386
592 1136  0.0981  0.1675  5.2031
624 1136 -4.7558 -8.2545 10.4968
656 1136  0.0416  1.8695  5.9112
688 1136 -21.8460  5.4573  5.5264
720 1136 -2.0362 -6.5748  6.0117
752 1136 -0.6334 -1.1526  5.8621
784 1136  0.1814 -5.7232  5.4737
816 1136  0.2873  0.1234  4.7528
848 1136 17.8845  0.0133  7.3184
880 1136  2.6987 -0.0610  4.8584
912 1136  0.9183 -1.7802  5.3004
944 1136 -2.0000  1.3422  5.6487
976 1136  0.1856 -1.1961  5.4399
1008 1136 -22.3698 -10.8482  6.0197
1040 1136 -2.2979  0.1945  5.5611
1072 1136  0.1776 17.9347  3.9235
1104 1136 22.9535  1.8985  5.0674
1136 1136 -15.4228 27.2749 13.5665
1168 1136 -1.1112  0.1154  9.0251
1200 1136 24.3172 -20.4787 10.5063
1232 1136 20.6166 -15.6339  7.0904
1264 1136 -12.4843 14.7438  9.6706
1296 1136 -21.6965  3.0504  8.3248
1328 1136 -9.9608 14.1784  9.5270
1360 1136  0.3682  0.7137  8.5471
1392 1136  0.2996 13.5917  6.2551
1424 1136 11.2617 12.4431  6.5649
1456 1136  0.3240 -8.0609  5.1869
1488 1136  0.3795 -0.2122  7.4520
1520 1136 13.2178 -15.9447  6.3694
 16 1168 -13.0961 16.1155  5.8711
 48 1168 -2.3370  2.6672  8.2295
 80 1168 -0.0810 23.0892  5.1999
112 1168  0.4425 23.0847  8.9583
144 1168 -5.4326  0.1065  5.1344
176 1168 -16.3358  0.1380  9.7911
208 1168 15.6044 -10.2435  9.8499
240 1168  0.0895  0.2036  6.1098
272 1168 19.3206 12.4144  7.3449
304 1168 -1.8285 18.0297  4.5114
336 1168 -11.0327 19.8946  4.2596
368 1168 -28.7476  0.1462  6.3055
400 1168  0.2221 -1.0479  9.0553
432 1168  1.2994 13.8355  5.7545
464 1168 19.4239 17.0451  7.8040
496 1168 -3.2306 -9.0018  6.4663
528 1168  1.2139  4.7137  5.0159
560 1168 -4.2030 -4.9355  5.9435
592 1168  7.3797  3.4317  6.9867
624 1168  3.0174  5.8506  5.5151
656 1168 19.4254 -7.3241  6.5774
688 1168 -23.9655 16.4848  8.9210
720 1168  0.0991 10.8567  7.0249
752 1168 -0.0282  0.0175  5.0220
784 1168 -3.7035  3.6577  5.7445
816 1168 -1.8170  0.0487  4.2323
848 1168 14.3012 -7.9942  7.0849
880 1168  3.0207  0.2103  4.9942
912 1168 -10.3586 -0.8282  4.4263
944 1168  0.1684 -3.9554  7.3487
976 1168  9.0559 -4.0918  6.0544
1008 1168  1.9494 18.3062  9.1853
1040 1168 -5.6722  8.0764 10.9146
1072 1168 -19.8864 -5.1847  7.9229
1104 1168  6.6343 -2.3955  6.3096
1136 1168  7.3325 17.1586 11.4221
1168 1168  9.1107 20.1477  7.9908
1200 1168 -4.0115 -1.7228 12.1099
1232 1168  0.1969 -5.8899  6.9463
1264 1168  8.8094 -9.6998  9.6780
1296 1168 15.8945 -0.3847 14.3960
1328 1168 -0.1535  8.6634  7.1043
1360 1168 -0.0794 -0.0773  8.3693
1392 1168 -1.8464 10.1018  5.9406
1424 1168 15.7544 16.1738  7.5774
1456 1168  0.0065 10.6754  5.9657
1488 1168 -12.1776 22.0350  6.3907
1520 1168 11.1959  8.1150  8.6216
 16 1200 -14.4314 -0.0870  8.4668
 48 1200  0.0683  0.4754  6.2114
 80 1200  0.0288  0.1976  9.1927
112 1200 -14.1280 -1.3596  5.8269
144 1200 -7.3030  7.5761  4.5569
176 1200 -18.6405  7.5501  6.0203
208 1200  9.7601 -13.8245  7.5823
240 1200 17.5640 -15.1946  6.9106
272 1200 -8.3733 -23.7237 14.1213
304 1200 15.2297 -23.8230 10.1773
336 1200  4.9971 -2.2820  5.4811
368 1200 -28.8582  3.6348 15.7282
400 1200  2.6806 15.8381  7.5135
432 1200 -0.3866 -0.1115  6.2833
464 1200 -24.2575 -2.7333  8.9418
496 1200 -27.7132 -0.0780  6.1852
528 1200  7.3236  0.2410  6.7712
560 1200 -5.8529 -10.2877  4.8184
592 1200 -2.2345 -3.1176  5.2687
624 1200  0.0448 11.9546  7.8097
656 1200 19.1096  0.1080  9.5070
688 1200 -13.2800 -0.2734 13.4009
720 1200 -10.7115  0.3697 13.2561
752 1200 -8.2202 18.6823  8.4001
784 1200  1.4399 17.7938  7.1609
816 1200 -15.9535 16.8606  7.0029
848 1200 10.5122 15.8669  5.7127
880 1200 14.7914 -0.1244  5.2402
912 1200 -1.1659 10.2353  4.3966
944 1200 -8.1932  0.7344  5.5828
976 1200  6.8240  9.8953  8.0905
1008 1200 -14.9823 -2.7374  9.6507
1040 1200 -9.5561 12.8136  8.9403
1072 1200 22.6990 -3.5890  5.2363
1104 1200 11.2348 16.7676  5.9109
1136 1200 24.4180  0.1698  7.7808
1168 1200 -0.1205 -0.8417  7.2231
1200 1200  1.6674 -0.0416  5.3492
1232 1200 17.3405 -12.9783  7.7585
1264 1200  0.3830 -0.3223 14.0615
1296 1200 13.9247  6.1433 11.1365
1328 1200 -4.8922  2.9942  8.2718
1360 1200 -1.8720 11.7249 15.1980
1392 1200 -11.2341  1.9874 17.8232
1424 1200  4.2742  2.5484  5.2345
1456 1200  5.7288 17.7028  5.9825
1488 1200 23.8962 -3.2173  6.4024
1520 1200 -7.1685 -16.1398 14.8955
 16 1232 -0.0259 10.9591  3.8394
 48 1232 -0.1940  6.1029  5.8015
 80 1232 -4.8254  0.3369 10.2447
112 1232  0.0765  5.8480  9.2066
144 1232  0.3277 13.1408  5.7869
176 1232 -19.4079 13.7690  5.9913
208 1232 -0.8875 20.4345  8.5861
240 1232 19.1976 -1.4000  5.3028
272 1232 -11.6286  0.4176 10.4624
304 1232 15.5963 -23.9159  5.8490
336 1232 -19.4539 -27.9755  8.3146
368 1232  0.4782  0.1497  5.6547
400 1232  0.2886  0.3640 12.7025
432 1232 -5.7047 -3.0454  6.1046
464 1232 -20.0983 -0.3496  6.5374
496 1232 -0.0134  0.4919  4.1644
528 1232 -15.3193 -16.1837  9.1478
560 1232 -9.1526 -17.6510 15.1847
592 1232 -5.6322 -5.9141 11.8851
624 1232 -0.1943 -0.3239  5.0638
656 1232 10.5210 -4.6394  5.1757
688 1232  4.6910 -22.2545  6.8248
720 1232 -1.6688  3.8164  6.2817
752 1232  2.2356 13.7632  6.4820
784 1232  0.1471 -0.3056  9.8241
816 1232 -13.5893 26.1692 24.1707
848 1232 -12.5495 11.0405  7.8766
880 1232  2.2381 -6.5155  6.6749
912 1232 -5.1794 -3.9547  6.8190
944 1232  3.8897  5.8996  6.5929
976 1232  8.3466 -7.9360  7.3218
1008 1232 -0.4796 -0.6437  7.4720
1040 1232 11.9697 -0.4545  9.3734
1072 1232 -5.2549 19.9680 10.4508
1104 1232 -15.7176 -0.3593  7.1979
1136 1232  9.9175 -9.7062  7.6679
1168 1232 -9.6389 14.4120  7.4059
1200 1232  0.3020 -0.1781  3.8811
1232 1232 -0.3332 -19.7270  6.3013
1264 1232 17.7047 -7.6375  7.7853
1296 1232  1.0792 -0.1385  9.7713
1328 1232  9.8558 -1.0854 13.5709
1360 1232 -24.1602  5.3445  6.8033
1392 1232 -16.1710 -7.7252 11.0820
1424 1232  0.2440 -17.0762  4.7422
1456 1232 -0.7332  5.6358  5.4982
1488 1232  0.1721  3.1697  5.3029
1520 1232 -0.0594  0.2282  6.7184
 16 1264 10.3413 -23.6866  8.7488
 48 1264 -0.0833 -6.7419  5.4368
 80 1264 -0.2779 21.9968  8.7012
112 1264 11.5898 17.7223  6.8328
144 1264 -1.3315 20.0049  7.6029
176 1264 -22.1166 16.2901  9.1317
208 1264  0.1176  0.2867 10.3288
240 1264 -0.3130  2.0811  5.7949
272 1264  8.6336 -4.5365 12.4226
304 1264 16.0461  1.6006  7.7000
336 1264 -5.9229 17.7148  7.6274
368 1264  5.5085  4.9153  7.7923
400 1264  0.2546 -2.3280 13.8534
432 1264 -12.0592 15.7317  7.0435
464 1264 -1.6192 -0.0886  8.0982
496 1264  3.3493  3.8522  5.6425
528 1264 -18.9359 19.0931  5.3554
560 1264  0.0715 -10.1652  8.2585
592 1264  1.6445 -1.0726  6.9220
624 1264 -0.3968 -0.0040 10.5580
656 1264  9.5893  0.2604  8.6692
688 1264 19.4758 -10.8767  7.4943
720 1264  1.3394  0.0084  7.0361
752 1264 -0.2888 -7.6950 10.7873
784 1264 12.2182 -0.1175 12.1636
816 1264 -0.6836  5.4243  8.0433
848 1264  4.8196 -3.9337  7.8213
880 1264  6.4826  0.9522  4.3236
912 1264 -10.0947 25.7045  6.7384
944 1264 -1.5727  0.1392  6.6255
976 1264 -1.5531  5.5820 11.8013
1008 1264  0.0801 -1.1981 29.0605
1040 1264  1.9362  6.2801 12.8955
1072 1264 -0.4044 15.6705  9.4512
1104 1264 -3.8451 19.9773  6.0481
1136 1264 -8.1051 10.3974  8.1283
1168 1264 -6.1960  8.2982  6.9730
1200 1264 -0.2770  0.4960  4.2704
1232 1264 -0.2798  0.4378  7.9820
1264 1264 20.7196 16.0382  5.9474
1296 1264 -0.6151 -6.4858  8.5130
1328 1264  0.9030 -18.7822  6.8092
1360 1264  5.1906 -23.8065 26.7959
1392 1264  0.1000 -0.2201  7.0980
1424 1264 -0.2208  0.1095  5.6297
1456 1264 18.1218 -7.9291  5.3793
1488 1264  0.1926 21.6066 12.4152
1520 1264 -7.5179 20.8736  6.7912
 16 1296 -0.0538 -0.1301  7.2806
 48 1296  7.8682  5.3231  4.5899
 80 1296 19.8295  4.8280  5.2785
112 1296  0.1258 22.4817  7.0081
144 1296 -21.6921 19.7900  6.8496
176 1296 -7.0889 22.4266  7.8375
208 1296 -8.3114  0.2873 12.3839
240 1296 -20.8469 28.2074 14.4665
272 1296  9.1340 20.3506 10.0701
304 1296 16.9361 11.8461  5.3452
336 1296  5.9178 -2.7125 10.4838
368 1296 19.1303  0.2573  5.3561
400 1296 -5.0511  2.5914  4.6072
432 1296 -1.1895  2.5366  9.2577
464 1296 -4.2490  5.5755 10.3984
496 1296 -11.7036  0.0459  5.5628
528 1296 -12.1786  0.0505  6.2487
560 1296 -1.9951 -12.9063  6.9656
592 1296  0.0962 -15.7746  9.1168
624 1296 -0.2939  0.0713 10.5292
656 1296  4.9206 -5.2883  8.4002
688 1296 13.3001  0.3499  5.6214
720 1296 27.6237 -0.1067  6.4853
752 1296  5.5015 -14.7443  4.6090
784 1296 -0.0840 -8.5444  5.2546
816 1296 -5.0910 -3.6790  4.6011
848 1296 -2.6461  2.7280  7.6159
880 1296 -0.0650  4.4855  4.2908
912 1296  6.4832 15.3393  5.9882
944 1296  2.5145  8.1844  5.3954
976 1296 12.2533 16.3034 14.5188
1008 1296  8.0848 17.6335  5.6795
1040 1296 -22.7544  6.0455 14.1077
1072 1296 -0.1726 -3.1614 12.5303
1104 1296 -0.5175  3.6240  8.5594
1136 1296 -23.7069 14.9827 10.0955
1168 1296 -0.1078  0.1500  7.5567
1232 1296 -0.3943 -10.0937  5.3088
1264 1296  0.0903  4.0391  9.5756
1296 1296  0.1723  8.6310  5.9002
1328 1296 -0.4824 10.8245  5.7893
1360 1296  5.5585 -0.0584  5.6131
1392 1296 -0.4531  0.2984  8.1171
1424 1296  0.3520 -11.0209  5.6707
1456 1296  0.4813  0.1390  5.5404
1488 1296  0.3324  0.3960  4.7270
1520 1296  4.1409  2.1555  6.5339
 16 1328 10.2353 -6.0363  4.9621
 48 1328 13.7863 -2.6630  6.5481
 80 1328 -0.2146 -19.2544  9.6098
112 1328 -0.4016 -21.7004  8.8905
144 1328  0.3110 -21.2608  8.6084
176 1328 -2.7528 -14.9710  6.4126
208 1328  5.9479 -2.5862  6.4214
240 1328 10.2382  3.9590  4.8956
272 1328 -20.0214  3.4232  6.1302
304 1328 16.0677 17.6997  8.5426
336 1328  0.2433  4.7254  7.7442
368 1328 -7.6763 -0.0796  4.7377
400 1328  6.6465 -3.9518  7.6029
432 1328  7.2338 -0.1689  6.7399
464 1328 -0.3122  3.9239  8.2219
496 1328 -16.6378  0.0457  8.9062
528 1328  0.0197  0.2509 14.6023
560 1328 -0.3595  0.1394  9.4925
592 1328  3.0076  0.2145  6.9325
624 1328  0.2334  0.2927  6.7065
656 1328 21.7426 18.0543  4.9961
688 1328 11.5077 16.0825  7.4494
720 1328  0.1127 10.5854  6.1868
752 1328 -13.5185 -19.7886  8.1701
784 1328  9.6490 -6.1568  7.4897
816 1328 -12.5070 -4.8686  5.3921
848 1328  0.0789 -0.4399  7.3728
880 1328 -6.7362 15.8429 10.1915
912 1328  5.2524 -0.2361  5.6139
944 1328 -2.5935  0.0302  5.9339
976 1328 17.9944  6.5095  6.8820
1008 1328 -0.2887  0.1691  5.9422
1040 1328 -25.8385 17.5162  7.8406
1072 1328 14.0669  0.2023  8.0779
1104 1328 -11.2371  7.7798  6.0638
1136 1328 -0.0005  2.2906  5.9261
1168 1328 -0.3150  8.4784  6.3422
1200 1328 -0.4933  9.7900  4.8581
1232 1328 17.8393 -0.1938  7.8360
1264 1328  9.9431  2.7646  8.4677
1296 1328  0.0716 17.2518  7.0843
1328 1328 -0.0773  0.2148  8.8356
1360 1328  0.0617 26.7350  6.8711
1392 1328  2.8803 22.5254 10.2387
1424 1328 -0.0570 18.6095  6.3941
1456 1328 -0.2160 14.9637  6.1035
1488 1328 -0.1464 12.2543  5.6647
1520 1328  6.8227 -0.3007  5.1004
 16 1360 14.1230 15.4825  6.2016
 48 1360 13.7609 -0.0106  6.5212
 80 1360 -0.1892 -21.4709 14.9739
112 1360 14.2140 -21.8965  7.0301
144 1360 -12.4609 -20.4025  8.7666
176 1360 15.6750 -1.8267 10.9375
208 1360 -11.4160 -1.2233 10.0389
240 1360  5.4051  5.2672  5.5317
272 1360  4.1469  4.8098  6.7634
304 1360  5.7567 -2.9324  5.7751
336 1360 -3.5540  3.0243  5.2839
368 1360 -5.1414 -4.1557  7.4544
400 1360  4.2819 15.8174  8.5483
432 1360 -0.1234 -0.2812  9.5897
464 1360 -6.6736 -12.7279  8.1129
496 1360  0.4440  8.7869  5.1712
528 1360 -18.8118 -8.4201  6.4927
560 1360 -23.4808 -7.9276  5.8626
592 1360  0.1080  4.8262  7.1742
624 1360  7.6626 -1.0476  5.0692
656 1360 -1.2722 -0.2710  7.4034
688 1360  4.9855 -19.6435  6.1885
720 1360 -7.9842 -20.7050  8.6749
752 1360 -5.1726 -5.0336  8.3182
784 1360 15.7326 -5.6355  5.6359
816 1360 -3.1620  0.2318  5.3716
848 1360 12.0919  0.0388  7.4374
880 1360 -11.7265 -0.4026 13.4435
912 1360  0.0270 -0.1937  5.6155
944 1360 10.0643  0.0925  6.4521
976 1360 23.5353 -18.1292  6.6347
1008 1360 -21.1346 -23.6533 17.3258
1040 1360 10.6513  4.0454  6.4931
1072 1360 -0.2071 -17.4654  5.9123
1104 1360 -14.7552 -0.3571  6.4489
1136 1360 -0.0847 16.3434  6.8445
1168 1360 -8.1734  2.8273  5.0561
1200 1360 -3.6231  0.3584  9.7428
1232 1360 -0.4282  1.2220  8.8018
1264 1360  8.0963 25.7265 11.3095
1296 1360  0.1430 15.4006  6.6806
1328 1360 -0.3362 21.8116  8.4054
1360 1360  0.2163  0.1269  9.3352
1392 1360  0.0752 19.4709  5.4093
1424 1360 -4.8619  0.4334  6.4002
1456 1360 -0.1875  0.0307  9.1307
1488 1360 -13.4045 -17.9741  5.3867
1520 1360 -5.7537  0.2064  5.9794
 16 1392 24.0939 -5.8672  4.7486
 48 1392 -18.9916 -14.1402  7.0912
 80 1392 -0.0351  0.3080 13.5236
112 1392  0.0035  0.2869 11.3069
144 1392 -5.4626 -12.1579  6.1395
176 1392 15.5601  0.0653  7.4520
208 1392 -14.9185 -16.0242  7.8308
240 1392  9.6990 -2.9098 11.8046
272 1392 15.8686 -7.0047  8.8728
304 1392 -9.5944 -0.1389  7.2827
336 1392 -5.3309 -15.6498 10.8721
368 1392  0.2644 -21.7920  5.4974
400 1392 22.7633 -5.8900  5.5003
432 1392 -0.3341 -11.8894  6.4680
464 1392  0.1440 12.6989  8.4443
496 1392  0.0079 -0.1413  7.4126
528 1392 -0.1059  0.2809  8.9613
560 1392 15.0791 11.4202  7.8285
592 1392 -12.6804 11.3924  6.4429
624 1392  5.3034 -11.8334  4.1523
656 1392  3.5948 -0.3583  9.3273
688 1392  0.0860 -22.4062  9.0819
720 1392  0.8477 -9.0000  4.3424
752 1392 -2.8391  1.7360  6.5040
784 1392  3.0374 -0.2825  4.7431
816 1392 20.8890 -0.4167  6.9446
848 1392 -13.3595  7.0482  5.5266
880 1392 -4.0620 -0.2122  4.6746
912 1392 -0.3304 -7.1738  6.1824
944 1392 12.7144 -4.5655  5.6281
976 1392 14.6840 -4.6062  6.1671
1008 1392 -8.8501 -30.1544 19.8495
1040 1392 -0.2582 -22.6913 11.0965
1072 1392 12.8444 21.5638  7.7167
1104 1392 24.8870  7.7178  6.9222
1136 1392 -0.2517  0.4337  5.9840
1168 1392  0.0488  8.2634  4.4686
1200 1392  0.0842 20.3046  7.6543
1232 1392 -4.6224 26.7961 14.6698
1264 1392 22.1466  0.2181  7.9530
1296 1392  2.7028  0.1129  7.2552
1328 1392 -2.9911  5.9385  5.1233
1360 1392 -3.0839 -7.9503  8.2561
1392 1392 -0.1730  0.2368  9.0313
1424 1392 -18.8387  5.9902  4.1474
1456 1392 -18.3826 21.9953  6.5208
1488 1392 -3.4049  0.2853 10.1615
1520 1392  8.7452 -0.0016  7.3572
 16 1424 -8.2535 -24.4321  5.8023
 48 1424 -2.6428 -2.9367  6.2988
 80 1424 -10.0870 -22.7838  8.7204
112 1424 -7.9605 20.8490  8.8577
144 1424 -15.7887  0.0321  6.0946
176 1424 -3.2403 -6.3385  5.4209
208 1424  6.3534  5.1854  6.1711
240 1424  0.0951 -4.3476 18.9233
272 1424 -3.2804 -3.4330  4.2160
304 1424 -0.9029 -15.6040  4.7484
336 1424 10.8713 -2.3285  6.0631
368 1424  0.3680  6.9516  5.8128
400 1424  8.1263 -0.5001  6.2857
432 1424 -0.2739 -0.2852  8.0851
464 1424  0.2857 -0.3526  7.0817
496 1424 -2.5082  0.1414  8.6140
528 1424 -0.2541 18.1253  8.1965
560 1424  0.3043 19.0075  8.1323
592 1424 -14.9026 -17.1370  5.8193
624 1424 -15.5924 -18.1962  8.0345
656 1424  0.4874 -0.3208  6.8104
688 1424 -3.2988 -21.7363  8.6783
720 1424  3.1944 -26.6162  9.5867
752 1424 -2.9162  0.2243  4.8653
784 1424 -2.5756  2.5757  5.4540
816 1424 -7.0601 13.5039  5.9686
848 1424 -2.3678  5.5831  5.9827
880 1424  3.4212 15.1592  8.0638
912 1424 -13.3140 16.1190  5.4604
944 1424 -14.9380 -0.2335  3.9661
976 1424 11.6227 23.6079  8.1502
1008 1424 -0.8787 -19.8057 10.1470
1040 1424  0.9262  0.3217  7.9899
1072 1424 21.6418 -0.0207 10.0827
1104 1424 -0.0134  0.0070 10.2633
1136 1424 -0.1454 -0.1130 11.1207
1168 1424 -0.1754  0.2447  9.1516
1200 1424  0.4428 -0.0204  6.9202
1232 1424 -0.0420 -1.5164 10.4431
1264 1424  0.1087  8.2346  6.5675
1296 1424 -16.3062 -13.5481  5.8880
1328 1424 -0.3431 -25.5179  9.7239
1360 1424 -8.9429 -23.7805 11.5021
1392 1424 -0.0959 -22.4832  8.8239
1424 1424  0.0378 -0.4013 11.2482
1456 1424 -2.0803  0.1956  9.1568
1488 1424 -7.9406 19.5608  6.0448
1520 1424 -8.9662 17.7592  9.5457
 16 1456 -14.3568 -23.9831  6.2066
 48 1456  8.3337 -0.1608  6.6361
 80 1456  0.0135  0.2394  9.6287
112 1456 -4.6183 -0.0434 12.9063
144 1456 15.0983 -1.7169  6.8695
176 1456 -10.8148 -23.1015  7.0443
208 1456  9.5321 -18.1518 10.0521
240 1456  5.1566 -11.8525  7.6034
272 1456  0.3685  0.2817  6.0462
304 1456  0.0112  1.3851  5.3793
336 1456  2.2152 16.2953  8.5303
368 1456  0.2138 18.3297  5.9542
400 1456 -0.1446  8.8274  6.9672
432 1456  0.1241  0.3112  7.8709
464 1456 21.8019  6.1983  7.0396
496 1456 -0.3222  6.6432  7.4276
528 1456  9.2380 19.5231  8.6791
560 1456 -24.3553  0.0257  7.7484
592 1456 -19.1819  5.8661  8.2334
624 1456 17.6693 -10.3575  6.2567
656 1456  4.0832 -0.0376 12.2785
688 1456 -18.7185  0.1407  7.3223
720 1456  4.6258  1.8297  6.4710
752 1456 -1.0394 -4.0809  5.8517
784 1456 -6.3126 -4.4569  7.7685
816 1456 -0.2148 -10.7797  7.4716
848 1456  1.8046 -12.1243  4.9632
880 1456  5.6229 -11.1360  5.9723
912 1456 -3.0569 -0.2591  7.2007
944 1456 -9.8330 -3.0341  5.0260
976 1456 -0.6536  7.8362  9.2733
1008 1456 -2.4383  0.1780 13.9202
1040 1456 -15.1097 14.3904  9.0981
1072 1456  9.9499  0.0877 13.0393
1104 1456 -0.0541 -0.1670  9.4225
1136 1456 -0.1843 -0.0449 10.0766
1168 1456 -0.1043 -0.0952 10.5106
1200 1456 -0.1152  0.0375 10.2704
1232 1456  0.0578 -0.0578 12.1551
1264 1456 -0.2067 -0.0933  6.6585
1296 1456 -0.3163 -15.5764  5.7545
1328 1456 -7.0530 -14.7711  7.2218
1360 1456 -15.9718 -0.2218  9.5998
1392 1456 18.1054 -5.7636  9.3903
1424 1456 -0.3619 -10.1708  6.4940
1456 1456 -1.9683 -0.1250  8.2623
1488 1456 -0.2443  0.0253 11.1886
1520 1456 -15.5717  0.0935  6.7548
 16 1488  0.4541 -6.9881  8.5764
 48 1488  0.4678 -13.8923  6.2271
 80 1488 -0.0230 -10.2780  7.4636
112 1488 -5.4608 -3.5896  6.4199
144 1488  8.2821 17.5963  5.2784
176 1488 -22.9671  0.0434  9.9711
208 1488  0.0000 -8.0363  6.3896
240 1488 20.0955 -15.1117 20.1262
272 1488 -3.3497  1.6162  4.8287
304 1488 -5.3882  3.5361  4.7757
336 1488 16.1139 -20.4791  5.9218
368 1488 10.7518 -15.9604  5.7985
400 1488  4.3174 -0.2598  5.3665
432 1488  0.1642 -0.2116 12.2585
464 1488 18.8030  2.5922  7.5497
496 1488  0.0490 11.5228  5.0176
528 1488  6.4444  0.1471  9.8796
560 1488 -10.8007 10.4377  5.1980
592 1488 -11.4003 19.1062  6.7281
624 1488 10.3862  7.5794  8.1290
656 1488  0.1477 -18.5000  9.1929
688 1488  1.8687 -0.1013  6.9554
720 1488  0.0723 -8.2975  8.4008
752 1488  0.3865  0.0085  5.9165
784 1488 -0.4389  0.1927  6.3331
816 1488 -5.0447 19.1574 10.0631
848 1488 12.1676 -3.6973  6.1893
880 1488  2.2042  0.0525  7.3967
912 1488  3.7373  3.2760  7.8845
944 1488 -8.0267 13.5310  6.2336
976 1488 -11.5217 -4.4485  6.8999
1008 1488 -22.3558  0.2106 13.8563
1040 1488  2.4777 -6.0248  5.6203
1072 1488  8.1061 -22.2183 12.0772
1104 1488 -0.0782 -4.8121  6.9684
1136 1488  0.1587 -0.3570  9.1001
1168 1488  0.0627 -0.2878 11.5461
1200 1488  4.3189 -0.0466 12.1992
1232 1488  0.0195  0.1087 11.9520
1264 1488 -0.0581 -14.3177  6.5753
1296 1488 -0.4583  0.0215 13.5384
1328 1488 -0.0941 -0.0778  9.1813
1360 1488 19.8713  0.1348  9.8240
1392 1488  0.2161  0.0557  7.6751
1424 1488  0.0330 -0.0605  6.7522
1456 1488 -0.3660  0.3804  9.3343
1488 1488 -6.2471 -9.7495  6.2594
1520 1488 -0.4500  6.0891 10.6645
 16 1520 -3.5589 -0.1092  8.6284
 48 1520 -0.2961 -23.3991  6.9814
 80 1520  0.0232 -24.2100  8.5917
112 1520 -2.7341 -5.6673  5.3066
144 1520 15.5589  7.8956  6.6581
176 1520 -19.7805  0.3849 10.0214
208 1520 19.3942 22.3205  7.4393
240 1520 12.5612 -21.7743  5.1607
272 1520  5.1078  1.0755  8.0755
304 1520 14.8038 -3.1787  6.1654
336 1520 -12.2688 -0.4727  8.1693
368 1520  0.1042 -2.9507  5.9980
400 1520  5.1094 -0.0644  6.5302
432 1520  0.2686  5.2053 11.5016
464 1520 16.2164  4.8557 11.1271
496 1520 -20.6762 -19.8622  4.8506
528 1520 10.7619  0.3588  5.2891
560 1520  0.1348 16.0357  9.5124
592 1520 -12.5998  8.2615  6.1398
624 1520 -0.1430 22.9602 11.7148
656 1520 11.3951 14.8610  5.6010
688 1520 -13.9878 11.4353  8.0782
720 1520  1.1486 -10.0411  5.8842
752 1520 -7.2378 -11.5243  4.3526
784 1520 10.9764 -11.3177 11.2018
816 1520 -24.7810 -0.0969  6.8291
848 1520  2.2767  0.0577  5.8602
880 1520  0.9184  0.1729  5.3525
912 1520 15.7686  3.2047  7.0477
944 1520 -10.7528 -12.6746  5.5107
976 1520 11.5913 -23.2274 12.8278
1008 1520  0.0861 25.6977 10.5275
1040 1520  0.6581 25.9764 11.4003
1072 1520 20.9397 -4.7679  6.7151
1104 1520 11.4853 -8.4908  5.7380
1136 1520 11.8131  0.1342  9.4485
1168 1520 -0.3427 -5.2833  7.0792
1200 1520 -2.0978  0.1428  6.5114
1232 1520 -18.7149 -0.0166 10.7075
1264 1520  8.3322  0.1153 12.1862
1296 1520 -19.2581 13.4358 10.7348
1328 1520 14.9869 -0.0509  8.2981
1360 1520  4.7710  0.3928  8.3091
1392 1520  2.0578 -0.0366 10.1805
1424 1520  0.1960 -0.0404  9.9933
1456 1520 -0.9874  0.2060 14.0318
1488 1520 -19.5638 -0.0195  9.8628
1520 1520 -4.3107 12.3034  8.2165
  0   0 -1.5916  0.5320  0.0000
  0   0  0.4937 -25.7086  0.0000
  0   0  1.4930 -33.4642  0.0000
  0   0  2.3441 -19.4571  0.0000
  0   0  5.6375 -4.4408  0.0000
  0   0 -9.4378  7.5230  0.0000
  0   0  7.1377 36.0820  0.0000
