VARIABLES= "X pix", "Y pix", "U pix/dt", "V pix/dt", "CHC", ZONE I=48, J=48
 16  16 -5.9823 -3.1409  5.3683
 48  16  0.0499  4.7322  9.7575
 80  16 15.9413 17.8205  5.4416
112  16 -0.1434  3.7580  7.3289
144  16 -7.4952 -2.6849 11.0797
176  16 -3.6179 -7.0262  7.9643
208  16  3.9026 -1.5527  8.2380
240  16 -11.0719 -19.3217  8.3089
272  16 -25.8599 -23.8309  5.6815
304  16 19.4506 -16.3672 11.6126
336  16 -0.1309 -7.6349  5.7381
368  16 -12.2429 -19.8254  7.1201
400  16 17.8983 -0.2717  7.0532
432  16  0.1417 -0.0271  8.6056
464  16 -0.2331 13.8624  9.1214
496  16 -0.0366  0.3297  9.1756
528  16 -1.7473  0.2658  9.4397
560  16  0.2094 -0.3862  6.1013
592  16 10.4904 -0.1194  8.1008
624  16 11.2797 -5.4753  8.3371
656  16 -0.1835 -0.3525  5.3983
688  16  7.4702 -19.7460  7.7759
720  16 -0.2863 -0.0871  9.5896
752  16  0.6195  0.1899  8.0907
784  16 13.7341 -6.0227  8.2113
816  16  0.0453 -0.3432 10.2470
848  16 -0.0607 -0.1677  9.0650
880  16  0.1122 -14.5014  6.8266
912  16 -14.0353 -13.0473  8.3699
944  16  8.1892 -0.0494  7.9874
976  16 -8.3883  0.0550  9.9889
1008  16 -0.0556 20.4790  6.5869
1040  16 27.5411  0.0827 12.1736
1072  16  1.3618 -0.0503  6.6202
1104  16 25.6043  0.0684 11.1576
1136  16 -12.8505 -15.9894  5.4678
1168  16  2.4411 -20.9354  5.7243
1200  16 -0.3101 -8.4500  6.5828
1232  16 -21.5745 13.9802  7.3949
1264  16 -17.2807 -0.2994  7.9347
1296  16 -12.8801 -18.7007  4.3289
1328  16  0.2070  0.1387  9.3065
1360  16 -0.2477 -0.1632  8.8836
1392  16  0.1536  0.1614 13.9032
1424  16  0.0098 -0.1701  7.1551
1456  16  3.7836  0.3830  7.5272
1488  16  4.1539 12.2026  9.2648
1520  16 17.3646  0.3233  7.0373
 16  48  8.6610  0.3009  7.1870
 48  48  0.0943  8.6027  6.9984
 80  48  0.0115  4.7385 11.7750
112  48 -9.8512  4.0395  8.2221
144  48 -14.5529  0.1956 11.0732
176  48  0.2319 -0.0983 12.7266
208  48  1.7950 -0.2711  5.5090
240  48 -24.0998  0.2631  5.4644
272  48 -2.0601  3.6574  7.9891
304  48  8.0418  0.0551  5.8920
336  48 -0.0982 -0.4013  9.0158
368  48  0.0389 -13.5728  7.6791
400  48 15.6456 -2.2638  6.7358
432  48 26.5660 -0.3163  9.9038
464  48 -0.0794  0.0669 10.2014
496  48  0.0401  0.0491  9.8801
528  48 -0.0677  0.4417  7.4349
560  48 -0.8765  0.4182  4.8562
592  48 -15.9169  0.1280  7.5665
624  48 20.1128 -12.0076  6.9120
656  48 -0.0088 -0.1330  7.1414
688  48 -8.1759 -6.1015  8.4106
720  48 -0.1212 -14.8170  8.8109
752  48 -0.0250 -14.4976  4.3476
784  48  1.0682 -9.7553  5.6217
816  48 -0.1617 -0.2357  7.5805
848  48 -0.0528 -15.2359  8.2136
880  48 -1.5480 -0.3321  6.9469
912  48 -19.9158 -0.0112  7.5625
944  48 23.0588  4.3112  8.0860
976  48  3.9011 -0.4298  7.1513
1008  48 -10.7079  0.3475  6.5624
1040  48 -7.3410 12.7762  5.3592
1072  48 15.7879 -11.8867  8.7248
1104  48 -0.2947 -13.3603  8.4318
1136  48 -15.9336 -12.0503  7.6062
1168  48 11.3262 -20.6759  5.7851
1200  48  9.3189 -15.8341  7.6927
1232  48 -21.8850 -18.7773 12.7522
1264  48 -14.1366 -0.2955  8.6611
1296  48  7.5475 -0.1826  7.7037
1328  48 -0.3882 -4.6477  8.2545
1360  48  0.1792  0.2958  9.4145
1392  48  0.1309  0.2228  6.7624
1424  48  0.3263  0.2066 10.5888
1456  48 13.7692  8.2915  5.8262
1488  48 -1.3427 -6.3368  6.3883
1520  48 21.0987 -13.1160  8.1172
 16  80 -22.9437  0.4624  8.9314
 48  80 -2.8667  0.0668  6.4496
 80  80  3.8253 -10.6855  6.4894
112  80  7.8461 -0.3890 13.7720
144  80 -7.6916  4.3227  6.8907
176  80 -0.9532 -6.0304  5.0015
208  80 -0.3966 -0.2846  4.9194
240  80 -7.8869  0.0511  7.6711
272  80 -20.8594 -7.4572  5.2332
304  80  7.6537  5.4530  7.2949
336  80 -4.6728  0.1359  7.6761
368  80 -0.0362 -5.0728  9.8434
400  80  0.1844 -8.1749  6.2728
432  80 20.6189 -9.7774  6.9694
464  80  0.1067  0.1718  9.9639
496  80 -0.3550  0.2123  9.5705
528  80 -2.8059  0.2063  7.8950
560  80 20.2729  0.2063 11.0181
592  80 -14.6263  8.2310  7.2570
624  80 -0.2013  0.3715  7.5311
656  80 20.7999  9.3253  7.1865
688  80 -23.8040 -0.1762  6.3689
720  80 -0.1803  0.0528  5.5346
752  80  2.7546 18.8953  8.2089
784  80 -0.0731 13.6492  6.2342
816  80 -1.1890 -6.7362  6.5626
848  80 14.4157 -0.1842  6.5169
880  80  3.7943 -0.0847  9.0564
912  80 -23.7367  0.1566 10.7572
944  80 -3.9439  0.4398  7.5993
976  80 23.8783  4.2656  9.2514
1008  80 -18.8268 -15.5701 10.4417
1040  80 -2.2810  0.0437  6.8108
1072  80 12.1333  4.6875  5.9427
1104  80 21.2688 -22.0246  9.5442
1136  80 -18.9032 -19.8533  5.8840
1168  80  8.2233  0.0135  9.0710
1200  80 15.0639 -18.9231  9.5799
1232  80 -12.4041 -0.0912  9.5900
1264  80 -16.3102 -14.4849 10.6069
1296  80 17.6030  0.2589 10.7108
1328  80  0.2213 -0.1719  8.2607
1360  80  0.0951  0.1253  7.0313
1392  80  0.4759  0.9286  5.9590
1424  80  4.1273 15.9926  4.3199
1456  80 15.7126  7.8446  4.9595
1488  80 -5.9499  3.6035  8.0893
1520  80 -5.5262 -9.9219  6.6942
 16 112 -3.8646  4.6276  4.7212
 48 112 -4.2291 16.4441  6.0617
 80 112 -0.1369  2.3567  7.3969
112 112 22.2759 -16.4671  7.9893
144 112 -24.5954 -6.4775 10.4474
176 112  1.3026 -0.1365  5.2217
208 112  0.0389 -13.8463  5.4868
240 112 -13.1411  7.3321  7.4436
272 112 -0.0694 -0.0849  7.8886
304 112  7.8531 -0.0594  8.6166
336 112 -0.4792  0.2383  6.8967
368 112 -23.7396 -0.0304  8.8174
400 112 -0.1580 -13.1988  8.7177
432 112  4.6855 -16.0378  5.6593
464 112 -0.0991 -0.1392  9.9913
496 112 -0.1287 11.2206  6.4657
528 112 -0.1312  0.1671  7.1623
560 112 -2.2374  0.2024  9.2952
592 112 -26.0269  0.3360  5.7739
624 112 -0.2446  0.0583  9.1501
656 112  0.0361  0.2061  5.7815
688 112 -19.9344 -11.0897  6.6591
720 112 16.1313 -0.1491  6.4957
752 112  5.8235 -11.5568  8.0003
784 112 -4.8588 -1.1925  8.4911
816 112 -6.1958 -17.5545  6.9225
848 112 24.2374 -0.2612  6.7367
880 112  0.3329 -7.9785 10.6080
912 112  0.0645  0.1267  6.7923
944 112  3.4606  4.9094  6.3403
976 112 -8.1436  0.1325  7.6906
1008 112 -25.5586 -2.8369 10.1545
1040 112 -0.1873 -0.0131  8.0638
1072 112 -2.6478 -6.7716  6.4173
1104 112 20.0397 16.4375  7.2137
1136 112 -20.7709  0.0334  8.0662
1168 112 10.1417 -16.4335  6.4051
1200 112  3.9535 -0.4294  9.3707
1232 112 -16.9546  0.5905 12.1053
1264 112 -13.9452 22.8627  4.4538
1296 112  0.4181  0.4465  7.4903
1328 112 13.6003 10.7780  5.4338
1360 112  0.2827  1.2148  6.6096
1424 112  2.9262  8.0383  4.7733
1456 112 -16.2465 -8.3444  4.6835
1488 112 -0.2862  0.1296  4.9817
1520 112 -6.2681  0.0717  7.5660
 16 144 11.8290 -20.3762  7.5760
 48 144 -0.3626 -3.2291  6.2853
 80 144 -18.6970  4.7342  6.4091
112 144 -0.6763  0.8582  7.3233
144 144 -0.1979 25.3054  9.5116
176 144 16.0740 15.2147  4.8214
208 144 15.8972 16.3753  4.5617
240 144 -6.2316  0.3115  8.9628
272 144  5.3603  0.2013  6.6889
304 144 -0.1212  0.1689  9.4685
336 144 -0.0059  0.0054  6.7345
368 144 -26.8650  0.3177  5.4851
400 144 -0.0198 -0.4230  8.2341
432 144 -0.0559 -2.3585 11.1545
464 144  0.3349 -17.7592  8.7971
496 144 16.1012 -0.2670  6.5247
528 144 -0.3982 14.1849  7.6662
560 144  2.0859 12.5012  6.7859
592 144 -17.8259 12.5227  6.9375
624 144 -2.7800 -0.1036  5.1712
656 144 -0.3404 19.9263  4.2051
688 144 -9.7136  0.1990  5.8248
720 144 26.9525  0.0403 13.0813
752 144 22.5933 13.9127 10.0517
784 144 -1.8140 -0.4302  8.1512
816 144 -15.0496 20.0652  6.1544
848 144  5.4771 10.0595  6.0919
880 144 -19.5051  0.3572  7.7906
912 144  9.5050  0.0770 12.7040
944 144 -0.1856 10.3715  6.6847
976 144 -8.4137 -16.2818  8.7261
1008 144 -19.1355  0.0086  7.4721
1040 144 -0.1032  0.4364  5.5553
1072 144 20.9087  0.4428  6.0376
1104 144 -0.2655  0.0516  8.5850
1136 144 -11.5392 10.0048  7.4730
1168 144 -8.7233 -0.0716  5.7987
1200 144  4.8006 -20.7570  7.5325
1232 144 -9.7816  5.3154  6.9150
1264 144  0.3669  0.4098 11.4262
1296 144 -0.3375  3.7853 10.8842
1328 144 11.1291  7.0398  6.0685
1360 144  0.0162  6.6625  4.3633
1392 144 -0.3704 -0.4072  3.6466
1424 144  8.3154  0.4897  5.0375
1456 144 -25.9846 -5.8286  9.5193
1488 144 -1.3109  0.2108  3.9116
1520 144  0.1729 -20.3454  6.1212
 16 176  1.2307 -21.3034 10.1043
 48 176 10.9103 -24.2826 13.1775
 80 176  0.3137 -10.8602  6.2886
112 176 -6.8058 20.2267  5.3780
144 176 25.8210 -7.5924  8.8559
176 176 -2.2479 19.4114 10.7393
208 176 18.6784 15.3333  5.6398
240 176 -5.9301 15.9135  7.1797
272 176  0.0559  0.4095  7.0382
304 176  3.9659 -16.3933 10.6286
336 176 -24.1005 -2.7949  6.6884
368 176  0.2462 -0.0665  6.4555
400 176 -21.3158  0.1082  9.5328
432 176  0.0513  0.2030  9.1421
464 176  0.2342  0.2546  9.5279
496 176  0.3344 -18.5852  9.0453
528 176  0.0252 10.1392  8.1519
560 176  4.9137 24.4263  8.0508
592 176 -20.9072  0.4168  8.2187
624 176  9.6574 -15.5589  5.9329
656 176  8.4365 -0.4121  6.5701
688 176 -22.8785 16.4003 10.6203
720 176 25.8982  0.0844 11.1320
752 176 23.6126 -8.0213  8.1938
784 176 -12.2250  4.2641  5.6641
816 176 -8.7812 -0.2348  7.5963
848 176  0.2884 -0.2587  9.2202
880 176 -15.9100 -13.2458  7.4688
912 176  7.8758 20.7303  7.1112
944 176  8.1265 21.0358  6.4580
976 176 -18.7058  0.1936  9.1478
1008 176 -18.9935  0.0600  6.6338
1040 176 -5.8562 -0.1521  7.0759
1072 176 -8.1228  0.2745  8.1386
1104 176 -0.2920  0.4379  9.1563
1136 176 -13.9715 -9.7187  6.4326
1168 176 -5.7238 12.0562  8.4144
1200 176 -3.3299 -3.9282  5.7022
1232 176  0.3521  0.4465  8.8431
1264 176  0.4743  0.3549  6.0840
1296 176 21.9968  0.0637  7.8064
1328 176  3.4002  8.1366  4.9418
1360 176 11.8284 11.7251  5.7070
1392 176 -0.3118 25.5129 11.4539
1424 176 -11.0469 -7.9839  7.3326
1456 176 -0.3763 -22.2521  9.0181
1488 176 -13.8607 -20.5434  5.9817
1520 176 -0.1157 15.1565  5.3831
 16 208  0.2861 -0.0161  5.8595
 48 208 -21.2915  2.6583  7.4434
 80 208  4.9069 -0.1872  5.9333
112 208 19.1993 -3.0758  8.2232
144 208 -0.1999 11.3982  5.9621
176 208 19.4944  0.0341  7.1842
208 208  0.0801 14.7963  6.2984
240 208 -10.3097  8.3701  6.8961
272 208  0.0710 10.0126  7.8534
304 208  0.4429  0.1459  9.1259
336 208  0.1787 -0.2793  9.6133
368 208 -3.2139  0.2697  9.6775
400 208 -0.0080  0.0189 10.7864
432 208 -0.2363 -0.0347  5.6629
464 208  0.1241  0.1861 11.7366
496 208 -0.4978 -0.0989  8.1419
528 208 21.3093 -0.4943  5.6065
560 208 12.6890  0.2811  7.5876
592 208 -24.2766  0.4193  8.6680
624 208 -18.7526  9.1277  5.7695
656 208  9.0553 -3.8968  8.1735
688 208 -17.3873  2.1136  4.9881
720 208 26.9239 -0.1875 11.3067
752 208 21.0044 -0.0836  7.4584
784 208 -13.2654  0.3416  6.3503
816 208 -7.2759  1.0659  7.6631
848 208 12.7734  7.3111  6.1872
880 208 -10.2623 -0.1677  7.1659
912 208  7.7923 -0.1111 10.1972
944 208  0.0313  0.4038  8.6177
976 208 -19.4290  0.0525 12.7427
1008 208 -10.8190 -17.9299  5.8873
1040 208 -2.2459 -0.3268  4.3757
1072 208 -19.8114  3.5690 10.0247
1104 208 21.3486 -0.2194  9.1500
1136 208 -16.8915  8.2885  7.8364
1168 208  5.6949 18.3575 10.7782
1200 208  7.9232 -1.8075  8.4062
1232 208  0.1351  0.4562  6.9030
1264 208 11.4044  0.4016  3.8349
1296 208  8.2819 22.5439  3.8949
1328 208  0.4820  8.0728  5.9500
1392 208 -1.6038  0.4928  6.0962
1424 208  8.1331 12.9975  8.9608
1456 208 -20.5814 -0.0144  7.2508
1488 208 -5.7179 13.9419  5.9701
1520 208 20.4445 10.8912  8.9546
 16 240 -14.1861 -0.2205  6.5984
 48 240 -21.0430 10.0155  7.9619
 80 240 -7.6147  0.9033  6.7602
112 240 20.9436 -11.4857  9.0286
144 240 20.1915 -14.4035  5.6285
176 240  0.2382  3.9236  5.7499
208 240  6.6611  4.1574  5.3820
240 240 -0.1180 -10.8866  5.5686
272 240 -19.6883 20.0851  8.9454
304 240 -21.5853 16.0446  7.1710
336 240  0.0873  0.1664  9.0543
368 240  0.0434 -0.1559  9.7542
400 240  2.2772  0.2482 10.8857
432 240 19.0592 -0.0170  6.9739
464 240 -0.0002  0.0050 15.3512
496 240 -5.5137  0.3863  7.1341
528 240 20.2048 -0.1873  5.4562
560 240 11.4655  0.3780  7.1559
592 240 -23.7344  0.3315 11.0043
624 240 -0.0824 13.1983  9.8053
656 240 -19.2345  3.9880  7.1957
688 240 -0.3613 -0.0896  9.5256
720 240  0.3712 15.6445  6.7261
752 240 20.2726  0.0068  9.7585
784 240 -8.1472 -0.3424  7.1292
816 240  0.4166 -0.1977  8.9571
848 240 21.5122 12.2367  7.1438
880 240  0.2800  0.0281 11.6310
912 240  0.2312 -0.3672  8.4617
944 240  0.0137 -0.2224 12.2619
976 240 -18.3330 -0.1239 10.0729
1008 240  2.0436 -0.0086  6.3081
1040 240 -7.7518 -13.4969  7.7588
1072 240  0.4061 -20.6121  9.8961
1104 240 -0.3569 -0.5855  7.7814
1136 240  3.7416  0.2741  5.8128
1168 240 -22.8790 -0.1357  6.9271
1200 240 14.7166  0.0906  6.0128
1232 240 -7.3771 -13.9042  5.4979
1264 240  5.7534  1.8501  4.5092
1296 240 20.7990  0.0501  4.5377
1360 240  1.8456  0.4095  3.8423
1392 240  0.1129 -6.2665  6.5670
1424 240 -0.3366 20.2745 14.0145
1456 240 11.3760 23.7513  7.3620
1488 240 -19.6345 14.3746 10.3871
1520 240 10.4173  0.1848 12.3904
 16 272  0.4567 -10.7681  5.4544
 48 272 -0.1280  0.4067  4.5382
 80 272 -13.2184  6.9918  6.4817
112 272 18.2476 -11.7202  5.6593
144 272  7.2517 -0.2662 10.2713
176 272 21.5729 -8.6930  6.2299
208 272 -0.1553  6.0556  6.9896
240 272  2.0292  1.0717  6.8147
272 272  0.3605 -0.2623  6.2470
304 272 -1.8288 23.5399  6.8161
336 272  0.0159  1.8203  9.6031
368 272 -0.0872  0.0221  9.0854
400 272  2.2767 -0.0833  8.4943
432 272 14.6403 10.4547  6.4154
464 272 -7.9776 23.7453  5.9543
496 272 -7.5362  0.1282  8.9365
528 272 -5.9279  0.3243  7.3169
560 272  0.3632 -0.0972  6.9090
592 272 -23.7201 -0.2536  8.9963
624 272  0.4255  4.6936  6.9942
656 272 -19.3249 -0.1834  7.6324
688 272 -0.4450  0.0516 11.0340
720 272 23.6251  0.1927  4.6486
752 272  9.9009 -0.5892  5.3386
784 272 -18.1115  0.0923  8.3373
816 272 -18.3555  4.2168  6.5422
848 272 23.4586  4.5943  6.4782
880 272  0.3134 -4.5501  6.9193
912 272 -0.1847 -0.0820 10.4248
944 272 -0.0411 -0.4936  8.9007
976 272 -17.4737 -7.8122  7.1101
1008 272 -0.3111 -0.0603  8.2412
1040 272 -4.2953 -0.1610  4.1281
1072 272 -1.1554 -7.7471  7.6950
1104 272 18.0255 -0.4916  8.1415
1136 272  2.0964  0.2161  8.8222
1168 272 -23.3191 -0.2012  6.5789
1200 272 -13.4268 -0.7851  8.0580
1232 272  0.0810 -5.4632  6.9040
1264 272 10.4824  0.0941  5.1782
1296 272  9.8082 -0.0232  4.3506
1328 272  0.4993  0.4997  4.6469
1360 272 -15.5756  0.4871 13.4358
1392 272 -14.4144 -4.2655 11.1403
1424 272 12.4507 -7.7850  5.5223
1456 272  0.1483 -15.7709  4.9456
1488 272 -11.0661 -1.4894  7.4918
1520 272 -0.3717 -0.0979 15.2610
 16 304 -0.1667 17.9348  5.6696
 48 304  0.1113  7.0765  8.5804
 80 304 -19.6695 12.4399  5.8903
112 304 -0.0437 16.6020  7.9985
144 304 13.2157 -0.0577  8.0930
176 304 20.3619 -12.0461  6.8810
208 304 15.6430 -12.7079  6.7951
240 304 -9.2505  7.3682  6.6903
272 304 13.1496 -7.7058  5.1645
304 304 22.2398 -0.2441  6.5053
336 304 -0.0784 18.6029  7.5735
368 304 -0.0803  6.4577  9.0770
400 304  0.1334  0.0837 11.4822
432 304 20.5372 -0.1101  9.7159
464 304 -15.6737  7.6392  4.6013
496 304 -15.7701 19.7590  5.9119
528 304 -9.5111 -1.9685  8.9036
560 304 21.1568 -4.4124  7.9447
592 304 -18.8639 -0.0174  9.8525
624 304 -0.1949 -10.9810  8.9145
656 304 -6.7296 -0.3261  4.9311
688 304 -0.0758 -0.0719 10.2960
720 304 20.7438 -9.5674  8.6412
752 304 24.1737  0.0197  7.3824
784 304 -6.6887 11.9556  8.5417
816 304  0.0792 14.4039  9.6210
848 304 12.6411 -13.5345  6.5655
880 304  0.3479 -5.4653  7.7917
912 304  0.2178 -1.1641 10.2446
944 304 -7.8603 -3.4789  6.2785
976 304 -15.7075 -11.9872  4.6864
1008 304 -0.0236  5.3486  6.2761
1040 304 18.0152 19.3349  8.3756
1072 304  6.4503 13.5989 12.1767
1104 304 16.9371  5.8947  6.6871
1136 304 -23.8235 -5.5846  6.3331
1168 304 -10.3871 -0.0460  5.8744
1200 304  0.0091 11.3421  7.3010
1232 304  0.4935 16.2923  6.4799
1264 304  0.1933 10.1710  5.5038
1296 304 10.4247 10.4979  5.8719
1328 304 -16.8517  0.4279  8.2793
1360 304 -23.9613  0.1087  6.7980
1392 304 -8.2195  3.6798 10.7711
1424 304 20.3645 27.1696 13.4582
1456 304 -0.2314  5.0440  6.6901
1488 304 -15.0818 -15.0037  8.8463
1520 304 -0.4323 12.4748  8.8382
 16 336 -0.0170  0.1098  6.0877
 48 336 -7.4237 23.8816  5.7152
 80 336 -15.5710  0.1546  7.3828
112 336 13.0653  0.3296  7.3417
144 336 -0.3664  0.4470  4.7462
176 336 10.6933 -0.0902  9.5100
208 336  0.4391 -18.2271  7.5070
240 336  0.1439 -18.9112  6.4663
272 336 -0.1357  4.7978  8.3649
304 336  0.3093 -0.2542  5.9575
336 336 19.3634  0.0824 11.1623
368 336 -12.8146 21.0826  7.8814
400 336  0.2894 -0.1627  9.5703
432 336 17.9685 -0.0783  7.2025
464 336 12.9339 -0.1708  4.7119
496 336 -16.0444 -3.2580  6.4086
528 336 -19.6102 13.0295  6.9046
560 336 22.4065 -0.2881  6.1922
592 336  0.3534 -15.9989  6.7558
624 336 -3.4122 -0.4061  4.7571
656 336 -22.2098 -0.3455  8.0803
688 336  0.0477 -0.2917 11.0654
720 336  0.2006 -0.1142  9.2539
752 336 23.5732 -0.4465  9.8233
784 336 -6.0919  0.4972  7.2613
816 336 -24.5571  0.1598  5.8604
848 336 -0.1812 19.6939 10.4633
880 336  0.2278 -11.8330  7.7456
912 336  0.3915 -9.6949  9.1732
944 336  0.4083 14.3175  6.3883
976 336 -0.2427  0.4686  5.7517
1008 336 -0.2587 -0.0677  8.9316
1040 336  4.2519 24.4791  5.8746
1072 336 -5.7820 -0.1889 10.5240
1104 336 -5.2838 -3.3717  7.8875
1136 336 14.9374  0.1698  5.8734
1168 336  3.8140 18.5078  6.1969
1200 336  0.3850  2.6162  5.5320
1232 336  1.5650  0.3057  5.5682
1264 336 -14.2288 -17.0963  6.4464
1296 336  0.3284 -9.9658 12.5600
1328 336 -2.5908 -0.4251  7.7408
1360 336  0.2494 10.2918  4.7343
1392 336 -13.6184  0.2590  7.3969
1424 336 -0.2246 -6.0237 11.5119
1456 336 -21.9677 -18.3593  7.8897
1488 336  0.2097 -1.8262  7.2436
1520 336 -0.4387 -1.0802  5.6032
 16 368  0.7694 -5.5830  7.5288
 48 368  8.1299 -2.9174  6.2642
 80 368  0.0155 -0.3035  7.9377
112 368 -2.4393 -0.0853  8.5978
144 368 -0.0174  0.0062  7.0368
176 368  2.1189  3.9085  6.3359
208 368 -0.1370  8.9736 10.2784
240 368 -0.1350  0.1632  6.0927
272 368  9.8956 -17.6838  8.3633
304 368  0.0597  0.3821  7.9660
336 368 -0.2153 -0.8563  5.8997
368 368  0.0071 -0.0966  7.6748
400 368 -24.5233 18.8230  9.7811
432 368 12.0714  0.1564  7.6138
464 368  6.4332 -0.0731  3.7400
496 368 -24.4775 -0.0314  5.6224
528 368 -25.9392 -20.0190 10.6719
560 368  3.2172 -21.9902  9.9363
592 368 -0.0221 -19.8858  8.4934
624 368 -23.8802 -0.1207  5.9878
656 368 -20.3996  6.1725  9.7475
688 368  0.1164 12.9356 10.0262
720 368 -0.3004  9.7435  6.0449
752 368 20.1569 -5.9830  9.7699
784 368 23.1240  0.3595  6.6482
816 368 -21.0604  2.0222  9.4157
848 368 -23.1864  5.9208  8.3492
880 368 -0.0114  0.0330  8.5637
912 368  8.3248 -0.0108  4.5519
944 368  0.2941 18.1271  6.9488
976 368  0.1947 18.2529  7.9454
1008 368  0.0911  0.3701  9.8910
1040 368  0.2861 -7.2062  9.7849
1072 368  1.9091 11.2473  5.8342
1104 368 -4.1262 -4.9721 21.4022
1136 368 16.6840  8.2987  7.4048
1168 368 -12.7586 -1.3434  6.4167
1200 368 11.0262 16.3390  5.1502
1232 368 -1.6325 21.2957  4.0216
1264 368 -12.6940  0.2636  8.7417
1296 368 21.6705 -0.1186 15.2273
1328 368 -0.1831 -27.3201  7.5767
1360 368  0.2450 -16.3186  6.0833
1392 368  7.5142 -0.0135  4.6253
1424 368  6.0915 18.9516  7.4746
1456 368 -14.9830 -0.3829 11.9761
1488 368 -10.1522 -2.2708  6.7013
1520 368 -0.1171  3.0741  5.2883
 16 400  4.5165 -6.9703  7.6115
 48 400 -3.6187  0.1705  8.7714
 80 400 -0.4462 -0.3566  5.0748
112 400  0.4805 -4.4506  5.5804
144 400 -0.3548  2.7643  7.7992
176 400  7.8370 -14.8578  7.9445
208 400  8.1552  0.0142  4.3332
240 400 -9.8073 11.9354  4.4458
272 400  0.3708 -17.1057  7.4985
304 400 23.2794 -4.1669  5.7283
336 400  0.0612  3.4832  7.4053
368 400 -10.2326  0.3842  8.2995
400 400 -4.9176 -0.3210  8.6050
432 400  0.3424 -0.0579  7.8289
464 400  0.0598 -0.4152 12.3845
496 400 -21.8566  0.1322  9.5015
528 400 -13.7879 -18.5339  5.7198
560 400  0.2044 -7.6029  8.4568
592 400 19.8060 -0.3749  9.9017
624 400 12.9288 -10.4041  5.4430
656 400 -0.5732  0.0778  5.7711
688 400 10.5403 11.7984  6.0928
720 400 -17.1846 20.7646  7.3967
752 400 17.9524  8.4477  7.9137
784 400  0.0512  0.3629  7.5351
816 400 -3.7640  4.7592  5.4360
848 400 -23.6917  4.6864  5.6249
880 400 -13.8953 12.3505  5.6045
912 400 13.9485 19.1938  6.2191
944 400 18.5449  0.1618  6.5484
976 400 -10.8125 13.6656  5.6085
1008 400 -2.0597  9.0298  9.5917
1040 400  8.9852 24.7270 10.2742
1072 400 -3.5443  0.0570  5.6879
1104 400  0.2826  0.3266 26.0345
1136 400  2.3043 -0.0320  6.6684
1168 400  6.4216  8.1804  8.7788
1200 400 10.3467  0.2882  5.7813
1232 400 -20.2035  0.2841  6.1086
1264 400 -22.5788 -0.0132 10.4499
1296 400 -1.5459  9.3308  6.2800
1328 400 -2.5000 15.8016  7.8227
1360 400  0.0850  0.2700  6.2719
1392 400 -12.0399  0.0914  6.0069
1424 400 -0.0529  0.1506  5.0013
1456 400  0.1284 -2.9770 10.4518
1488 400 -12.6092 -9.5504 10.4358
1520 400 21.3327 10.6323  9.7129
 16 432 -0.3795  2.6896  5.8687
 48 432 -0.0998  1.1378  6.1316
 80 432 -0.8238  8.0256  9.5340
112 432  0.1342 -1.9578  6.9848
144 432 -0.4429 -10.7100  9.9425
176 432 -0.3357  1.6503  8.3420
208 432 15.5995  0.3593  5.6596
240 432 19.6955  2.0154  6.1771
272 432 -13.0100 15.8802  4.5640
304 432 18.2207 -0.0759  9.2284
336 432  0.2621  0.1119  9.8679
368 432 -0.1840 -0.0946 11.8657
400 432 -6.7585  0.2188  7.8901
432 432 23.7126  0.4631  6.7042
464 432 -0.3467  0.0915  8.1837
496 432 -13.7991 -7.5598  8.7732
528 432 -20.9929  0.1382  7.8857
560 432  0.3703 -0.3881  8.4627
592 432 22.7352 -0.2621  8.5135
624 432 -10.3342  3.4926  9.1460
656 432 -17.2072  0.3772  7.4163
688 432 -0.3924  0.4234  7.9863
720 432  0.0846  0.2127  6.1592
752 432  0.0800 -0.3074 10.8658
784 432 23.9203 -12.9479  7.5225
816 432 -8.9835 -0.1425  9.0080
848 432 -10.2604 24.0413 10.6955
880 432 -0.0042 19.1227 11.2346
912 432  0.1528 21.7663  7.2564
944 432 19.7255 11.1558  5.6907
976 432  0.0524  0.4059  7.2620
1008 432 -2.0586  0.0110  8.0384
1040 432 -6.3245 -22.8239  9.7900
1072 432  0.4312 -10.8141  6.8519
1104 432 12.7556 -10.4591  9.0664
1136 432 -1.1925 -1.2890  5.9605
1168 432 -5.6148 -6.7916  5.7466
1200 432  8.7750 -16.4867  4.9796
1232 432 -18.7469 -13.9674  9.9508
1264 432 -19.1013 -0.3846 17.2763
1296 432 -15.5174 -0.0810  9.7466
1328 432  0.0331 -0.8134  6.0495
1360 432  0.1023 -5.4161  6.3893
1392 432 -0.0023  5.7742  6.4820
1424 432 -0.1604 -0.2175 12.7816
1456 432  0.0999  0.1186  8.7206
1488 432 17.0745 -3.1320  7.5562
1520 432 -0.4711 -4.6085  6.2940
 16 464 15.7025 -13.0175  6.8062
 48 464  4.9975 -16.0814  7.1222
 80 464 -10.5876 -0.0436  5.7113
112 464  2.1304 -0.1527  5.6156
144 464  0.3245  0.0401  9.6087
176 464  0.0620  3.3945  6.2532
208 464 13.2712 12.1094  6.9485
240 464 27.0837  0.0666  5.9587
272 464  9.7858 -3.4568  4.0773
304 464  2.0264 14.6632  5.9447
336 464 -0.2527 -19.4386  7.8652
368 464 -0.0122 -20.3517  5.0431
400 464 -13.9116 -3.5235  8.9633
432 464 23.5647  8.1027  6.4744
464 464  0.1258  0.4617  6.8455
496 464 -0.4397  4.3622  8.4065
528 464 -9.5311  0.1948  8.0435
560 464 -0.2586 23.1513 10.1996
592 464 20.6820 -0.0700  6.6952
624 464 14.8422 -7.6949  8.2281
656 464 -0.2959 -0.2802  5.8377
688 464 16.6622 17.8434  9.0494
720 464 -11.8600  3.2186 10.5981
752 464 -0.1709 -0.1614  7.0025
784 464 16.0278 15.8109 10.4268
816 464  0.0310 18.3386  6.2883
848 464 -17.0580 -4.0927  6.4272
880 464 -4.0242  2.9272  7.1333
912 464  1.0820 -10.0523  9.0020
944 464 -21.4285 -8.4289  4.8873
976 464 -9.4643 16.8583  5.8829
1008 464 -12.1721  0.2623 13.1037
1040 464 -0.8230 -0.0130  6.6666
1072 464 -0.3555 -4.8623  7.1997
1104 464 -12.3786 -3.3568  6.9832
1136 464 -7.0751 -12.8792  5.2860
1168 464  0.1891 -19.2796  8.4483
1200 464 21.2713 -12.9845 13.6771
1232 464  2.0682 -23.7386  7.6865
1264 464 -16.2872  0.0073  6.2234
1296 464 -2.6586 -0.4878  4.7823
1328 464 -1.0000 -6.0474  6.3517
1360 464  7.6904 -0.4012  6.6283
1392 464  0.3582 -12.5261  5.4325
1424 464 -0.2048 -0.3897  9.3288
1456 464  2.7723 -2.1862  6.0692
1488 464  0.1054 -0.1597  6.9907
1520 464  9.8333 -18.6556  7.1039
 16 496  0.1195  2.5464  6.5500
 48 496 -0.0866  1.0580  8.8443
 80 496 19.1511 -13.2370  9.2324
112 496  1.9300 -0.3461  7.1584
144 496  5.4087 -11.8531  6.1901
176 496  8.5551 -1.6232  8.9706
208 496 15.2545 -17.6266  5.5228
240 496 -0.2615  0.1147  5.8484
272 496  0.1904  0.3674  6.5455
304 496  6.2471 -2.5107  4.7147
336 496 -0.0117  5.8247  6.3943
368 496 -3.9648 18.5117  7.7626
400 496  9.5460  0.0001  7.5282
432 496 -0.0261 15.8264  8.5885
464 496  0.2207 16.1410  5.8729
496 496  0.2131 12.3917  8.4381
528 496 -3.8707 16.4327  8.8353
560 496 -17.2996 21.9824  6.9607
592 496  0.2035 20.8098  7.7397
624 496 -5.6814  7.8700  4.6682
656 496  0.0124  9.4710  8.1014
688 496 14.5086 -14.6686  6.2166
720 496 -2.9915 -13.1588  7.1176
752 496  2.7011 -11.3443  7.8414
784 496 15.5287 -13.3428  8.3034
816 496 -13.8872 -14.0879  5.0003
848 496 13.3956 10.0739  5.6755
880 496 -16.0545 -12.8510  5.2626
912 496 -0.2249 -2.5019  5.2434
944 496  5.8287 -1.9615  4.2553
976 496 -14.0345 -4.2596  5.8050
1008 496 -13.1257 -11.2600 10.0226
1040 496 -5.2085 -5.3585 14.8914
1072 496  0.1963  0.2383 15.9084
1104 496 -12.9354 -19.7017  5.1085
1136 496  0.4440  0.3515  5.9927
1168 496  7.8852  0.0620  8.5656
1200 496 -2.2283 -5.7994  5.5625
1232 496 -1.9414 -6.6596  5.2790
1264 496 -0.9202 -0.0680  7.3522
1296 496 -10.0405  7.9182  4.5302
1328 496 -0.3470 -0.1541  5.4682
1360 496 -10.2528 -0.3192  5.8649
1392 496 -0.2432  0.0024  5.0304
1424 496 -0.0558 -0.2314  7.2910
1456 496 -0.0664 -1.8590  8.0257
1488 496 -0.0212 -6.6002  8.3219
1520 496 -0.3735 -1.9045  9.0147
 16 528  3.1523 -13.9037  6.6279
 48 528 -2.5415 -14.1043  5.8490
 80 528 -3.3581  7.1412  7.0967
112 528 10.3709 -9.0478  5.4537
144 528 -0.1126  0.0730  7.7155
176 528 -19.7730  3.5681  7.4306
208 528 18.9204 -5.3428  7.0782
240 528 -0.1735 -25.5269  4.7837
272 528 -2.7485 -7.5153  5.7412
304 528 22.6745 -19.8290  6.2451
336 528 17.7615 -1.8937  4.1512
368 528 -9.1911 -1.1433  7.6555
400 528  0.2060 -1.6684  6.8762
432 528  0.0508 -8.4012  7.8895
464 528 -0.0890 -0.3917 10.4913
496 528  0.1144 -1.1517  7.9750
528 528 10.9704 -0.8778  6.4278
560 528 -9.5448 -0.1625  7.4421
592 528 21.1828 16.2596  7.9372
624 528 -23.8770  2.7024  7.8598
656 528 -16.0964 21.0069  6.0594
688 528 21.5296 -17.6677  8.3329
720 528 -0.1964 -13.2344  7.1947
752 528 26.9305 -13.5722 10.0575
784 528  0.3328  0.2166 13.0485
816 528  6.1127 -11.3066  7.4153
848 528 10.6283 -7.7377  4.5901
880 528  0.1196  0.4327  4.7436
912 528 -14.2297 12.4104  5.5196
944 528  0.0241  0.0171 10.6353
976 528  1.8719  4.1046  6.0064
1008 528 -20.0371  1.7986  5.2388
1040 528  0.1122 -7.1029  9.7158
1072 528 -0.3426  0.3060  7.9592
1104 528 -2.2416  0.0658  4.5545
1136 528 -0.2885 -0.1703  6.1908
1168 528 25.6857  7.9726  7.0942
1200 528 -14.9168 -14.4076  5.6670
1232 528 -0.0370 -12.5134  4.2867
1264 528  0.3504 -0.3068  5.4394
1296 528  2.9419  4.3933  7.7305
1328 528  0.0604  0.1752  6.2589
1360 528 -0.4675 -7.5787  5.2210
1392 528 -0.3142  0.1201 11.6656
1424 528 -0.1707  9.6632  9.6971
1456 528 -0.1668 -0.0364  6.0515
1488 528 -0.1856 -0.2233  8.5187
1520 528  2.3994 -0.0559  9.9941
 16 560  0.4864 -13.9778  7.6806
 48 560 18.8872 -12.1028  5.4511
 80 560 -0.2945  0.1087  9.0467
112 560 -18.0973 -0.2099  7.5496
144 560 -0.1400 -11.8271  6.5420
176 560 -0.3418 -14.5763  7.3173
208 560 -0.1941 -6.4309 10.8034
240 560  2.3063 -1.3446 10.8870
272 560 -0.1527 -23.7793  7.2242
304 560 20.9082  1.9214  5.1229
336 560 -0.1002  0.7724  5.9737
368 560 13.8841 -18.4653  9.6671
400 560  3.9062 -19.8832  3.5726
432 560  0.0879  0.1160  8.2907
464 560 -0.1280 12.0790 10.6653
496 560 -18.7887 15.5174  6.7836
528 560 15.2022 -1.0277  9.3699
560 560  1.9178 11.3623  7.4128
592 560 19.1830 -15.2394  8.0234
624 560 -6.8387  0.3026 10.2212
656 560 -21.6120  0.2681  4.3509
688 560 -8.1454 22.1929 10.1317
720 560 15.2437  1.0036  8.6164
752 560 -0.2061  0.2128  8.2053
784 560 -14.1861 -3.1785  7.9705
816 560  1.5122  0.1658  5.1853
848 560 14.9444 -19.2966 15.7497
880 560  6.5843 -5.8021  5.3139
912 560 -22.8854 -8.1363  8.0454
944 560  6.4061 -11.8721  7.2897
976 560 -0.0307  1.1715  7.2798
1008 560 -22.4125 -0.0613  5.5097
1040 560  0.3286  0.4883  8.4085
1072 560 -0.2271  2.5659  4.6734
1104 560 -1.7792  0.0781  4.8020
1136 560 -1.9224  3.8007  5.5439
1168 560  0.1336 -1.6277 24.5655
1200 560  0.3565 -8.3549  6.0514
1232 560  7.7997 -9.9443  5.6886
1264 560  9.7780  3.9613  4.6369
1296 560 -0.4485 -0.2813  6.4284
1328 560  0.0707  6.2171  7.3925
1360 560 -0.3187 -0.0755  7.0948
1392 560  0.2375 -0.3074  7.0262
1424 560 -0.5706  0.0212 11.4542
1456 560  0.1172  0.2214  7.4696
1488 560  0.2252  0.1024  6.5714
1520 560  2.9188 10.0200  5.9152
 16 592 -12.4587  4.0733  7.2360
 48 592  0.3058 -13.4266  4.7427
 80 592 -0.1123 -14.9422  6.6828
112 592 -0.0018 -23.5727  6.2069
144 592 -0.1385 -6.1005  7.2815
176 592 -0.1433  0.1752 11.6388
208 592 -5.5862 -5.9545  7.3118
240 592  0.3294 -17.9972 12.9759
272 592 -0.1171  0.2139  7.3105
304 592  1.1669 -3.3705  5.8299
336 592 -0.3016 -10.0139  8.3708
368 592 -6.7700  0.0051  8.9919
400 592 -4.1210 -20.3404  8.4142
432 592 -0.1450  0.6240  9.4895
464 592 -0.1500  0.4253  8.1568
496 592 -12.8174 -0.1164  7.1730
528 592  0.0461  0.0625  6.8541
560 592 10.9153 -3.3826  6.9078
592 592 20.8067 -1.4061  7.9956
624 592 -22.2001  0.2388  6.2927
656 592 -1.7318 -12.2449  9.8489
688 592 -0.9596 -26.3632  5.8438
720 592  4.5349 13.8485  8.8041
752 592 -0.1235 15.0120  8.3897
784 592 -4.9280  6.6013  4.9728
816 592 -3.8582  0.0520  6.1704
848 592 25.3133 -0.4940 13.9071
880 592 -25.1872 -12.5666  8.3352
912 592  0.1568  0.3220  5.0116
944 592 -0.1924  7.7891  8.2845
976 592 22.6379  3.2137  6.1537
1008 592 -22.0057 -15.1475  5.7449
1040 592 -0.3335 -6.6269  6.4250
1072 592 -10.3188 -12.5580  3.7582
1104 592 -11.1341 -0.1749  5.0075
1136 592 -0.2710 -0.3390  6.0105
1168 592 -5.0884 -2.7075  5.7535
1200 592  2.4278 -0.8912  6.7298
1232 592 24.5748 20.5850  9.2790
1264 592  0.0559 -0.2642  8.2336
1296 592  8.1371 11.3005 10.2383
1328 592  0.0302 -19.3241  9.4288
1360 592 -2.8525 -0.0686  7.0338
1392 592  0.2485  0.2376  9.5047
1424 592 -12.5614 -13.8392  7.0049
1456 592 17.6304 -8.0961  6.4857
1488 592  2.2891  8.1596  7.3728
1520 592 -8.0049 -7.7953  9.0338
 16 624 -15.8337 -5.4146  5.3687
 48 624 -0.3879 -0.0494  8.5706
 80 624 -22.2245  0.3282  6.0413
112 624 -10.7237 -15.5258  7.7537
144 624  7.1258 -4.7497  6.4019
176 624 -1.7391 14.6390  3.9077
208 624 -6.5025  0.1654  4.5875
240 624  0.1113  0.0339  6.2217
272 624  0.2392 -1.1978  8.5238
304 624 -0.2964 -10.0682  4.9688
336 624 14.5590 -3.7509 11.7062
368 624 -0.1302 -13.6980  8.3153
400 624 -0.3890  3.6842  5.0689
432 624 15.5988  0.1600  5.3223
464 624 -7.0232 23.5292  5.5404
496 624 -20.2222 13.0272  8.6961
528 624  0.2985  0.3073 10.2463
560 624  0.3901 -0.2174  9.2974
592 624 -2.4877  0.1074  5.7123
624 624  4.9836 10.2750  4.3389
656 624 -8.4165  8.6868  6.6236
688 624 16.3691 19.0724  8.3876
720 624 16.9987 -19.4271  8.6026
752 624 -4.8853  1.9802 18.4099
784 624 -7.7164  4.5568  5.2835
816 624  2.0328  1.6380  4.6072
848 624 -11.1128 -3.4224  5.3375
880 624 -0.0293  0.1648  5.5468
912 624 -5.7359 -0.1538  4.4625
944 624  1.1651  1.2257  5.5135
976 624 -10.1939 -9.6841 13.2890
1008 624  0.4673 -0.2475  6.4654
1040 624  9.6877  4.4206  5.1335
1072 624 -0.4925  8.0468  4.4468
1104 624 -20.4611  0.0282  5.6329
1136 624 -0.4810 -5.0617  7.9338
1168 624 -8.5408 -20.3032  5.1270
1200 624  0.0511 -7.2094  6.0963
1232 624 23.8837 -5.7723 12.4555
1264 624 -1.0911  0.6332  7.2344
1296 624  0.0917 -0.1693 10.2904
1328 624 -0.1182  0.0298  8.4575
1360 624  0.1719 -12.4051  6.5899
1392 624  0.1914  1.5804  7.4723
1424 624  0.4094 -0.1049  7.1690
1456 624 17.5905 -0.3420  7.5068
1488 624 -0.0623  7.5592  8.9163
1520 624 -0.0154 18.9280  8.8581
 16 656 -3.7648  0.1327 11.0037
 48 656 -0.2297 -0.1865  7.8231
 80 656 -10.1454  3.1119  4.5174
112 656 -19.7769 24.3796  5.7422
144 656 -0.3176 26.2453  6.4871
176 656  0.1246 21.4977  6.5850
208 656  0.0778  3.1903  5.1710
240 656 -16.3681 15.4114  8.1867
272 656 -0.3711  2.6248  8.1051
304 656 14.5773  2.1189  9.9288
336 656 -7.7478  7.4366  5.9034
368 656  0.9883  0.2981  6.6191
400 656  7.2378  9.6535  5.9994
432 656 18.6028  0.4446  7.2871
464 656 20.6165 -1.7099  5.3741
496 656 -20.0197  7.6156  5.4911
528 656 -9.8516 -0.9612  5.2956
560 656  4.7182  4.1024  5.1121
592 656  7.1562 -0.0043  6.0757
624 656 -4.8309  0.1776  5.4397
656 656 -0.3786  5.6598  9.9797
688 656 -14.0432  0.3710  8.3889
720 656 -5.7213  1.6836  9.5080
752 656 -0.3995 -5.2117  5.1928
784 656 -8.8291 -2.7885  6.1152
816 656 -0.0048  2.1519  6.2557
848 656  3.1780  4.2334  4.5720
880 656 -0.0319  0.5249  6.3528
912 656 -11.5724 25.2783  8.4239
944 656 -0.9890  3.1772  5.4795
976 656 10.1235 20.3034 14.4092
1008 656 -5.1150 20.3207  7.5108
1040 656 -0.1409  0.0324  6.2273
1072 656 -11.9049 -0.2963  4.8271
1104 656 -0.4215 -6.7337  4.9488
1136 656 -20.2670 -7.0105  9.7120
1168 656  5.1770  0.0734  3.7045
1200 656 -7.9376 11.4343  7.7845
1232 656 12.5290 23.7489 11.2666
1264 656  0.4958 10.6641  7.5337
1296 656 -0.2306 -0.1356  6.3211
1328 656 -0.1582  0.0344  7.3235
1360 656  3.0532 -0.2820  8.8287
1392 656 -0.0389 -4.7992  8.8561
1424 656 11.0698 10.5279  5.6998
1456 656  0.3009  0.2059  6.6076
1488 656  3.3239  5.2180  5.7759
1520 656  0.3235 -3.0115  7.5341
 16 688  6.3776 -0.1190  6.9871
 48 688  0.2166 21.2353  5.0607
 80 688 -12.8849 22.0051  6.0953
112 688 -0.0893 18.4701  9.0633
144 688 10.7470 10.2818  6.8189
176 688  3.8112 12.7494  7.3322
208 688 -0.4553  8.6540 10.2713
240 688  2.5472 16.9705  6.1856
272 688 -14.7912 21.3386  6.0149
304 688 23.5286  2.1410  9.9573
336 688  0.9524 -10.0814  5.3617
368 688 -6.1200 -4.9404  6.1249
400 688 15.8923 -15.5971  5.7598
432 688  1.3366 -21.0450  4.4074
464 688 19.3153 -12.6946  5.6892
496 688  0.2015 -7.4967  5.5267
528 688 -0.2537 -5.7859  5.4722
560 688 -0.2085  0.2861  5.8690
592 688 22.5199  0.7213  6.0646
624 688  4.7722 18.8462  4.7994
656 688  8.2267  0.1627  5.1939
688 688 -24.3009 -0.1162 13.3243
720 688 -0.1591 -0.3197  6.1305
752 688  0.1455 -0.1735  5.2369
784 688  5.8586  0.3763  7.9202
816 688 -0.2654  2.9367  4.1281
848 688  1.5880 -1.6075  6.0309
880 688 -0.1103  0.4340  7.8564
912 688 -10.6594 -3.9003  7.3578
944 688 -2.0828 -0.1053  5.8288
976 688  0.2981  0.3092  9.4589
1008 688  1.5884 -1.9239  7.9554
1040 688 -0.3636  0.0478  7.2525
1072 688 -13.6571 -0.0966  4.5835
1104 688 -0.3208  0.3153  5.1873
1136 688  0.1065 15.2876 13.4252
1168 688  0.0601 13.3941 15.4867
1200 688  1.4142 -9.9549  8.2723
1232 688  0.3798 -1.6875  7.2219
1264 688 -0.0326 -4.7157  8.9016
1296 688  0.2379 -2.6720  7.8647
1328 688  0.1191 19.2056  8.9882
1360 688 -5.8365 15.8745  7.4336
1392 688  0.1818 10.9899  6.1460
1424 688 -0.1255 -0.0048  7.6614
1456 688 -0.0652 -9.2032  6.7560
1488 688 -0.4188 -7.6659  5.0252
1520 688 -14.3450 -12.7585  6.8988
 16 720  8.1698  4.6025  7.3806
 48 720  7.8292 11.9146  4.4072
 80 720 -0.1645 20.4297  6.8076
112 720 -0.3458  7.9339  6.1844
144 720 20.0500 -1.2844  9.1683
176 720  6.6480  0.3207  8.8268
208 720 -5.1391 12.6165  5.9674
240 720 -0.3683 19.5100  5.5784
272 720 -8.1202  6.1071  6.2113
304 720 -0.0875 -0.2786  4.9517
336 720 18.1053 -3.5954  4.8392
368 720  0.0490 -2.1290  5.2201
400 720  6.6528  0.2042  6.6087
432 720  0.0141 -3.0141  5.7642
464 720  5.7035 -2.9242  6.5717
496 720  0.8488 -21.4164  7.7810
528 720 -0.3723  4.6231  4.9064
560 720 -4.8519  3.9276  4.8983
592 720 -0.2332 -18.4429  6.5538
624 720 14.8370 -3.9309  5.8772
656 720 -13.2446 11.2457  5.1441
688 720 16.1696  0.9457  4.7273
720 720 -6.2256  8.0284  5.0474
752 720 -0.1584 -0.5458  4.6719
784 720 -3.0707  0.0031  6.3440
816 720  1.0367  1.7043  4.6814
848 720 -0.2332 -7.0987  4.3752
880 720 -1.6116 -0.1794  6.3518
912 720  0.0050  8.0804 11.8991
944 720 -15.2937  5.5865  6.4272
976 720  0.0343 -3.2905  6.8963
1008 720  0.6159 -9.6787  6.5036
1040 720 -0.4635  0.2284  7.7671
1072 720 -1.6580 -0.5375  4.9340
1104 720 -0.3167 -0.2290  6.2752
1136 720  0.3421 19.7770 14.1684
1168 720 -3.3356 -0.0470 15.4457
1200 720 -0.2505  6.5776  6.4900
1232 720 27.2671  9.7535  5.9851
1264 720 -0.1541 -0.3908  9.0658
1296 720 -7.0999  0.0836  6.3869
1328 720  0.2195 -0.2324  7.4705
1360 720  0.2573 -0.4398  5.9718
1392 720  0.3794  0.1029 11.8435
1424 720 -0.8634 -1.0409  7.3191
1456 720 20.2264 -24.1386  5.7464
1488 720 -14.0639 -5.9534  5.2920
1520 720 -9.0000 -15.9218  4.6028
 16 752  0.0737  0.2679 12.3179
 48 752  0.3765 -2.5842  6.2521
 80 752  0.4750 -20.2828  5.4363
112 752  0.2026 -0.0152 10.9834
144 752  0.3929  9.2494  6.2024
176 752  2.1884 -13.4418  8.2132
208 752 -3.0013 -15.9144  4.5697
240 752 -0.2094 -3.0727  5.9336
272 752  0.3147  3.5918  5.9732
304 752 -0.1255  0.3241  5.3098
336 752 -0.2618 -2.6404  5.2054
368 752 -7.0177  0.6489  5.4683
400 752 -0.1141 -22.3039  5.3101
432 752 -6.8074 -12.0222  7.2922
464 752  2.4045 -13.1403  4.9162
496 752 -11.3666  0.8250  4.1934
528 752  1.5150  7.8305  4.4142
560 752 -7.0022  1.3232  4.6185
592 752  0.7495 -0.2386  5.8377
624 752  0.9986 -14.7914  7.4605
656 752  1.2241 -13.0858  5.6577
688 752 -21.8908 -6.8860  5.2296
720 752 -6.6674  0.2053  5.7528
752 752  6.9822 -5.3296  5.0301
784 752 -1.0502  2.0163  4.2523
816 752 -0.3997 -0.6124 13.3484
848 752  1.8547 -9.6262  4.6047
880 752  0.3622  1.0877  7.9603
912 752 -0.3974  0.4549  5.5735
944 752 -2.9249 -15.6178  6.4108
976 752 -9.6495 -17.7321  5.6053
1008 752  0.3285  2.7555  6.0578
1040 752 -2.3690 -1.8749  7.9521
1072 752 -7.8755 -3.5015  4.7204
1104 752 13.1839 14.2575  6.5911
1136 752 -24.9479  8.1265  8.2372
1168 752 -0.2192 -7.3321  6.1605
1200 752  0.1831 -5.6462 28.3846
1232 752  0.0483 -4.9902  8.0759
1264 752  0.2102 -13.9281  6.6932
1296 752 -0.1216 20.6413 11.2011
1328 752  0.1047  0.2119  6.0783
1360 752 16.2417 -3.5066 10.7313
1392 752 -0.2378 -9.2094  8.7516
1424 752 -16.4129  0.0358  6.4385
1456 752 -0.3914  0.1438  9.1388
1488 752 -5.7040 -16.7678  8.4295
1520 752 -7.7802 -18.5458  6.6997
 16 784 -0.1741 -0.0234  9.3984
 48 784 -13.4254 -9.9137  5.6477
 80 784  0.1901 -12.0201  5.2095
112 784  0.3565 -8.5141  7.7224
144 784 -17.6838 -0.2175  8.3665
176 784 -0.1777  1.7774  8.6333
208 784  0.2094 -21.8860  6.6824
240 784 -6.8380 -0.3808  7.0656
272 784 -5.0869  9.6365  8.6884
304 784  0.0167 19.3961  4.9311
336 784 -0.1237 -10.0741  4.4880
368 784 -9.6066 -7.8676  6.9177
400 784 -9.9481 -2.6621  6.9605
432 784 -3.3515 -0.1386  4.3945
464 784  3.1661 -11.3172  6.4338
496 784  6.2259  0.6961  5.5186
528 784 -1.9676  0.6757  6.6471
560 784  0.0764 -5.9145  5.0895
592 784 -0.3886 -4.1326  7.2208
624 784  0.6511 -3.7702  5.4752
656 784  3.4496 -3.8696  5.1728
688 784 -2.7059  8.7395  5.3219
720 784  2.1257  2.1645  5.1601
752 784 -0.8893 -11.8846  5.0091
784 784 -4.0456  0.2319  5.5039
816 784  1.3740  2.7518  5.8762
848 784  0.3920  6.2289  4.1765
880 784  1.0784 -0.2365  7.9013
912 784  0.0827  0.1846  7.4308
944 784  1.5740  7.6975  5.7681
976 784 -8.8706 16.2659  7.6195
1008 784  0.1456 -13.0028  8.3615
1040 784 -0.4098  0.3557  5.0883
1072 784 -15.4960 12.2155  7.5663
1104 784 19.8237 -0.4463  8.4848
1136 784 -8.9384 -19.6835 15.3355
1168 784  0.1964 -25.8655 11.6755
1200 784 -3.0375  0.6421  5.6017
1232 784  0.1836  0.2416  7.2074
1264 784  0.8153  5.2923  8.2924
1296 784 -0.1737 -0.4088  8.3567
1328 784  0.5302 -0.1338  5.7261
1360 784  0.3279  0.4681  8.5637
1392 784  1.7138  3.1836  8.2179
1424 784 -2.8964 -3.7443  6.9898
1456 784 -10.3356 -17.7140  7.3745
1488 784  0.2007 13.7189  9.0863
1520 784 -0.1294  1.3694 10.6583
 16 816 -3.8034  0.0293  9.1746
 48 816 -13.4929 -0.2146  7.5099
 80 816 -5.7862  8.3739  6.0698
112 816 15.8401 -8.2958  5.5015
144 816 -4.7214 -0.0489  5.0291
176 816 -18.4952 -15.2826  7.1570
208 816 12.6750  0.8025  5.5803
240 816 -0.0278 -1.9915  6.0898
272 816  0.2560 -2.2005  6.4914
304 816 -1.6085 -0.4399  8.4222
336 816 -17.6852 -1.6233  9.7173
368 816  0.1876  0.7322  6.7322
400 816 14.0065  0.2743  4.5172
432 816  3.7928 -6.7650  4.0272
464 816 -0.2193 -0.1753  5.6872
496 816 -0.3673 -0.1433  4.4586
528 816 -0.1986 -0.0641  6.9529
560 816  0.4519 -0.0219  5.7446
592 816  2.8631  4.7895  5.4554
624 816 -4.7566  1.2134  6.5098
656 816 -0.2122 -6.7224  4.7035
688 816 -0.4200 -3.9891  4.4735
720 816 -3.3200 -0.9029  5.4076
752 816 -0.0371  5.3060  5.9962
784 816 -0.1212 -0.2141  4.9342
816 816  6.5477  1.6708  4.9402
848 816  0.0616  2.9232  6.2142
880 816 -7.0914  0.1131  4.9990
912 816 -5.0664  0.5186  5.3097
944 816 -0.2822 -0.7635  5.3724
976 816 -2.9182 -0.3310  7.9888
1008 816  0.3073  0.6827  7.5047
1040 816  2.8309  0.0795  4.5083
1072 816 -14.2278  0.3001  9.5895
1104 816 25.9873 18.1356 26.1799
1136 816 -5.6938 18.4260  9.6432
1168 816  0.2650 -0.3806  6.6271
1200 816 25.7015 -0.3591  7.3312
1232 816  0.3063  1.6744  5.4155
1264 816 -0.2200 -9.1589  7.6891
1296 816 -0.4250 -10.2435  6.5028
1328 816  5.9357  0.0226  6.7348
1360 816 -0.2491 -3.6036  6.3293
1392 816 -9.8989 -26.1822  9.2098
1424 816 -0.0253  0.1979  6.2439
1456 816 -0.1158 -7.0928  8.6516
1488 816 -0.1093  1.5186  9.5590
1520 816  0.1927 18.3313  8.2728
 16 848 -0.1811  4.4750  6.9990
 48 848 -15.8482  0.2058  7.5422
 80 848  0.3793 -0.0193  8.9589
112 848 10.0650  0.1761  7.7310
144 848 -8.3810 -1.1531  5.3934
176 848 -2.4016 -0.3196  5.2771
208 848  1.5631  5.9103  7.3744
240 848  0.4837 -2.0769  6.0602
272 848  8.9176 -25.4253  6.9756
304 848 -2.4657 -0.2693  4.6478
336 848 -7.6510 -7.8004  4.7805
368 848 -0.2034  2.0119 15.6938
400 848 -15.0736  5.1999  8.4557
432 848 -0.2122 -13.8128  5.4843
464 848  3.0943  6.0882  5.7572
496 848  3.9739  2.2278  4.8167
528 848  1.9003  0.0790  4.6488
560 848 -3.3339 -12.8590  6.1039
592 848 -3.3391 -8.3916  4.9860
624 848 -2.7658 20.9916  6.5006
656 848 -0.3824  2.1704  4.9556
688 848 -0.1149 -7.9229  5.5314
720 848  0.1975 -1.1639  5.2661
752 848 -0.7685  0.1481  5.0449
784 848 -2.5634 -2.1144  4.7620
816 848 -0.7234 -7.6274  5.0739
848 848 -0.4894 -2.0968  6.0457
880 848  0.4732 -0.3233  5.6092
912 848 -0.4366  0.0801  5.5029
944 848 -0.0409 -2.9200  5.4500
976 848 -0.7563 -0.0159  8.2642
1008 848 -0.0303 -8.3049  7.2834
1040 848 -0.4623 -6.0973  5.0822
1072 848 -27.6743  5.0260  7.2860
1104 848  0.2062 -2.7164  9.0575
1136 848 -4.8813 -1.5514 22.5946
1168 848 -0.3170  0.3047  5.6968
1200 848 -0.2853 -3.7422  5.4119
1232 848  3.3732 -22.0320  8.0580
1264 848 -0.3505  0.0749  9.7857
1296 848  7.8305 -0.3779  8.2975
1328 848  0.0605 -14.4449 10.0038
1360 848 -8.1885 -14.2011  5.6910
1392 848 18.9259 -4.8143  5.9087
1424 848 24.4698 23.9989  9.3339
1456 848  0.2858 20.7336  6.4655
1488 848 -0.1933  0.3267  8.0219
1520 848  0.0337 13.0615  9.0323
 16 880  0.0252 -0.1363  7.1979
 48 880 -15.2235 -0.1717  5.1891
 80 880 20.4632 -11.1532  8.1395
112 880 -22.6029 10.5895  5.4191
144 880 -0.2101 15.5683 12.3448
176 880 -5.9759 21.2722  7.9909
208 880 17.9117 -7.6080  4.0830
240 880 -23.1816 -16.9391  7.4109
272 880 11.9053 -1.0031  6.2982
304 880  4.5069 -0.1530 11.4154
336 880  8.8702 20.2465  4.7096
368 880 -0.0764 10.0423  7.2213
400 880 -16.9850 -0.1045  9.3512
432 880  0.1163 18.9945  5.7404
464 880 -3.7257 -1.0224  5.6393
496 880 11.7273 -3.6529 10.9325
528 880  0.0000  5.1553  5.8502
560 880  1.0662  2.3609  5.5944
592 880  0.9113  6.9761  6.1178
624 880 -3.9807  0.1269  6.9685
656 880  3.1424 -7.8148  5.2311
688 880  0.0955  0.1708  5.5087
720 880  2.6083 -1.1010  4.4869
752 880  0.4964 -6.7630  5.1902
784 880 -1.8353 -2.6510  5.6115
816 880  0.0011  0.0119  4.7944
848 880 -0.1055 -7.8180  5.8435
880 880  2.8875 -2.7788  5.5418
912 880  8.7422 -3.0698  5.5748
944 880 -0.5612  0.0649  6.7450
976 880  0.0994  0.1758  6.2058
1008 880  0.0727 -6.9692 10.5507
1040 880 -0.0354  0.1179  5.3206
1072 880 -14.0363 -12.3403  7.1060
1104 880 -27.5883 -0.6667  6.6448
1136 880  2.2207 12.0488  7.9285
1168 880 16.4694 18.7503  8.0900
1200 880 -14.0121 -22.7144 10.6122
1232 880  0.2466 -15.2801 10.5281
1264 880 18.9644 -22.6366  5.4411
1296 880 12.8543 -8.0752  6.5809
1328 880 -13.7806  0.1713  7.8272
1360 880  4.7247 -0.1098  9.0478
1392 880 13.8108  8.4053  6.6868
1424 880 12.2066 -25.5610 10.0928
1456 880 -0.0974 -0.4758  7.8826
1488 880 -0.0909 -5.6634  7.6873
1520 880  0.2564 -14.5811  8.4930
 16 912 -0.1958 14.8251  5.3094
 48 912 -11.8332 15.7659  6.3712
 80 912 17.1491 -5.5137  6.7378
112 912 16.4978  5.0181  9.4227
144 912 -19.0967 -0.2964  7.3360
176 912 -15.8598 -22.4303  9.8528
208 912 -3.6374  0.2453  4.9027
240 912 -13.3537  0.0318  4.8851
272 912  1.3593  5.6122 13.0651
304 912 15.2218  0.0649  6.8865
336 912 27.3284 -2.1326  9.0344
368 912 -0.2932 -0.2438  4.8632
400 912 -15.6108  2.1529 12.4885
432 912 -19.7404  0.3589  5.8110
464 912 -15.7607 -0.2451  5.8638
496 912 13.5062  0.2907  4.7923
528 912  2.7805 -1.0556  6.0355
560 912  2.8675  4.8277  5.1088
592 912 -0.0405  3.8970  4.8373
624 912 -0.0231 -7.1009  6.0615
656 912 -1.5994 -0.0706  4.5999
688 912  5.9475  5.8237  5.6073
720 912 -4.4112 -12.6522  4.5955
752 912 -0.3057 -2.3918  5.3509
784 912  0.7299 -4.5257  7.2329
816 912  0.1765 -13.4377  5.3395
848 912 -0.1634 -14.7068  5.6603
880 912  5.7845 -4.0375  5.5272
912 912  7.5763 -4.2610  5.3819
944 912  0.1983  1.7458  5.5711
976 912 -0.2739 -8.4397  5.4948
1008 912 -0.0663 -13.8529  5.7498
1040 912  0.1802 -8.9418  5.5897
1072 912  0.2720 -7.8269  7.0555
1104 912 -14.8832 -23.8183 14.9740
1136 912  9.3460 -4.8191  5.8284
1168 912 -0.1665 -3.6877  5.9749
1200 912  0.4424 -2.5792  5.4287
1232 912  8.6225 -1.2860  4.2507
1264 912 11.9950 -0.0622  5.0447
1296 912  7.6213 24.9259 14.0100
1328 912  7.7430 18.5150  8.7790
1360 912  8.4347 12.5663  7.4670
1392 912 -0.0860  4.3432 12.1112
1424 912  5.2156 -3.4442  5.3706
1456 912  0.3427 -4.4293  6.1860
1488 912 15.7696 -7.8311  6.1144
1520 912  0.0266 -23.6130  9.8262
 16 944  0.1378 -13.6598  6.3565
 48 944 -5.5159 -0.0405  9.8705
 80 944  0.0184 15.1550  6.7789
112 944 15.7352 -11.4077 14.7712
144 944 -15.8339 -20.8734  8.7496
176 944 -19.8042  1.0226  9.3464
208 944 -2.2100  8.0807  9.6487
240 944  6.5964  1.0607  8.4562
272 944  1.3960 -0.1947  5.1522
304 944 26.7963 -0.1331  6.3301
336 944 12.3138 -0.0363  7.4085
368 944  0.0619 -8.1344 11.2433
400 944 -13.9966 10.9270  4.7786
432 944 -24.1734  7.3005 10.7444
464 944 -13.9631  6.6947  4.8058
496 944 -6.6733  1.5110  7.5579
528 944  0.3357 -6.0158  6.5478
560 944  2.8244 -0.3322  8.0528
592 944  2.3055  0.3635  5.9472
624 944  1.5207  2.1972  5.0663
656 944  4.4947  0.1959  5.2719
688 944 -19.6635 -6.7483  6.9353
720 944  2.5000 -7.0084  5.5061
752 944 -3.0532 -5.6884  7.1584
784 944  1.5368 -5.3452  5.9735
816 944  0.1395 -6.7437  5.8763
848 944 11.2127 -7.9127  6.1727
880 944 -0.9936 -12.5413  6.3587
912 944 27.0266 -13.1720 10.6286
944 944  3.9548  0.2811  5.0992
976 944 -0.4593  4.3915  6.0001
1008 944 -2.0338 -7.2686  6.1372
1040 944 -0.0443 -17.1055  6.5204
1072 944  0.0114 -3.0445  6.6089
1104 944  2.1494 -0.3247  7.1019
1136 944 -5.7931 -5.7265 10.9736
1168 944 -3.8595 -17.9623  7.1041
1200 944  0.0140 -17.6704  6.9299
1232 944  0.0408  0.3107  4.8786
1264 944 20.4688  5.9560  5.9792
1296 944  0.0590 -1.9091  6.0698
1328 944 -8.1204 -10.5957  4.4698
1360 944 -0.4859 -9.8871 10.4875
1392 944  0.0756 21.2709 16.2173
1424 944  0.2505 10.1964  7.0211
1456 944 24.9979  4.5580  7.3802
1488 944 -0.2756 -4.6480  7.7294
1520 944  0.0454  1.8684  7.2389
 16 976  0.0567  0.0472  6.0946
 48 976 12.3743 15.9481  7.3813
 80 976 -0.6102  3.9478  7.6081
112 976 -0.4294 -0.2445  7.9055
144 976 -15.7950 -0.3203 11.2640
176 976 -4.1850  7.9011  8.6827
208 976  3.7957 14.6626  3.9743
240 976 -7.2056 -22.4916  5.5248
272 976 -0.3753 -0.2292  5.3669
304 976  0.1652 -14.0225 10.3194
336 976 15.7359 -3.9684  5.5891
368 976 16.4225  5.2836  6.7602
400 976  7.9334  5.5871  4.5629
432 976 -20.9409 18.7709  9.8272
464 976 -0.2336  1.9702  5.1372
496 976  5.1263 -0.4126  6.4951
528 976 -6.0561  0.0162  7.2481
560 976  3.6076  1.3980  6.1232
592 976  0.3336  6.4144  4.9506
624 976  4.2688 16.2061  5.4069
656 976 -2.6102  4.9169  5.3143
688 976 -0.3781  3.0331  7.9622
720 976 14.3422 -10.0857  6.0791
752 976  0.1882 10.5496  4.7618
784 976  1.7602 12.7232  5.4546
816 976 -3.8417  5.7130  4.9768
848 976  7.5572 12.4067  5.6222
880 976 -3.9231 15.5674  4.8563
912 976 20.6197 10.3213  6.7117
944 976  2.3572 -0.0759  5.7498
976 976  4.2286  3.3180  4.7144
1008 976  0.0249 -3.1317  4.7103
1040 976 -0.0965  0.3633  7.0394
1072 976  0.2994 -1.7099  8.2517
1104 976 19.1722  0.4982  5.4346
1136 976  0.3145  0.3737 10.3733
1168 976 -12.6991 21.0951  6.6770
1200 976 19.0235 12.8518  6.0836
1232 976 -12.0983  1.2787  6.7948
1264 976  3.8017 -0.1088  4.5002
1296 976  0.1174 -0.4209 15.0465
1328 976  0.2791 -0.4513  5.8687
1360 976 -0.4454  0.2196  5.4287
1392 976 -0.4174 -7.2547  6.3111
1424 976 18.4531  1.9557  6.4818
1456 976 24.4342 15.6531  6.5818
1488 976 -13.7251 21.1480 10.0621
1520 976 13.3577 13.6906  5.9500
 16 1008  0.1274  6.9669  6.4815
 48 1008 -0.0586 14.6197 10.3464
 80 1008 -6.6399 -9.7859  6.3040
112 1008 11.2367  3.8763  6.9909
144 1008 -12.6606  0.4873  5.7410
176 1008  6.7472  7.7088  6.8022
208 1008  3.4524  2.7511  7.5913
240 1008 -9.7252  9.4942  7.7204
272 1008 -12.8375 -6.2594  7.9492
304 1008 -0.2226 -12.8374  9.5512
336 1008  1.3948 -17.1102  7.8351
368 1008 27.2210 -2.7658 10.0109
400 1008 11.5677 -5.6784  7.9298
432 1008 -1.7443 -3.3119  4.0181
464 1008 -26.6678  2.5021  8.1306
496 1008  1.2387 13.9847  6.9754
528 1008  1.2716 -0.3744  5.7469
560 1008 -7.8620 -20.8966  6.1410
592 1008  2.9425 -15.1863  6.8791
624 1008 -7.5138  0.1486 13.9103
656 1008  0.4142 -7.6930  5.0167
688 1008  0.9288  1.7191  5.9705
720 1008  6.2105  0.2810  5.9896
752 1008 -1.4151 -6.2692 17.3498
784 1008 -12.7754  7.0355  8.1718
816 1008 -21.3958 15.7273 13.1447
848 1008 -0.1432  4.6391  5.3884
880 1008  4.7261 15.7030  5.7707
912 1008 15.0952 19.1144 13.1997
944 1008  2.2515 -0.0786  5.0830
976 1008  0.1313  1.9150  5.0309
1008 1008  0.0395  0.1873  5.5825
1040 1008  0.7976  3.9937  5.9971
1072 1008 18.4193 10.1051  6.0255
1104 1008 -15.0816 -0.0118  8.0555
1136 1008 15.8409 -0.8472  7.8885
1168 1008 -0.3511 23.9951  5.3605
1200 1008 -0.1280  0.1289  5.7651
1232 1008 -14.3066 -0.4535  4.6291
1296 1008  8.7844 -10.6351  5.0304
1328 1008  0.3050 -0.2363  9.9554
1360 1008  0.4955  0.0187  4.2576
1392 1008  6.6531  6.0403  3.8375
1424 1008 -15.6332 -6.9871  5.7404
1456 1008  0.3038 -11.5018 15.6784
1488 1008 -21.1807 11.0831  7.5409
1520 1008  0.4689 -11.2486  6.4704
 16 1040  0.0420 -24.2648  8.1936
 48 1040 -0.0873 -22.3300 10.7978
 80 1040 12.9489 -21.1286 10.1158
112 1040 16.1651 -1.6273  7.4026
144 1040 12.9060  2.4724  3.8408
176 1040 -6.3877 20.3734 10.0149
208 1040  0.1979  2.8595  8.6567
240 1040 -0.4934  8.2493  5.0366
272 1040  7.9764 22.3912  5.6107
304 1040 -16.2308 14.1137  8.7108
336 1040 15.9342 -0.3511  7.0766
368 1040 26.0824 11.2308  9.9994
400 1040  0.3115 -15.7690 11.7630
432 1040  0.4746 -19.8093 13.8886
464 1040  3.8223  1.4517 10.1419
496 1040  0.1418  1.2824  8.1843
528 1040 -12.2540  9.8650  4.9720
560 1040  7.4707 -0.2614  4.0044
592 1040  4.9749 -11.1452  5.3518
624 1040  9.7502 -2.6963  5.9192
656 1040 -1.5216 -2.1894  8.5120
688 1040  0.0475 -15.8374  5.8030
720 1040 14.9652 -18.7001  8.7413
752 1040 14.4456 -3.6021  9.2401
784 1040  9.9958 14.4163  8.1935
816 1040  5.2320 19.1188  8.6585
848 1040 -1.5935 21.2887 12.0815
880 1040 -4.9501 14.2046 15.6910
912 1040  7.7004 -1.3817  4.7126
944 1040 -0.0882  6.5274  5.4489
976 1040 -3.9239 10.9110  5.5026
1008 1040  0.1604 -1.4553  5.7636
1040 1040  7.3981  6.5716  5.4202
1072 1040  0.3535  6.3767  9.7372
1104 1040 -0.0485  9.8347  5.8554
1136 1040  0.1435 17.6902  6.0970
1168 1040 -0.2002 -0.0169  7.7403
1200 1040  0.3556 -0.1448  5.3691
1232 1040 -26.4853  0.2285  6.5384
1328 1040 21.2378  1.8491  9.7275
1360 1040  0.2865 -0.2027  8.6382
1392 1040 -0.0370 -6.0975  7.8902
1424 1040  7.0851 -5.1712  4.8695
1456 1040  0.3825 -0.4634  6.6383
1488 1040 -13.7933 -2.7716  6.5657
1520 1040  0.2480  1.8597  5.3560
 16 1072 -2.8376 -25.6495  9.0815
 48 1072 -6.4848 -12.0070  3.8185
 80 1072 12.5961 -16.2978  5.2376
112 1072  2.7583 -1.8303  6.5672
144 1072 20.8311 -21.3468 10.2330
176 1072 -1.9411  0.2638  8.3175
208 1072 -17.3888 26.3259  9.0275
240 1072 13.2684 12.2830  6.9901
272 1072 -21.5228 -2.1197  8.3315
304 1072  0.3113 -0.2642  8.5375
336 1072 12.0172 -0.1405  4.7498
368 1072  7.5281 -0.2923 12.1985
400 1072 -1.1560 -13.4390  7.3991
432 1072 18.2109  0.3932  9.6960
464 1072  7.9331 15.9999  9.3409
496 1072 -6.0121  3.8024  6.7653
528 1072 -0.2659  0.2516  5.0347
560 1072 -4.0561 17.8364  9.2832
592 1072 -0.1854 14.4643  6.2180
624 1072  7.7390  8.6452  5.5155
656 1072 -0.3035  0.1800  9.6720
688 1072 -19.4565 14.6829 10.8506
720 1072 24.2222 -0.1314  5.8549
752 1072 12.9348  1.0127  9.2831
784 1072  6.8117 -10.7112  7.3808
816 1072  0.4708 -12.7857  7.7641
848 1072 -0.0433  4.0947  4.8655
880 1072 -4.1966 23.6384  6.2092
912 1072  9.8220  6.1638  4.9651
944 1072  0.2199  0.0944  5.4318
976 1072  0.4065  0.1764  6.2625
1008 1072  0.3433  7.1552  4.5598
1040 1072 -0.8067  0.0394  5.2282
1072 1072  2.9422 -0.2453  9.6039
1104 1072 -2.4111 15.9300  7.0899
1136 1072 -0.2229  1.5087  5.1824
1168 1072 -14.4515 18.0489  5.8049
1200 1072  4.4593 17.8227  6.3033
1232 1072 -19.0225  0.3176  7.0528
1264 1072  0.3076  3.9833  4.5779
1296 1072 -0.3436  9.5000  5.4108
1328 1072 -0.4848 16.3632  5.5506
1360 1072  0.0910 -7.8414  4.6817
1392 1072  8.0017  0.3600  4.5485
1424 1072 11.6048 -24.7134  6.1976
1456 1072  0.2805 -17.3275  5.3398
1488 1072 -0.1750 -14.8517  5.3619
1520 1072  2.0716 -4.0143  4.4475
 16 1104 -21.3451  0.9986  6.4971
 48 1104 -0.4014  5.0931  5.7595
 80 1104 18.5961 -5.4926 10.6704
112 1104 17.0668 -15.0658  4.6193
144 1104  0.3908 -3.7332 13.6484
176 1104  0.3078 10.0689  4.7800
208 1104  7.0430  8.0920  5.2793
240 1104 -0.1502  4.8790  4.5295
272 1104 -15.3803 20.9348 10.7390
304 1104 -2.8235  0.1879  7.5918
336 1104 13.4404 28.9808 21.5369
368 1104  3.1718 -1.8895  7.4611
400 1104 -14.1755  0.3088  9.7934
432 1104 16.4850  8.1481 10.5947
464 1104 19.4662  9.2059  6.0689
496 1104 -8.8468 -16.3676 10.3983
528 1104 -0.9201 -0.2427  5.4119
560 1104 -12.9126  5.1465 12.7830
592 1104 -9.1277 -2.3073  7.0279
624 1104  0.1161 -15.1290  5.6828
656 1104  4.6287 -14.1374  8.6410
688 1104  3.1558 -0.2134  6.2288
720 1104 20.9219 26.6883 14.3174
752 1104 -2.5138 18.0848 10.0195
784 1104 10.2798 14.9225  9.3816
816 1104 -5.2439 -19.1262  5.7536
848 1104  6.9120 -16.1576  5.9346
880 1104 -23.6977 -14.0683  5.9141
912 1104 -0.3233 -7.6894  4.2834
944 1104  2.9410 -2.2137  4.9920
976 1104  1.7880  0.2023  5.2972
1008 1104  5.5329  3.0987  6.0440
1040 1104  2.6579 17.8444  8.0194
1072 1104 -14.4332 22.6126  6.9854
1104 1104 -10.1736 -0.0250  5.5807
1136 1104 -0.1520 -10.9094  5.0548
1168 1104  0.4376  0.3557  5.2796
1200 1104 -5.5176  0.0818  9.2090
1232 1104 -8.0978 24.2708  8.7474
1264 1104  0.3791 -0.3966  9.9519
1296 1104 -0.1750  0.2761  7.8840
1328 1104 -0.1461  5.4426  6.6075
1360 1104 -0.2775 13.2353 13.9871
1392 1104 -7.7451 14.2073  6.8711
1424 1104  2.9796  4.6301  5.2342
1456 1104  0.2311 19.7099  9.8438
1488 1104 -9.3754 13.9061  5.7267
1520 1104 -0.2896 16.3817  4.7129
 16 1136 -20.1712  5.5107  5.9452
 48 1136 -4.0998  9.3368  4.6188
 80 1136 -16.0838 -4.6937  5.1098
112 1136 -0.1016  0.0297  5.6921
144 1136 12.5384 12.9928  6.3241
176 1136 24.7900 -6.2942  6.2750
208 1136  7.8396 -10.4070  5.3091
240 1136  2.5206 -3.9287  8.5946
272 1136  0.2482 -0.1363  8.2648
304 1136 -3.1955 13.2126  6.7650
336 1136 11.7426 -3.4813  5.8639
368 1136 -14.3859  2.8261  6.8722
400 1136 18.6087 10.1911 10.4345
432 1136 -5.3002  4.2879  6.4362
464 1136  7.2738  7.5906  6.0780
496 1136 -3.2369 12.4359 10.3479
528 1136 16.1892 -0.4225  7.8952
560 1136 -27.8360  3.3550  6.2846
592 1136 -25.6208 -9.8762  8.9920
624 1136 -14.5795  4.6174  6.6859
656 1136 19.1789 14.7514 10.2901
688 1136  3.4461  8.7559  6.7900
720 1136  0.2953  0.2550  7.7824
752 1136 20.6690 -2.9045  7.3561
784 1136 -9.7580 -3.8854  7.2621
816 1136 -0.2248  1.6068 11.7370
848 1136 -19.0956 -15.7889  8.2023
880 1136 -7.8609 -19.8408  8.0162
912 1136 -3.5473 12.5465  7.6381
944 1136  1.0574  2.4296  5.4892
976 1136  3.6174 -2.9640  7.4547
1008 1136 14.3199 -18.3516  6.9551
1040 1136  0.2118  6.2183  9.0277
1072 1136 -7.2556  1.6511  4.2030
1104 1136 -0.3677 -18.0784 12.1418
1136 1136 -15.4745  0.1601  8.7588
1168 1136 23.3132 19.6688 10.4918
1200 1136 -0.2884  5.2871  5.6715
1232 1136  0.0099  8.6451  4.6879
1264 1136 -6.8230  6.4747  5.4810
1296 1136 -2.8540 20.5297  7.0422
1328 1136 -10.5933  0.1936 11.0720
1360 1136 16.3108  0.0496 11.3791
1392 1136 -12.3146  5.9411  6.7164
1424 1136 -11.4903 25.8733 12.7251
1456 1136 -0.0355 20.1864  4.9313
1488 1136 -0.4965 17.8226  4.7906
1520 1136 -4.9766  0.5250  4.3622
 16 1168 -8.0710 27.4276  5.8821
 48 1168 -0.4622 14.8173  5.7317
 80 1168 -20.2339 26.2945 11.5600
112 1168 23.9403 13.0594  6.0112
144 1168 11.1837 -22.0693  6.0871
176 1168  0.3262 -14.4231  5.7159
208 1168 -2.6626 -3.3901 10.4182
240 1168 11.9927 -0.0327  7.1760
272 1168 -24.0237 -15.0666 11.2558
304 1168 -8.7885 -20.0129  7.6923
336 1168 22.4269 -21.3774 17.8480
368 1168 -0.0178 -0.0470  5.4386
400 1168 15.7864 -13.7506  7.0229
432 1168 -1.0090 -0.1106  5.6751
464 1168 15.1913 -8.6058  5.8923
496 1168 -1.7211 -18.6056  5.0035
528 1168  4.6839 -0.0585  5.9389
560 1168 -6.4270 -9.7798  5.1640
592 1168 -0.0792  0.1706  8.4996
624 1168 -0.2878 13.4920  6.6769
656 1168 -16.6710  1.2654  6.5545
688 1168  0.1666 -0.3774  6.4644
720 1168  0.1012  0.3935  8.9259
752 1168 -0.0212 -0.8086  6.5088
784 1168  1.8908  0.4126  5.0451
816 1168  0.0186 15.6840  8.1392
848 1168  2.6226  3.1158  4.9079
880 1168 -2.1405 -0.2054  5.2450
912 1168 -17.8604  0.4016  6.3088
944 1168  0.2119 -0.0905  5.8163
976 1168  5.7310  0.3052  4.7386
1008 1168 -8.0677  9.2473  4.5413
1040 1168  0.4599 -3.2461  7.4985
1072 1168 -10.1933 -0.4429  5.6246
1104 1168 -0.5274  1.0533 16.4085
1136 1168 20.1986 -1.8196  8.4567
1168 1168  0.3912  4.5475  7.7775
1200 1168  5.6400  0.1854  7.1540
1232 1168 -0.2659 -12.7498  4.8099
1264 1168 -0.3222 10.7634  3.9480
1296 1168 -4.2019  8.6089  4.8932
1328 1168  6.4403 27.4837  9.8887
1360 1168 -1.2463 24.9565 11.3211
1392 1168  0.0912  0.4176  8.2044
1424 1168  0.1181  8.2209  4.9601
1456 1168 -0.3784 13.0977  4.6955
1488 1168 -0.4580  0.4515  4.7960
1520 1168 -0.1820  0.3220  8.2778
 16 1200 -7.7818 -7.6877  5.7703
 48 1200 -13.0159  3.0496  7.5508
 80 1200 -0.3959 -14.2167  9.9769
112 1200 -0.0192 -24.0080  6.3989
144 1200  6.4519 -16.5682  7.7792
176 1200 -0.1687 -0.0351  8.4852
208 1200 21.9465 -17.9617  8.1012
240 1200 -12.0619  0.2439  9.7522
272 1200 -10.1409 -4.9080  7.0618
304 1200  0.1298 -2.7403  6.6028
336 1200 19.7141  0.2584 11.6458
368 1200  0.1210 -2.7119  6.5296
400 1200 -6.0738 -0.1210  7.0126
432 1200  6.7022 -0.1711  6.6454
464 1200 -1.1196 -3.6000  4.8507
496 1200 27.9377  7.3955  5.9456
528 1200  9.6830  1.5399  4.9401
560 1200 -0.0192 -0.1856 10.6166
592 1200  0.0259 18.6665  5.2223
624 1200 20.6392 19.8006  6.8246
656 1200 -16.2453  0.0032  6.8608
688 1200 -10.0543 -20.3879  8.4536
720 1200  2.4961 -0.3323  7.5723
752 1200  0.1791 12.2186  6.1144
784 1200  5.5844  0.0816  5.9966
816 1200  1.0739 -12.9963  5.8845
848 1200 -21.8603 -6.2521  5.5482
880 1200  4.9886  3.9791  4.5973
912 1200  0.1479 -7.6785  4.9881
944 1200 -5.7450  4.6661  5.2589
976 1200  1.6394 -8.8912  5.5929
1008 1200 -20.4361 -0.3072  7.9337
1040 1200 -0.0841 -2.4847  5.1839
1072 1200  1.2624 -2.1134 13.5296
1104 1200 -20.3259  7.0918 10.8619
1136 1200 11.2857 -0.2920  7.9195
1168 1200 -0.1087 -18.3008 12.0854
1200 1200 -0.3029  0.2874  9.9382
1232 1200 -0.4192  4.3352  5.7957
1264 1200  0.4926 -0.2810  4.9707
1296 1200 -18.4297  0.2066  6.0538
1328 1200 -0.1905  1.3209  7.3093
1360 1200  0.1687  0.1482  7.6628
1392 1200 -0.2633 17.2755  6.0350
1424 1200 -0.2516  0.3131  5.8206
1456 1200 -0.4013  8.1365  4.7353
1488 1200 -4.6739 18.2916  4.3584
1520 1200  0.0603  0.4174  5.6320
 16 1232 -8.5000  0.2690  8.2943
 48 1232  0.2967  8.6710  7.9305
 80 1232 -15.5401  2.2072  5.8596
112 1232  0.1360  0.2483  8.9109
144 1232 15.9577 10.9199  4.9369
176 1232  8.0633 12.8393  8.1964
208 1232 -20.9523  0.0329  9.3033
240 1232 -4.7817 -25.2650 13.8691
272 1232 18.3204 -21.6148  8.3588
304 1232 10.8428 -12.4008  9.1095
336 1232  4.7122  0.2127  6.1219
368 1232 -3.5341 -22.5716  4.9177
400 1232 -0.2643 -0.3719  6.3612
432 1232  0.1118 -8.2864  4.8212
464 1232 -1.2148 -2.7247  5.2120
496 1232  9.9934 -1.5140  7.4812
528 1232  0.1408 10.5120 11.9905
560 1232  1.3133  1.8169 10.1696
592 1232 -9.7409 17.2128  5.1770
624 1232 -0.2351 -10.2780 10.8003
656 1232 -16.8243  8.3341  6.6487
688 1232 -5.4183 19.6221  8.9235
720 1232  5.3612 -9.2567  8.9086
752 1232 -3.5413 -23.0077  6.8885
784 1232 -15.2700 -2.9361 11.7201
816 1232 16.0818 -0.0524  8.9175
848 1232 -4.0130  0.1815  5.8688
880 1232 -0.3546  6.2511  4.7148
912 1232  1.8098 -1.2984  5.1711
944 1232 -2.0441  3.6675  4.9670
976 1232  0.1787 -0.9570  5.1681
1008 1232  0.3390  0.4830  5.4548
1040 1232  2.1946  0.0213  7.7539
1072 1232 24.8387 -4.0997 12.4106
1104 1232 -14.8794 -23.2961 10.9469
1136 1232 23.5866 -22.8984 14.8744
1168 1232 -1.9935 -0.0147  7.6225
1200 1232 -0.0110 -22.3133  8.4161
1232 1232  0.1997 -21.2770 10.3521
1264 1232  2.4469 -23.5072  8.6410
1296 1232  0.0946 -16.0724 11.1067
1328 1232 -8.1261 11.9336 11.7079
1360 1232  0.1945 -0.1381  8.8525
1392 1232 12.6266 -20.5443  5.8397
1424 1232 -0.4661  0.3015  8.8640
1456 1232 -0.2781  0.3842  6.9117
1488 1232 -0.4773  0.4850  5.5747
1520 1232 -10.7537  7.5866  4.9599
 16 1264  1.5781 -1.9838  6.7014
 48 1264 -18.8872 -10.0903  9.6348
 80 1264 -0.2796  1.6272  8.7060
112 1264  5.0680 18.8278  5.0204
144 1264 15.9850 15.4906 12.4340
176 1264 -6.5042 -4.6078  6.8657
208 1264  0.1317  0.3924  7.7887
240 1264 -5.2799  0.4080  9.7530
272 1264  0.2161 10.9777  5.4149
304 1264 16.1455  4.4711  5.7806
336 1264 -0.0710  0.0327  7.6232
368 1264  5.6553 -0.3251  4.6520
400 1264  0.4824  3.0359  6.5528
432 1264 -3.2107 -3.0194  4.5475
464 1264  3.1811  4.9562  7.8529
496 1264  7.6580 17.6044  5.7282
528 1264 13.4398 -0.3036  6.3597
560 1264  3.6003  0.1342  8.3010
592 1264 -0.3115 -0.2381  8.1020
624 1264 -19.4086 18.6049  5.9859
656 1264 -17.3965  0.1813  8.5366
688 1264 -15.9943 -23.3120  5.4726
720 1264 -1.8564 10.9964  4.9664
752 1264  6.1016 -0.3386  7.1463
784 1264 -0.3593 -2.1817  4.7707
816 1264 15.8225  0.1869  5.3297
848 1264  1.6324 -17.8025  4.8427
880 1264 -0.5205 -14.0886  4.5276
912 1264  0.6902 -0.1754  7.2064
944 1264  7.8902  3.9881  5.3931
976 1264 -0.4754 -10.8596  7.1814
1008 1264  0.1615 -3.1000  5.9126
1040 1264 -0.1535 -0.1172  9.6495
1072 1264  4.1795 23.5638  8.0430
1104 1264  2.7124  0.2257  8.6265
1136 1264 -1.5563 12.9744 13.8703
1168 1264 -0.0104 -0.2348  6.4814
1200 1264 -0.0767 -10.9742  6.2470
1232 1264  2.1680 -0.3856  7.4076
1264 1264  0.2073 -0.0857 11.2127
1296 1264 -0.0787 -0.3022  9.0604
1328 1264  4.5498 -18.7914  9.0589
1360 1264 -0.1543 -1.9946  6.7662
1392 1264 -0.1819 -18.7505  7.0562
1424 1264 -0.1847 -21.4809  9.7231
1456 1264  2.3476 -26.7181 10.0743
1488 1264  0.2104 -23.2957  8.5055
1520 1264 -0.2860  0.1275  8.4497
 16 1296  3.9206 -14.9922  5.8449
 48 1296 -0.4121 -1.5077 11.9972
 80 1296 -0.9331  2.9974  6.0390
112 1296  7.7896  2.9812  6.3212
144 1296 -9.7558 -23.2439  7.8317
176 1296 -13.1792 -23.2339  9.4602
208 1296 -0.1088  0.0438  5.6884
240 1296 20.4703  3.8550  6.1512
272 1296 -0.3757 -8.0019  5.4795
304 1296  2.1441 -0.2439  5.9426
336 1296 -0.1975  6.5470  7.7998
368 1296 -2.8257 -11.3684  5.8447
400 1296  5.4011 -1.1824  6.4262
432 1296 11.8737 -4.8751  5.2235
464 1296  0.0198 -15.9339  5.5613
496 1296  1.9707  0.3388  8.3820
528 1296 -0.2432 -11.1995  4.2554
560 1296  0.2001 13.0142  5.4628
592 1296 18.6123 13.3122  6.4030
624 1296 -11.4146  2.4227  6.3726
656 1296 -20.4714  5.8353  8.2995
688 1296 -12.0159  0.0621  7.4561
720 1296 -16.3208  0.3445  5.7176
752 1296 11.9764  1.8037  4.8476
784 1296 21.6166 15.6969  7.1735
816 1296  7.8203  0.0681  5.4728
848 1296 17.1985 -8.6871  5.1339
880 1296 -6.0068 -4.6144  5.0642
912 1296  4.2163 -8.4044  5.0778
944 1296  3.7030 -10.2864  7.3431
976 1296 -14.0359  2.2371  5.7971
1008 1296 -2.2223  0.3235  8.3342
1040 1296 -2.2144  2.5727  5.6353
1072 1296 -4.8479 13.5221 11.4717
1104 1296 -13.7993  6.7939  5.4757
1136 1296 -0.0902 -0.3284  7.8561
1168 1296 -0.2853 -0.1857  7.5715
1200 1296 -15.8712 -10.6708  9.1855
1232 1296  6.8425  0.0307  7.2354
1264 1296  0.1786  0.0625 10.2237
1296 1296  0.0368  0.0521 10.2080
1328 1296  0.1663 -0.0099  7.5002
1360 1296 -6.6186 -0.2133  5.7832
1392 1296 -0.2762  0.0840  8.7212
1424 1296 -0.0081 -0.0234 10.3917
1456 1296 22.3472  8.3288  6.6864
1488 1296 18.5817 -0.7249  6.3858
1520 1296 25.2499 -11.8488  6.1133
 16 1328  0.3640  4.9349  6.7600
 48 1328 -3.5842 20.1591  5.9963
 80 1328 -4.6943 12.0619  8.4128
112 1328 -4.7993  1.1511  7.7814
144 1328 -17.0186 15.1315  8.1783
176 1328 -7.7355  0.0090  6.8144
208 1328  0.4176 -0.2720  8.8036
240 1328  0.1822 -0.4295  7.8888
272 1328 -0.2893 -0.3975  8.7732
304 1328 20.7808  4.6173  6.1030
336 1328 -0.1973 -14.0186  8.6996
368 1328  0.1553 -3.3513  7.2910
400 1328 12.2517 -0.1868  9.8867
432 1328  2.5697  1.7098  5.1767
464 1328 14.3118  1.4599  7.7744
496 1328  1.9912 -0.0104  7.2382
528 1328 -20.7579  0.0216  4.5708
560 1328 14.1293  9.2102  6.4911
592 1328 -2.3408 -0.5529  9.5495
624 1328 -22.2334 -4.9127  5.9151
656 1328 -15.9301 -3.9206  8.5593
688 1328  0.1784 13.1278  7.4641
720 1328 -25.2154 23.8363 11.8720
752 1328  9.7594 19.7106 12.8055
784 1328 -0.1794 -26.7964  6.4581
816 1328  9.1937 -14.9345  6.8623
848 1328  3.0295  0.3864  4.9760
880 1328  9.5310 -0.2973  7.5437
912 1328 -3.9148 -15.0433  5.0276
944 1328  0.1013 -0.4484  6.2669
976 1328  4.2744  3.1657  4.2333
1008 1328 -2.3511  3.2183 10.6951
1040 1328  1.1595  5.2689  4.6027
1072 1328 -0.3207 -15.9725 12.2250
1104 1328 -0.4321 -22.0383  7.0985
1136 1328 -0.0708  1.0695  5.1437
1168 1328  4.5591 -14.5348  6.8045
1200 1328  8.5261 -15.7703  6.3407
1232 1328  0.6950 -0.2846  7.5974
1264 1328 -15.9727  0.3477  5.7708
1296 1328 -16.0794 -26.3043  6.1645
1328 1328 -4.8185 -21.3097  8.0178
1360 1328  0.3216 -24.1427  5.0787
1392 1328  0.0771 -0.8702  9.6239
1424 1328 -0.0072  0.1406 13.0305
1456 1328 15.7914  0.4304  6.3991
1488 1328  2.1834  0.4410  7.3568
1520 1328  0.0465 -0.2216  7.9241
 16 1360 -0.0692 -15.9757  7.6604
 48 1360  0.4501  9.4000  9.7485
 80 1360 -4.0980 25.7489  5.7724
112 1360 -0.0646 15.7280  7.1312
144 1360 15.9582 18.7605  8.5557
176 1360  1.0715 21.8500  9.9063
208 1360 -9.3109 23.5781  6.3869
240 1360  0.0302 22.7853 10.9124
272 1360 -28.0445  7.7991 10.9015
304 1360 -1.4946  8.7095  5.0889
336 1360 -4.7527  0.0095  6.6432
368 1360 11.3474 -11.7709  5.4943
400 1360 -0.1326  6.4936  5.0658
432 1360 12.4054 -7.7408  6.4196
464 1360 23.7895 -15.0424  7.8265
496 1360  0.0351  0.2137  4.7866
528 1360 -11.3198 -12.7997  7.6677
560 1360 12.7366 -0.4700  5.0458
592 1360 11.7278 -13.5929  6.0153
624 1360  0.0934  0.4740  7.8645
656 1360  0.4554 24.8121  7.1444
688 1360 -0.1323  7.5453  5.2313
720 1360 -10.2206 11.0078  5.4443
752 1360 -15.6566  1.4735  8.2782
784 1360 11.0717  8.0986  5.4917
816 1360  3.1495 16.5840  6.4343
848 1360  2.9476 -16.7938  6.4222
880 1360 -1.8821 -15.8240  4.2798
912 1360 11.3087 -13.6746 11.6257
944 1360  9.5926 -0.1221  4.7760
976 1360  0.5401 -8.7292  6.4544
1008 1360  1.0625  4.8888  4.8219
1040 1360  0.1951  5.1234 22.6191
1072 1360 -24.4210 24.9648  6.3362
1104 1360  1.9450  0.1190  6.7835
1136 1360 15.3292 -5.2680  5.6019
1168 1360 -0.2102  4.2109  8.0425
1200 1360 13.9794 -3.2462  6.9870
1232 1360 -0.8576  0.3356  9.8777
1264 1360 -4.8326 -19.0291  6.8809
1296 1360  0.3907 -11.5496  9.6504
1328 1360  0.2140 -12.9105  7.9050
1360 1360 12.9304 -1.1251  9.4326
1392 1360 -25.6582 19.1546  7.3517
1424 1360  8.2478 19.5562 11.5102
1456 1360  3.5451  0.2495  8.8100
1488 1360  0.1699  0.2367 11.0633
1520 1360  0.0290  0.0069 11.7604
 16 1392 11.7603  0.4066  7.7985
 48 1392 -14.4425 -0.1583  6.6438
 80 1392 18.7430 -2.9572  9.1388
112 1392 -0.3329 -0.3810  6.3063
144 1392 10.6789 -0.4069  5.7795
176 1392  3.4416  8.2331  6.2911
208 1392 13.0178  3.8359  4.9839
240 1392 10.1424 12.7661  7.3598
272 1392  0.3616 14.5636  8.2123
304 1392 -0.0340 -2.1755  6.5347
336 1392 -16.7653 -5.8726  5.5457
368 1392 -0.0471 -0.3113  5.4082
400 1392  2.3485 -2.7335  5.0697
432 1392  0.2611 -3.7398 10.2346
464 1392  2.3514 -1.2675  5.2297
496 1392 16.4700 -2.5407  5.2070
528 1392 -1.2983 -17.1682  6.0491
560 1392  8.0433 -0.1570  6.5411
592 1392  1.8199 -0.2251 11.3824
624 1392  0.0330 -0.4116  6.7379
656 1392 18.0746  3.9741  6.7216
688 1392 -1.3254  0.5439 11.7384
720 1392 -17.7907  2.0935  7.5430
752 1392 -19.0896 16.3098  7.0051
784 1392 -0.2010  0.1398  7.0486
816 1392 24.3185  6.1301  4.5336
848 1392 -0.0115 -0.0892  5.4328
880 1392 -0.1122 12.7382  6.7127
912 1392  1.0679 -0.0274  5.5133
944 1392 18.3141 -18.6621 11.5857
976 1392 -3.9223 -0.1443  8.1135
1008 1392  1.5820 15.6585  6.0860
1040 1392  2.0021 -9.4018  7.0912
1072 1392 -20.1107 -0.0882  4.8128
1104 1392 -17.6469 -8.1205  7.2006
1136 1392 12.6796 -8.7197  5.2370
1168 1392  0.5184 -1.7847  6.1917
1200 1392 -0.3020  0.1186  7.5865
1232 1392 -14.7218 -8.0773  7.1667
1264 1392  0.1411 -18.0947 10.9958
1296 1392  4.2506 -2.1691  6.2628
1328 1392 -0.1469  0.2849  8.3861
1360 1392  8.2190  0.1219  8.3867
1392 1392 -15.8687 -7.9461  4.8663
1424 1392  9.7865 -20.1298  7.8324
1456 1392 -11.7252  2.8998  5.8804
1488 1392  0.1520  0.2502  9.6532
1520 1392 15.8389  9.6532  5.8200
 16 1424 16.6327  0.0182  6.3751
 48 1424 -15.0953  0.1417  8.9959
 80 1424 15.4265 20.4781  9.1322
112 1424  0.0083  0.3911  4.0460
144 1424 13.6433 21.1852  7.5016
176 1424 -21.0658 -2.8237  7.5603
208 1424 18.7004 19.6807  8.0831
240 1424 13.7589 -15.6151  4.8178
272 1424 -20.6984 -19.0420  6.9208
304 1424 -4.9277  0.2217 12.9150
336 1424 -14.1537 15.5857  6.0450
368 1424  0.0522  3.9229  5.4900
400 1424 12.1249  7.9779  5.3562
432 1424 -0.1736  0.1617  6.5963
464 1424 25.8951 -11.1936  7.2627
496 1424  3.9609 -13.5532  6.2142
528 1424 23.3220  0.0548  7.9123
560 1424  0.2419  0.4184  7.4825
592 1424  2.1853 -14.3952  9.1243
624 1424  0.0459 -0.4094 10.5888
656 1424 12.7992 -0.0553  8.7320
688 1424 -0.3985  0.0679  7.3048
720 1424 -0.0948 20.7200 10.9470
752 1424 -18.0678 14.3152  7.8723
784 1424  0.0563 12.8717  7.0532
816 1424  0.0285 26.4970  9.5611
848 1424 15.8853 -8.1411  6.8470
880 1424  2.0327 -12.0924  6.5160
912 1424  2.0354 -3.2794  5.5895
944 1424  5.8191  0.4858  6.8728
976 1424 -0.0659 16.3573 10.0938
1008 1424 -20.9222 -1.0000  9.0805
1040 1424 16.3036 -11.8057  7.5090
1072 1424 -21.7263 -7.1312  7.1072
1104 1424 -1.8085 22.0287  6.6388
1136 1424  0.2389 -0.2397  5.6873
1168 1424 -1.9682 -0.2142  6.2081
1200 1424 -1.9837  0.4056  6.8678
1232 1424  7.0951 -20.0045  8.7306
1264 1424 26.5424 -16.4214  5.2417
1296 1424 -11.3227  4.6175  5.9865
1328 1424 23.0033  6.5261  6.6601
1360 1424 -12.6091  2.6247  4.1226
1392 1424 10.1230 -20.3293  7.1565
1424 1424  2.2315 -6.2748  8.9170
1456 1424  2.1802 -17.8605  7.5116
1488 1424  3.3448 -0.1942  8.4282
1520 1424 -0.1784  0.1360  5.5342
 16 1456 22.8933  0.1198  7.6261
 48 1456 -0.0141 -0.0229  5.7383
 80 1456 15.6786 -22.1256  7.0493
112 1456  0.8535 -0.4069  6.2282
144 1456  5.1369 -11.8727  5.4130
176 1456 -0.3701 -17.8799  5.8330
208 1456  0.4885  0.0535  5.7706
240 1456 -11.8041 13.9571  8.1715
272 1456 -2.8223 17.3080  7.9214
304 1456 -0.1955 12.8651  8.2721
336 1456  0.2914 13.9713  8.3893
368 1456  0.0111  0.2490  5.4859
400 1456  0.4180  0.2891  5.6003
432 1456 -6.0781 13.3442  4.2597
464 1456 -0.0373 -17.9974  5.7413
496 1456 -5.0094 -10.6661  6.0564
528 1456 12.3571 -13.8038  9.5534
560 1456 -0.3199  0.0022  4.4573
592 1456  5.6487  0.1290  6.7019
624 1456 -0.1549 -0.1749  7.3308
656 1456 -0.2528 -0.0778  8.6425
688 1456 -2.0478 -0.2275  6.7122
720 1456 -0.0027 -0.0310 11.0011
752 1456 -23.7038 -0.0997 10.0777
784 1456 -18.9835 -1.5927  6.3630
816 1456  2.2769 -0.1443  6.5923
848 1456 -8.3574 19.8193  6.9461
880 1456 -1.4380 -19.1576 11.1703
912 1456  5.5574 -2.5589  6.3423
944 1456  8.0550 -0.1058 10.3724
976 1456  1.6019 -15.2187  8.6381
1008 1456 -0.2184 -23.5645  7.7991
1040 1456  0.0197 -8.2438  7.8457
1072 1456  5.9171 -1.5635  7.9062
1104 1456 -8.2974 -8.1676  4.9153
1136 1456 -13.4148 22.2736  6.5800
1168 1456 -0.0507 22.4024  6.3982
1200 1456 -8.1486  0.2495 11.7670
1232 1456 -1.7515 10.6282 10.6142
1264 1456  0.3110 13.4415  9.0188
1296 1456  3.1804 13.5611  7.4583
1328 1456  0.0604 15.9104  9.8778
1360 1456 -13.1147 11.7307  7.0924
1392 1456  5.9382 21.0095  6.6749
1424 1456 -0.0351 -0.2099 10.7906
1456 1456 13.6341 -0.1420  9.8994
1488 1456 23.3581 -21.9879  9.0520
1520 1456 14.2503 -20.8290  6.1342
 16 1488 19.3058 -1.0514  8.5193
 48 1488  0.4028  0.0022 10.2463
 80 1488 21.4468  0.1454  9.8335
112 1488 -6.3915 -25.3045  7.2186
144 1488  1.3109 -28.1103  5.1704
176 1488  0.3365 -7.6595 10.1160
208 1488  0.6748 -19.8494  9.7729
240 1488  8.4861  0.0747 11.2866
272 1488 11.8299 -1.1381 11.1915
304 1488 -12.4765 -0.4153  7.9923
336 1488 -14.1006 -13.9845  7.6942
368 1488  0.7548 -18.5716  7.8693
400 1488  0.2104 -0.3253  5.1749
432 1488 -18.0581  1.5463  5.5432
464 1488 13.5671  1.7168  5.3552
496 1488 -0.0172 -10.6108  5.7690
528 1488  6.3804 -0.3155  7.4831
560 1488 18.1449 -3.1244  6.3186
592 1488  8.0083 -15.0586  7.1823
624 1488 -0.1680 -10.0588  4.3247
656 1488  4.4538 -13.4286  5.9847
688 1488 -0.0973 -23.6625  7.9467
720 1488  0.1335 -16.3054  5.5041
752 1488  0.3387 -0.0827  7.8691
784 1488 -1.6447 -6.5625  4.8878
816 1488 -15.3642 -17.7698  8.9476
848 1488  0.4591 -16.1158  6.2483
880 1488 -25.0413  9.9319 11.4885
912 1488 -12.3100 -1.3114  6.1836
944 1488 23.8099  7.6129  5.5665
976 1488 21.1338 -2.0900  6.8581
1008 1488 26.9387  0.2846 10.8150
1040 1488 -0.4983 10.8238 11.0578
1072 1488  6.3426  0.2814 10.2795
1104 1488  1.4858  0.4205  6.6943
1136 1488 -2.3252  5.9487  5.0366
1168 1488  5.0187 15.9669 10.6147
1200 1488 -0.2034 15.7308  9.7104
1232 1488 -3.6435 19.7273  6.6945
1264 1488 -6.0657 18.2743  6.2603
1296 1488 23.5497  0.2393 10.4664
1328 1488 -0.1660  0.4708  9.6094
1360 1488 -2.8453 15.8126  8.0541
1392 1488 -4.2017 19.8767  7.6390
1424 1488 -2.7569  0.9191  8.5215
1456 1488 -0.1260  5.8076  9.7257
1488 1488 12.4584 -11.7533  7.7807
1520 1488 16.0019 -0.2919  9.6033
 16 1520 15.6925 19.6710  5.8244
 48 1520 -7.9074  0.4250  7.2514
 80 1520 25.0877 14.5524  6.3925
112 1520 -27.1559 -10.0465  9.9258
144 1520  7.8285 -13.2161  6.7595
176 1520 10.0192 -5.8663  9.6902
208 1520 -4.5653 -1.8875 10.8495
240 1520  9.6017  0.3116  6.4317
272 1520  6.2488 -7.9318  4.8860
304 1520  0.2454 -2.2847  6.8007
336 1520 -3.8803 12.0121  4.5574
368 1520 -10.3023  0.3837  8.8407
400 1520 -0.2140  4.5774  6.8052
432 1520 -5.5465  8.2504  4.9640
464 1520 23.9923  9.5844 12.0238
496 1520  5.8259 -0.2222  5.0990
528 1520  4.3543 -5.0457  5.4171
560 1520 11.2460 -9.6342  4.1704
592 1520  3.0566 -0.0843  5.4362
624 1520 -25.6009  0.2232  5.6628
656 1520 13.3807  0.3233  6.4308
688 1520 -1.9764 -0.0141  7.5837
720 1520  0.0037 -16.2188  5.0712
752 1520 -10.9393  0.3881  6.6617
784 1520 -2.9892 -3.7871  8.6958
816 1520 -24.1335 -0.4156  8.9305
848 1520  0.3712 -0.3694  6.4573
880 1520 -18.8809  0.2632  4.6797
912 1520 -9.1606 14.2987  5.8542
944 1520 17.3367  0.8796  6.9458
976 1520 22.4943 -0.9698  9.6090
1008 1520 -11.9334 -9.8490  5.7511
1040 1520 22.1222 -17.5044  8.5850
1072 1520 -9.2153 -24.2146 11.7286
1104 1520  9.7174 -17.5695  8.1538
1136 1520 -1.1952  0.3756  7.4226
1168 1520 -10.6716 14.8778  6.1061
1200 1520  0.2778  0.1464  8.1233
1232 1520 -24.6502  8.3431  9.4764
1264 1520 -8.3136 15.0834  8.1103
1296 1520 20.2358  0.1350  9.2183
1328 1520  1.3763  0.9668  6.5536
1360 1520  0.0253 -9.2498  7.5741
1392 1520 -8.2445  0.1898  6.5331
1424 1520  0.4594 13.9780  5.9250
1456 1520 -0.1712 20.8741  5.5409
1488 1520 -0.1649  0.0801  5.6811
1520 1520 19.3941 -13.1511 12.0660
  0   0  0.0000  0.0000  0.0000
  0   0  0.0000  0.0000  0.0000
  0   0  0.0000  0.0000  0.0000
  0   0  0.0000  0.0000  0.0000
  0   0  0.0000  0.0000  0.0000
  0   0  0.0000  0.0000  0.0000
