VARIABLES= "X pix", "Y pix", "U pix/dt", "V pix/dt", "CHC", ZONE I=48, J=48
 16  16 -13.3015 -9.9171  5.0926
 48  16 -24.6895 15.0158  8.2047
 80  16  0.1531 -11.1731  7.6574
112  16 20.9918 -20.0549  4.9946
144  16  1.5182 -1.8913  7.7165
176  16 -4.9947 19.6980  8.9624
208  16 -5.1459  0.1282  8.3118
240  16  9.5549 23.1346 10.4018
272  16 24.2687 12.4902  9.0524
304  16 -0.2109  0.2754  9.4172
336  16 -11.5758 -0.1772  7.8021
368  16 -6.9340  0.2713  7.7443
400  16 -2.2810  0.3246  5.0167
432  16 10.7797 -3.2872  6.1456
464  16  0.1765 -0.1560 12.2090
496  16 -23.6229  0.0218  8.9536
528  16 -1.9779  0.0379  7.1356
560  16 21.0047 -5.9356  8.6265
592  16 -10.4782 -0.3075  7.2156
624  16 -13.0705 -15.7380  9.8404
656  16 18.6662 -0.1902  6.4416
688  16  0.0325 11.1986  5.6632
720  16  3.5799  0.0945  7.3083
752  16 -11.1063 -0.1366  6.0113
784  16 -1.4204 -0.3064  8.9212
816  16 -0.0637 -0.4530  8.9810
848  16  0.0936 12.3948  6.2009
880  16  0.3212  0.2249  7.8987
912  16 -4.5030  4.8478  7.7049
944  16 -4.5876  0.0746  7.7242
976  16 -6.9826 24.2729  7.6200
1008  16 11.3967 -17.0138  5.8386
1040  16 -0.0392 -0.1150  5.7029
1072  16 -0.1680  0.0186  8.0732
1104  16  0.2157 -0.0979 12.1660
1136  16 18.4773 12.8964  7.0211
1168  16 -21.2104 12.1889  7.8348
1200  16  0.1004  7.8561  5.7914
1232  16 10.5000 -0.2857  7.6906
1264  16 24.2741 -0.1461  8.1444
1296  16 25.8472 13.1525  5.4281
1328  16 -19.2962  0.0143  8.6128
1360  16 -0.1947 -0.0582  8.2220
1392  16 -0.2302  0.0501 10.0699
1424  16 -11.8276  0.1458  6.7188
1456  16 -23.5649 -0.1573 17.9432
1488  16 17.5675  0.0909 10.7667
1520  16 -11.5260 -0.3191  8.6932
 16  48 -0.2747  1.3577  8.5203
 48  48  6.2210 -0.1641  5.5720
 80  48 -27.5783 13.0417 11.1917
112  48  7.7710  4.2442  5.1172
144  48 19.8281 -4.2323  8.1780
176  48  0.2628 -1.3119  6.7290
208  48 -10.5284  0.1950  6.0903
240  48 19.8182 -0.3625  6.9774
272  48  5.8291 -0.2528  6.6868
304  48 -8.8396 -20.3885  6.1907
336  48 -23.8583 10.9626  8.4461
368  48 -19.4372 13.7706  5.7929
400  48 -23.5554  5.9800  8.6936
432  48 -0.0171 -5.4851  9.0435
464  48  0.0028 -0.0740 10.2462
496  48 -20.1005  0.0407  8.2613
528  48 -3.8093 -15.5988  6.4816
560  48 21.1242 -2.2182  6.7486
592  48  0.2888 -20.5479  8.4658
624  48 -17.8054 15.0861 10.6521
656  48 15.6723 -0.0558  5.9593
688  48 -14.1438 -2.3081  5.8567
720  48  0.9114 -2.6566  5.6587
752  48 12.6377 15.5676  7.4285
784  48 -4.3071 14.3287  7.5897
816  48  0.2595  0.3016  8.4167
848  48 24.1987 13.6292  6.5174
880  48 -0.2935 14.1677  5.8855
912  48 -0.1387  0.2670  6.3523
944  48 -14.4460  6.4055  6.8405
976  48 -3.8918 -0.8019  6.5130
1008  48  0.5354 -0.3432  8.9448
1040  48  7.6262  3.3270  7.2225
1072  48 -25.2339  6.4721 15.1284
1104  48 23.1372  4.7248  7.6753
1136  48 24.6594  7.7042  8.1807
1168  48 -8.0607  6.2340  6.6319
1200  48 -10.8900 14.0607  6.9044
1232  48 -0.3050 11.9470 11.6387
1264  48  7.5831  0.3256  7.8865
1296  48 -0.0160 -6.0135  8.1063
1328  48 -12.5990 -11.1173  6.5484
1360  48 -0.0022 -0.1854 10.7716
1392  48 -5.8382  0.0944  8.4476
1424  48 -19.3915  0.0255 10.9285
1456  48 -10.5303  0.2095  8.0269
1488  48 22.8419  4.6988  6.0954
1520  48 -22.7891 -0.0942 12.4502
 16  80 12.7083 -0.3841  6.9015
 48  80 15.6583 -7.7620  6.3242
 80  80  0.4556 -7.4053  5.8604
112  80 12.0715 -8.4571  9.5111
144  80  2.0585 -7.7967  6.1656
176  80  1.2012 -19.6746  5.6425
208  80 -10.3473 -7.8429  8.3985
240  80 -6.1043 -0.1130  5.1901
272  80 21.7830 -9.3575  6.1344
304  80 -4.1283 -15.8843  6.4460
336  80 -0.0951 -17.3325  9.2411
368  80 -15.9259  4.4961  5.4783
400  80 -19.6510 10.4521  7.0070
432  80 -24.0925 10.5549  6.9215
464  80  0.0177 -0.3605 10.1873
496  80 -11.7958 -3.0317  7.6650
528  80 -19.5281 -0.1360  7.4890
560  80 -19.7347  0.1165  8.5750
592  80 14.6626 -0.0043  9.2789
624  80 -0.0160  0.2809  5.7856
656  80 -13.8132 -10.3103  7.8451
688  80  0.4155 -2.1149  7.6335
720  80 -0.0126 -4.7051  7.4577
752  80 12.6252 -7.6156  5.0835
784  80 -11.0234 -11.4527  8.4623
816  80 -13.8451 16.1681  4.8756
848  80 -13.2483 12.9556  6.6308
880  80 -0.9728 -0.2196  7.0643
912  80 16.8211  2.1488  6.7419
944  80 -20.6953  4.7217  5.9059
976  80 -12.6502  0.3933  4.0147
1008  80 -0.1562 -0.0366  9.4420
1040  80  9.0921 -0.1332  7.0418
1072  80 -11.2201 -16.0157  6.3715
1104  80 -16.0738 20.8865  7.7352
1136  80 19.2723 11.8276  6.6135
1168  80 -9.3506 -0.2287  8.2947
1200  80 -13.8090 19.4816 11.2898
1232  80 -10.2885 -7.4430  6.5284
1264  80 26.1190  2.2802  8.2078
1296  80  0.1219 -0.1229 12.2376
1328  80 -15.6415  0.2695 10.0632
1360  80  0.3459  0.3237  9.8996
1392  80 -0.2024 -0.0375 14.0182
1424  80 -0.1056 -0.1435  9.5405
1456  80  0.0392  0.2685  5.4801
1488  80 -16.6511  0.0831  8.4815
1520  80  4.2729 13.3200  6.8330
 16 112  0.2645 -11.7956  8.4286
 48 112 13.9995  0.0423  9.1317
 80 112 19.8612 -9.7330  7.1111
112 112 -13.5915 18.7164  7.6010
144 112 22.9033 10.3696  7.9054
176 112 -8.3188 15.1520  5.1818
208 112 -0.2951 -0.1807  9.7794
240 112 -5.4444 -19.9934 14.6872
272 112 -0.2539 -6.0815  7.1143
304 112  0.0030 -19.2661  7.1851
336 112  5.5856 -18.9938  7.2728
368 112 22.3269 -1.6666  8.0613
400 112 -19.7763 13.1253  6.5276
432 112 -16.4250 15.6397  5.8152
464 112  0.1459 -0.0889 10.3658
496 112 -7.2972 -21.9034  9.2077
528 112 -21.3011 -0.3505  6.9371
560 112  7.5955  0.0612 11.0821
592 112 20.1730 -14.1883  5.8115
624 112  0.1616  0.0422 10.9976
656 112  3.6303 -10.5732  6.0771
688 112 -3.3333 -1.5484  6.8623
720 112  0.2293  0.0744  8.7241
752 112 11.0629 -5.6209  8.8051
784 112 -9.1228 10.7219  7.4406
816 112 -5.6712  0.2651 10.3438
848 112 -3.3678 -0.3175  9.0951
880 112  0.4595 -0.1226 11.5305
912 112 20.1269 -15.3383  5.5875
944 112 -19.2400 -13.2871  7.2472
976 112 -12.7815  7.3649  8.3631
1008 112  0.0352  0.3490  9.1656
1040 112  2.1228 -0.0207  7.8786
1072 112  3.4385 11.8550  9.3912
1104 112 -21.8011 -2.0257  7.2821
1136 112 23.0985 -0.3975  8.7230
1168 112 -7.0787 14.6984  7.0626
1200 112 -25.0288  2.0564 14.1820
1232 112 -0.4350 -12.4961  9.4714
1264 112 -0.0497 -15.5155  4.9042
1296 112 -0.1135 -0.1153 13.0970
1328 112  0.0923  0.1023 11.5411
1360 112 -0.0458 -0.2372 11.8244
1392 112  0.0673 -0.6015  7.2891
1424 112  8.2390  0.4072  5.8264
1456 112  0.1031 13.6075  7.3162
1488 112 -0.0567  0.4071  6.6130
1520 112 15.8033  6.3649  8.7786
 16 144 -11.7418 -0.0215  7.2747
 48 144 13.4934 -0.1017  6.6850
 80 144 -0.0083 -4.3884  7.2436
112 144  0.0106  0.2572 10.7566
144 144 -2.0274  0.3153  7.6867
176 144  0.0348 -3.1560  6.4995
208 144 -16.8032  0.2013  7.2582
240 144 -11.7062  0.0152  6.2181
272 144 -1.5150  0.1994  7.6324
304 144  0.0883 -11.5785  6.7730
336 144 -0.2081 -4.6376  6.3456
368 144 24.2017 -11.1724  7.9226
400 144  0.0315  0.6409  9.8442
432 144 -0.3259  9.6305  9.5911
464 144  0.0235  0.4247  8.9484
496 144  0.0559 -0.1431  7.1933
528 144 -0.3551  0.3333  8.8039
560 144  0.2073  0.2279  7.4924
592 144 -2.9281  0.2844  8.5862
624 144  7.0635  1.9528  6.5830
656 144 -0.2785 -2.1755  5.6569
688 144 -17.6749 -22.2168  4.4971
720 144 -12.6051 -0.2284  7.4313
752 144 -9.3113 -11.5363  7.0255
784 144 -0.0785 -3.4336  5.4701
816 144 22.5801 -8.0019  7.4309
848 144  3.2442  0.0295  7.6098
880 144 -1.6760 -0.3648  8.5627
912 144 -10.0524 -20.1195  6.8094
944 144 -0.2306  0.0253  4.9742
976 144 -11.9472  0.0707 10.3136
1008 144 -0.2221  0.0159  7.4931
1040 144  2.7616 -2.5966  9.1074
1072 144  0.0138 -8.4881  6.5334
1104 144 -21.9769  0.1532  7.6799
1136 144 16.2093 -17.6807  8.4584
1168 144  1.3996 -13.8122  7.6699
1200 144 -19.9387  0.4028  9.2066
1232 144 -1.7843 -0.4258  9.9205
1264 144 -0.1216 -0.1602 15.5371
1296 144  0.2173  0.0353  9.5007
1328 144  0.0167  0.3016 10.6673
1360 144  2.5963  0.4406  6.1156
1392 144 -0.1220  0.1891  6.6807
1424 144 13.3186  0.4246  5.1820
1456 144  0.2414 -0.0392  7.3723
1488 144  3.0840 -0.2448  5.2388
1520 144 -16.7091  0.4932  5.6929
 16 176 -0.2597 24.3665 13.1263
 48 176  0.1029 17.5144 14.5278
 80 176 -18.7000 10.5241  4.4526
112 176  6.7644 -12.0393  5.6730
144 176 -23.9456 -10.2864  4.9217
176 176  0.3283 -0.0943  9.2562
208 176 -0.3168  2.1881  6.1180
240 176 -0.0236 -0.2005  8.9867
272 176 -0.3215  0.0086  7.3365
304 176 -2.6103 16.0032  7.1190
336 176 27.2344 -7.7906  7.7488
368 176  4.0993 -11.0659  7.0790
400 176 22.1137 -0.1868 10.6553
432 176 -0.0579  0.0756  9.0121
464 176 -0.1343  0.3628  8.7861
496 176 -0.4370 16.2692  6.5400
528 176 -0.2242  4.8418  8.7939
560 176 -7.9759 -0.2540  8.2891
592 176 -0.4521 -5.3487  8.8400
624 176 -5.8681 -0.1329  6.7309
656 176 -6.4533 -0.3150  6.4846
688 176  4.1633 -5.8541 11.8125
720 176  0.4125 -3.4209  5.8765
752 176 -16.3028  9.6008  7.4671
784 176 -0.1637  0.2700  5.7831
816 176  0.0550 -12.5464  6.3742
848 176 20.7421 -2.1778  6.9825
880 176 -4.7631  0.3661  9.4521
912 176  4.6243 -13.7020  7.2414
944 176 13.4847 -7.6628  5.4823
976 176 -0.1505 -4.5876  9.0809
1008 176 -0.0603 -2.5114  9.4634
1040 176 12.2451 -0.2488  9.7248
1072 176 -10.9507 -21.1717  9.8969
1104 176 -22.3049 -1.8684  5.4892
1136 176 11.6188 -0.3062  7.9593
1168 176 23.6823 -21.5518  8.4542
1200 176 -0.0826 -24.1050  5.9441
1232 176 -23.9213 -0.4177  9.5097
1264 176  0.4100  0.0714  7.4532
1296 176 -0.2888 -0.1078 10.7195
1328 176  0.1024  0.1085  8.5978
1360 176  0.4339  0.3604  7.6435
1392 176  9.5531 -0.2441  7.1395
1424 176  9.7979  0.0562  5.4350
1456 176 -16.0842 18.8302  5.1381
1488 176  5.3314  0.0172 15.8436
1520 176 26.0163  7.8931  5.6848
 16 208 -8.2080  0.3374  8.3231
 48 208 -0.1974  0.2651 19.2912
 80 208  0.0376 -0.4823  6.8962
112 208 -14.1669  7.8777 11.4279
144 208 15.8863  0.0824  6.3688
176 208 -0.0329 -3.9552  8.1401
208 208 -0.2973 -13.6347  9.0898
240 208  8.0447 -9.5372  7.6149
272 208 -2.5765 -0.1344  8.7491
304 208 -1.2378  4.9285  7.4460
336 208 -21.5954  0.2611  7.5243
368 208  2.8233 -17.5716  7.2726
400 208 21.7108 -8.3421  5.6977
432 208 -0.1327 -0.1045  8.4725
464 208 -0.2321 14.0501  8.9188
496 208  3.1907  0.0981  8.9801
528 208 -18.6429 19.7305  7.2970
560 208 -12.8898 -2.4310  5.9532
592 208  0.1093 -0.0704  6.8962
624 208 -0.1373  0.1743  7.9102
656 208 -1.8222 -11.8749  5.8086
688 208 22.9862 -0.2675  9.6847
720 208 -9.5440  7.1005  6.8662
752 208 -0.9216 -0.0490  7.7716
784 208 13.1206 -0.2602  4.7359
816 208 11.3348 -2.3023  8.4934
848 208 -12.4367 -21.0215  7.1740
880 208 -11.5505 10.0663  6.6632
912 208  2.2969 22.2114  6.7434
944 208  0.0156 -0.1250  8.8146
976 208 -0.4546 -0.1729 10.2418
1008 208 -0.3441 -1.7100  6.3143
1040 208 18.8859  9.8094  6.5810
1072 208 26.8872 -0.1471 11.0298
1104 208 -18.3759 -0.4009  7.1567
1136 208 -0.2549 -9.6902 10.5828
1168 208 17.8732 -0.1094 15.9377
1200 208 -2.2767 -8.4549  6.5225
1232 208  0.4449  1.4501  5.6432
1264 208 -0.0984  0.1239  9.1763
1296 208 -0.1971 -0.0263  8.5355
1328 208  0.2212  0.2765 12.4325
1424 208 -7.3896  2.7276  5.4441
1456 208  0.4863  8.3524  7.5830
1488 208  4.8347  7.0906 13.6268
1520 208 -11.3492 10.8112  6.1117
 16 240  9.2683 -11.6425  6.9819
 48 240  0.3116  4.2697  6.4932
 80 240 -0.1870  4.6727  7.2134
112 240 -4.1238 19.3529  5.8531
144 240  0.4758 18.7611  5.5764
176 240  5.8920 -2.3413  5.7331
208 240  1.3070 -0.1495  6.2769
240 240  0.1096 -3.6869  5.6765
272 240 13.9179  0.2381  5.6441
304 240 21.8614 -7.7219  6.8339
336 240 -12.7202 -0.0654  7.6378
368 240 -20.0370  0.3093  6.2303
400 240  0.2316 -19.8278  6.8437
432 240  2.7885 -17.6472  5.6193
464 240 -0.2724  0.3290 12.8863
496 240  4.8093  1.7638  8.2168
528 240 -5.9108 21.3890  8.0724
560 240 -11.5303  7.5241  7.5062
592 240 19.5796  5.3487  9.5256
624 240 -19.6639 -0.2620  8.9940
656 240 21.8487 -7.3898  8.0954
688 240 -0.3039  6.7525  7.2714
720 240 19.3890 -0.0771  8.5736
752 240 -3.9935 -13.4002  8.1057
784 240 -14.4994 14.6801  6.5904
816 240  2.9198  0.1850  7.4815
848 240 -16.0586 -20.7158  5.0607
880 240  8.8570 -18.9031  9.7589
912 240 -22.3084  3.5864  9.0921
944 240  0.2236 -18.8060  9.4857
976 240 -0.3855  0.0601  6.1849
1008 240  7.1440 -3.0847  6.0516
1040 240 -0.2603  0.1900  7.0794
1072 240 19.9035 -1.7847 15.2252
1104 240 -10.7663  0.3925  8.2951
1136 240 -1.8669  0.2470  9.7148
1168 240  3.1770  8.4859  5.9294
1200 240 -5.9900  0.1916  6.7137
1232 240  8.1399 21.0437  9.3258
1264 240  0.4035  0.3809  7.8190
1296 240 -0.0819  0.3871  6.0539
1360 240 12.3669  0.1828  4.2293
1424 240 -23.9325 -0.4283  7.8933
1456 240 -14.8009  0.0027  7.2541
1488 240 17.3198 -0.1783  5.9401
1520 240 -7.9176  0.0104  6.4851
 16 272  0.4150 -8.7196  9.2925
 48 272 15.2949 -3.1487  4.8716
 80 272 -0.2332  0.4325  8.5447
112 272 -0.0426 10.8914  5.6336
144 272 12.2086  0.1917  5.9843
176 272 -0.2542 15.4568  5.8859
208 272 -15.7769  1.5640  5.6280
240 272  6.7111 -15.6294  6.9995
272 272 16.4012 -14.3338  4.7541
304 272 -8.0668 -6.6100  9.3284
336 272 -0.3246 -5.3679  7.4347
368 272 -21.1810 -0.0398  7.2917
400 272 -0.0051 -0.2783 10.2491
432 272  6.1717 -12.6855  6.2548
464 272 19.6932 -8.3818  7.3938
496 272  8.0255  3.8990  6.7781
528 272  7.5218 -0.0232  9.5101
560 272 -21.2626  0.2536  8.6323
592 272 22.6120 -0.1428  8.8114
624 272 -21.4077 -0.2598  7.7260
656 272 -0.3342 12.7027  9.8135
688 272 26.0642  0.0233 13.6349
720 272  0.0952 -19.3792 10.4173
752 272 -10.6457 -14.8485  5.1303
784 272  1.8670 -0.1034  9.8541
816 272  0.1659 -0.0840  6.7314
848 272  0.2796  0.1533  6.3494
880 272  5.8538  2.9192  7.9765
912 272  0.1311  0.1307 13.5687
944 272 -18.2258  4.1451  8.7353
976 272  7.8163 -6.7569  6.1716
1008 272 11.6852 -10.0222  5.8253
1040 272 12.0233 -15.2457  6.1350
1072 272  6.2172 -5.5138  9.7158
1104 272 -15.8555 -8.9397  7.1274
1136 272  0.7796 21.1030  8.8892
1168 272  0.3128 -0.0685  9.0357
1200 272 11.9303 18.1016  8.4818
1232 272 -0.1761  8.1058  7.8031
1264 272  0.2741  0.0084  4.8934
1296 272 -0.0340  1.3348  4.8814
1328 272  0.3429 10.9089  4.3167
1392 272  0.8382  0.3752  5.7015
1424 272 -4.4643 18.9454  6.9158
1456 272 -7.0892 -0.0861  5.6921
1488 272 16.7423 -0.1249 13.5663
1520 272  0.1404  2.2891 11.7887
 16 304 -0.0033 -0.1307 13.7779
 48 304 -0.0721 -11.9936 10.2162
 80 304  5.0862 -19.9972  6.2476
112 304 -7.0891  0.3611  8.1021
144 304  0.1282 18.6022 10.0050
176 304 -0.3566 22.0783  6.7187
208 304 -0.0862 14.0476  5.3471
240 304  3.1369 12.7871  8.2503
272 304  0.0307 -3.2351 10.4283
304 304  0.0348 -8.2115  9.3498
336 304  0.1035 -0.0246 10.2662
368 304 -16.3553  8.9782  6.8599
400 304 -16.9783 18.9523  5.0375
432 304  0.1657  0.1418 10.9081
464 304 15.3913 -0.1134  5.3714
496 304 16.0089 -13.8619  6.5209
528 304  7.8410  8.1335  6.5770
560 304 -21.1534  0.4518  8.1590
592 304 16.4635 19.6448  7.2048
624 304 -21.0844 18.7912  7.1468
656 304 -0.4159 -0.0105 12.0952
688 304 25.7252 -0.0642 11.2593
720 304 -19.7413  1.9373  6.2411
752 304 -3.5573 -0.4123  9.1114
784 304 -4.0327 -15.6634  8.4283
816 304  4.9882 -8.2538 10.4305
848 304  0.0785 -0.1422  5.2364
880 304  6.1511  0.0082 10.4660
912 304 -0.1104  0.2552 11.1769
944 304 -6.4106  3.1980  4.8341
976 304 -0.0597  0.3274  9.0296
1008 304 -0.3844 -0.1525  6.9341
1040 304 -8.9311  0.0294 10.7869
1072 304 -0.1198  0.2356 21.9487
1104 304 -9.8739  2.1945  7.1773
1136 304  5.9723 17.5948  6.0779
1168 304 23.1432 20.7016 12.7062
1200 304 -2.0446 -0.0986  8.5747
1232 304 -9.5519 -14.8104  5.7874
1264 304 14.0289  0.1260  5.4501
1296 304 -0.8700  0.3392  4.5094
1328 304 15.7396  2.0000  4.7684
1360 304  0.4907  0.4015  6.0167
1392 304 -4.8184 -19.5261 10.9878
1424 304 -10.5501 -26.6563  8.1272
1456 304 -1.0989 15.0183  9.6677
1488 304 19.4169 16.2782  9.5523
1520 304 -7.7798  0.1845  6.3596
 16 336 -24.6726 -2.4279  4.4594
 48 336 -0.4163  0.2638  6.0308
 80 336 14.3610 -3.2822  6.5268
112 336  0.0529  8.6155  6.8974
144 336 18.7333  0.6565  8.3213
176 336 -0.9745 -0.0572  7.9222
208 336 -16.2473 19.8517  9.2842
240 336 -0.1256 19.8904  5.9331
272 336  2.1396 -7.0418  5.6700
304 336  0.0140 -0.1410  9.8117
336 336  0.1122 -7.8244  9.3771
368 336 13.4031 -0.0816 11.9103
400 336 -15.6966 23.6373  7.0503
432 336  0.1778 -0.0979 10.0828
464 336  4.3409  0.1254  6.4670
496 336 15.3632 -2.9909  8.4803
528 336 18.9982 -0.8332  6.4528
560 336 -19.7900 -0.1947  9.1202
592 336 17.1898  0.3054  4.9075
624 336 -10.9441  0.2768  5.0189
656 336 -0.1780 -0.2815  6.0984
688 336 -0.1337  2.8149  5.6824
720 336 -0.1379  0.1688  9.5901
752 336 -20.6199 -0.2563  8.2424
784 336  3.7388 -1.7418  6.6767
816 336 19.1213  0.4472  7.1256
848 336  7.8909 -0.1589  6.7556
880 336  0.1199  4.3472  8.1561
912 336 -0.0006  9.6002 11.6749
944 336 -18.0891 -0.2720  8.9477
976 336 -0.3353 -8.0703 10.1293
1008 336  7.0149  5.5287  6.4671
1040 336 -10.6028 -23.6014  8.2936
1072 336  8.2801 -18.6066 10.9966
1104 336 -14.2910 -1.0862  5.3388
1136 336 -22.9358 -0.3059  6.9002
1168 336  3.6395 -18.0955  7.5149
1200 336 -6.2451 -5.8334  6.4527
1232 336  8.1653 11.3158  4.8294
1264 336 12.5672 15.8808  6.4956
1328 336  5.4277  0.2228  4.8851
1360 336 -4.2863 -8.2921  6.0537
1392 336 -2.3309 -0.1067  9.8964
1424 336 -0.0976 20.4395 22.8068
1456 336  9.5191 -0.1257  8.8804
1488 336  0.1081 11.6611  7.5602
1520 336 -20.5080  5.9649  5.2510
 16 368 -18.5949 14.3124  5.8849
 48 368 -6.2953  0.2625  6.7937
 80 368  0.1586 -0.3169  7.8536
112 368  3.0921 -0.1279  8.8394
144 368  0.2294  0.3308  8.9689
176 368 -1.4278 -5.9055  7.0869
208 368 -0.0950  0.0049 12.8274
240 368 -8.7801  8.1331  6.2852
272 368 -0.1682 16.2000  7.3779
304 368  0.0353  0.1749  9.8359
336 368 -0.1203  0.0401  9.3260
368 368 12.9762 -14.0214  7.3024
400 368 24.3779 -0.3118 12.1902
432 368 -21.3562 19.7990  7.8397
464 368  3.3239 -0.8500  7.6648
496 368  0.0056 -13.9567  5.7822
528 368 20.3092  0.0189 10.9713
560 368 -19.2964  4.4788  6.8917
592 368 17.0113  0.3562  6.9539
624 368 -0.0606 -10.7317  7.0849
656 368 23.8127  3.9347  7.8262
688 368  9.7583  0.1960  8.9812
720 368  0.2155 -0.4409  7.1995
752 368 -2.9735 20.8234  6.6309
784 368 -21.4886  0.2417  8.0602
816 368 20.1279 -0.1180  6.9838
848 368  2.6929 -0.3706  6.9870
880 368  0.1552  0.0905  8.7900
912 368 -0.0732 -0.2748 10.7453
944 368 -15.3259 -0.4039  7.0797
976 368 -0.4054 -0.0801  9.4973
1008 368  0.2341 -4.2396  8.1192
1040 368 -7.5037 14.3128 11.2670
1072 368 16.2047 -0.3322  7.9603
1104 368 -6.3640 -0.0560 10.0601
1136 368 -23.3024 -14.1708  7.1858
1168 368  9.4718  0.0119  8.3555
1200 368  0.1853 -0.1188  5.8991
1232 368 11.0016 -0.0474  4.6233
1264 368 18.0632 -0.0593  4.4759
1296 368 -3.5000  0.3229  4.3221
1328 368  0.3475  0.4266  5.8943
1360 368 -16.2149 -4.4723  9.6960
1392 368 -4.7093 -10.1601  5.8984
1424 368 -16.0196 -2.3565  6.4688
1456 368 -8.3529  4.7219 14.2596
1488 368  1.7144  3.9732  9.9685
1520 368 -0.0893 13.9776  5.7505
 16 400 -0.2545 26.0775  5.6045
 48 400 -13.3787 12.1415  6.4278
 80 400  0.2551 10.8069  5.7789
112 400  3.7583 -20.9468  7.6057
144 400 -0.2967  0.2643  6.5032
176 400 -0.0563  0.1281  9.5196
208 400  0.0711  0.1088  6.6191
240 400 -0.0045  0.0671 10.0667
272 400 -0.0562 16.4569 10.7314
304 400 -0.1081  4.4979  7.3756
336 400  0.0080  0.0812  6.2722
368 400  8.2539 -3.1464  7.8274
400 400 26.0418 -0.1722  9.7033
432 400 -22.3309  0.4772  6.2067
464 400 -20.8529 20.5098  9.2967
496 400 18.9099 -0.4312  6.8724
528 400 11.8497  0.2020  7.6197
560 400 -0.0801  0.0380  8.7997
592 400 -8.0636 -3.6371  7.0451
624 400 -5.3624  0.0940  6.6610
656 400 24.1062 -0.3767  8.8215
688 400 -7.9933 -14.1897  8.1374
720 400 18.1309  0.1143  8.5058
752 400 -0.1523  0.0242 10.4221
784 400 -21.1985 14.6663  7.7871
816 400 11.0613 -5.2612  6.7056
848 400 -0.0592 -12.6390  9.1913
880 400 16.7531 -0.4574  8.4045
912 400  0.0450 -16.0276  8.4082
944 400 -14.0473 -18.4760  7.4867
976 400 -3.3814 -0.0047  7.9115
1008 400 -0.3964  3.3790  4.7039
1040 400  3.7929 -3.0194  7.4509
1072 400  6.3015 -4.7390  5.6327
1104 400 -24.9920 -20.8423 12.1995
1136 400 -16.8129 -17.9116  6.8576
1168 400  0.1442  3.3565  6.9523
1200 400 -19.4854  0.0566  7.5036
1232 400 18.2489  0.0381  4.7518
1264 400 18.2625  0.2060  6.5299
1296 400  0.2390 -3.9368  6.1688
1328 400 -0.0586 -12.8372  9.0272
1360 400 -0.1865 -13.8830  4.3963
1392 400  5.6974 -8.3839  7.8788
1424 400 -13.1201 -0.0145  5.2579
1456 400 -22.1764 -0.3876  9.5731
1488 400 -0.4690  7.8703  5.4806
1520 400 -12.1400 -7.5392  5.2281
 16 432 -2.3139 21.0920  5.2873
 48 432  1.5222 -3.2184  6.9286
 80 432 -0.2501 -10.0319  7.0393
112 432  5.2129  1.2985  4.6453
144 432  0.3228 18.1018  7.3611
176 432  0.0895 -6.3331  7.0829
208 432  0.2319 -15.9492  5.5876
240 432 -18.5292 -21.2622  6.5233
272 432 21.5015  0.0007  6.2230
304 432 -0.0433 14.1277  9.2014
336 432 -19.2849 16.3084  7.5758
368 432  0.3356  0.2409  9.7149
400 432 23.7293  1.0538 10.9780
432 432 -14.7870 10.0813  7.4237
464 432 -16.0877  0.4326  7.9654
496 432 -8.4030 15.6191  7.3528
528 432 21.2339 -10.1194  7.2487
560 432 -23.7759  0.2828  8.3533
592 432 -2.2908 -0.4039  8.0033
624 432 -12.3555 -3.8828  7.4272
656 432  0.0316 -0.2596 12.9446
688 432 12.0239  0.0530  6.6192
720 432 -0.1564 10.2594  5.7478
752 432 -0.3157  0.0882  8.6283
784 432 -2.5394 10.1140  6.2662
816 432  0.2060 15.6753  8.1804
848 432 10.6219 -19.5079  7.6246
880 432 -0.1532 -13.6676  9.3702
912 432 21.7138  0.0005  4.5523
944 432 -10.7763 10.8151  5.6683
976 432  0.0493  4.4754  8.4753
1008 432  4.1293 -0.0366  8.6801
1040 432  0.8431 19.5596  6.9215
1072 432 14.7070  0.0162  9.9795
1104 432 -20.7150  6.0967  7.5798
1136 432 -0.1747  6.6727  4.9742
1168 432 11.4374 -1.7520  5.2275
1200 432 -2.7592 16.0418  5.1954
1232 432 16.5611  0.3132  6.2632
1264 432  8.0180  0.4124 13.9654
1296 432  0.1156 -3.5488 20.7257
1328 432 -0.0899 -0.0318  4.7135
1360 432 -0.3318 15.3487  5.5685
1392 432 -0.3552 -13.4143 14.6421
1424 432  0.1360 -8.2677  9.6139
1456 432 -8.0985 -10.3391  8.2344
1488 432 -0.2721 -12.5670  8.9402
1520 432 -6.0544  7.0155  5.2207
 16 464 -7.4042  1.9331 10.0833
 48 464 -11.6039 19.7725  5.1123
 80 464  0.6481 19.1843  7.7357
112 464  0.3653 -19.0466  4.8328
144 464 11.8251 -9.7821  8.3618
176 464 -20.0599  6.3492  5.6292
208 464  1.7264 -11.3583  6.9100
240 464 -0.0717 -0.1287 10.5696
272 464  0.2070  0.0089  6.6115
304 464 17.5051 -0.3477  5.9856
336 464 -10.8778 17.5039  7.5189
368 464 -18.0456 16.0896  6.7137
400 464 14.2999  0.1420  9.9047
432 464 -2.0638 -10.0557  7.8875
464 464 -18.9900  0.0680  7.8905
496 464 -21.4766 -5.0283  6.9741
528 464 19.2401 -10.1621  6.1478
560 464 -3.5233 -21.0592  6.0306
592 464 -21.0844  0.1903  8.1874
624 464 -10.9152 -0.4758 11.4735
656 464  0.2281  0.2648  8.9683
688 464  0.3597 -0.2724  9.2430
720 464 24.0995 -0.2780  9.7861
752 464 -0.0516  0.0364 12.2814
784 464 -17.5527 -17.1598  7.6382
816 464 -0.1926 -0.4335  6.1333
848 464 19.1427 11.0430  6.3901
880 464  4.8903  0.2553  5.4447
912 464 18.4578 12.6346  7.5375
944 464  0.4054  0.4900  5.0952
976 464  0.1311  0.1996 13.6151
1008 464 10.9688 -0.2171  8.0172
1040 464  2.9266 -5.6674  8.6915
1072 464 -1.7557 -17.4531 10.2767
1104 464 14.0063  0.3693  7.3800
1136 464 -1.4852  4.5268  8.1329
1168 464 17.1577 18.3153  7.0788
1200 464 -2.5426  8.3113  4.8551
1232 464  4.7496 -0.1478  8.4026
1264 464 -8.1540 25.7623  8.1937
1296 464 -0.8594 18.8624  4.5472
1328 464 -0.1122 22.4188  6.6631
1360 464 -0.4299 13.0892  5.9507
1392 464  0.3659 12.5000  5.2857
1424 464 -20.1483 -16.0772  7.3539
1456 464 -0.2031 10.7135  7.5376
1488 464 -0.1515 -13.2118  8.5331
1520 464 -6.4199  0.4346  4.9164
 16 496 -0.0303 -14.7220  6.4015
 48 496 -0.0632 -23.7859 10.3347
 80 496 -4.6421 22.9835  6.8208
112 496 -0.0357  0.2210  6.1973
144 496  6.5724 15.8985  4.6683
176 496 14.1429  3.0051  7.1947
208 496 -0.2009 20.2849  4.2837
240 496 -2.0488  0.3265  5.5919
272 496  0.1664 -0.0405  8.2580
304 496  0.2715 -0.4560  8.8907
336 496 -15.8352 -5.9107  8.4224
368 496 -0.1728 -4.5269  8.4335
400 496  0.1865  0.1415  9.0783
432 496 -0.0280 -4.9587  5.8736
464 496 -19.3619 -1.3673  8.3368
496 496 -12.1861  0.0940  6.7869
528 496 10.4621 -15.3739  7.5673
560 496 13.2404 -12.8660  8.5699
592 496 -19.6853 -0.1525  7.0623
624 496 -14.7353 -7.7557  5.3061
656 496 15.9213  1.1032  7.8025
688 496 -21.6280  5.4219  7.5785
720 496 23.8019  3.8447  9.3007
752 496  0.3050  9.3538  7.5521
784 496 -14.4746 -4.0265  8.0850
816 496 -0.2191 19.5348  6.7125
848 496 -7.5940  1.6713  7.9553
880 496 23.6988 10.9039  6.4585
912 496 -0.1450 20.9915  5.2190
944 496 -9.8228  2.6836  4.4243
976 496  0.0596  2.7337  8.0101
1008 496  4.5906 20.7297  6.7764
1040 496  4.0306 23.9370 16.6093
1072 496  0.0314 17.9267 22.0934
1104 496 11.7498 25.3969  6.9209
1136 496 -3.3175 -0.3254  9.5746
1168 496 11.2532 10.0740  6.6010
1200 496 -12.2143  0.0462  5.4097
1232 496 -15.6412 -0.3707  7.7530
1264 496 -7.7325 21.2466  5.0849
1296 496 -4.6170 -0.2258  7.4489
1328 496 -7.8728 -0.5000  4.9231
1360 496 10.4825 -10.7322  8.1384
1392 496 10.8909 18.9440  4.5373
1424 496 -0.0926  0.4753  7.0241
1456 496 -12.7773 -5.8476  9.1282
1488 496 -0.1752  4.3435  6.8061
1520 496 -3.1843 -0.0573  4.8948
 16 528 -7.2322 11.4140  5.3261
 48 528 18.7436 15.7538  5.5438
 80 528  1.9759  2.0090  5.2886
112 528 -12.3299 -4.1120  4.9344
144 528 16.0822 -0.4310  5.9028
176 528  8.2942 12.3514  5.4286
208 528 -0.1874  0.0981  7.5375
240 528 12.8398 14.0618  5.5438
272 528  0.2510 10.6029  8.1082
304 528 -0.1094  0.1038 10.7560
336 528 -18.5949 -1.1516  6.7299
368 528  0.0080 -0.8745 12.1229
400 528  0.2448 12.8877  8.3532
432 528 -7.8587 -0.1018  7.5844
464 528 -4.4252  3.7988  6.0084
496 528 -24.5310  0.4877  6.5299
528 528 10.8186 -0.3227  6.9038
560 528 20.7299 -8.4701  7.1640
592 528 -11.2975 -5.1001  7.5741
624 528 -0.4099  0.3494  7.8443
656 528 12.2688 -0.2546  8.2216
688 528 -0.0510 25.4169  7.5374
720 528 20.6059  0.4812  8.1448
752 528 -0.4878  0.1253 11.6269
784 528 20.6415 15.8892 11.0001
816 528 -12.3205 19.9348  8.9843
848 528  4.4804 18.3796  9.6545
880 528  3.7849 20.4763  9.6201
912 528 23.7608 -5.7327  6.3228
944 528 -13.0060  0.4537  8.8169
976 528 -0.3604 -0.4051 13.1108
1008 528 14.8108 -11.7163  8.7731
1040 528 -18.6222 11.2995  7.1803
1072 528  1.0002 -10.7522  6.8117
1104 528  6.4222 -2.6292  4.7227
1136 528  0.1756  0.4133 10.5814
1168 528  0.2195  0.1330  6.0160
1200 528 -2.0013 -0.1610  4.7375
1232 528 -21.0709 -0.0853  8.8024
1264 528 -0.3614  2.0060  5.6935
1296 528 -3.9040  4.2377  7.1745
1328 528  8.2393 -6.6318  5.5888
1360 528 -0.2741 -6.2562  4.3468
1392 528  0.2418  0.0496 11.4489
1424 528 -0.0668  0.1408  9.4419
1456 528  0.2029  0.2007  8.6665
1488 528 -0.3932 -0.3666  6.0418
1520 528 -0.3626 -0.4708  7.2068
 16 560 -0.1965  0.0085  8.0530
 48 560 -12.7431 -0.1867  7.5557
 80 560  4.7707 -23.7179  4.8644
112 560 -0.2169 11.0855 10.9739
144 560 12.4764  0.2565  7.3993
176 560 12.4250 -0.2605  8.5859
208 560 21.2244 -9.8860  5.9106
240 560  0.3354  0.4424  6.8048
272 560 -0.1947 12.7223  6.0367
304 560 -2.0010 19.0834  5.4510
336 560 -15.9276 -15.2940  5.6250
368 560  1.7838  1.9605  9.7012
400 560 23.8768  2.1885  5.7433
432 560 -0.1344  0.1370  7.8321
464 560 -0.0701  0.2415 11.0505
496 560  0.0591  0.2095  8.4422
528 560 -16.1924 18.9684  9.3676
560 560 11.1085 -10.4691  6.2008
592 560 -7.9515  0.0424  9.9852
624 560 -0.1172 19.5390  7.9537
656 560 18.1964  3.5847  7.9257
688 560 -0.0640  0.2361 14.3930
720 560  0.4267 -0.1362 10.6760
752 560  8.2859 -0.2474  6.0748
784 560 12.6526 18.3497  6.9836
816 560 -9.4412 -0.0160  5.9808
848 560  0.4730  5.6148 10.6269
880 560 -7.7020  0.1557  9.7861
912 560  0.1444 21.5390 10.0499
944 560 -11.1580  0.2201  6.9036
976 560 -0.0747  0.5135  7.9050
1008 560 -2.3729 16.8101  9.0681
1040 560  0.1602 -2.0861  7.4003
1072 560 -5.5308  7.8564  5.4928
1104 560 10.2413 -0.3260  5.4972
1136 560 -0.2763 -16.3390  8.8216
1168 560  5.1995 -20.4490 23.3420
1200 560 -23.5000 -3.0394  4.9317
1232 560  0.0000  7.6778  5.1983
1264 560 -0.1809 -0.1993  6.0442
1296 560 -0.2888 -8.0000  6.3144
1328 560  0.0443 -8.5742  9.3613
1360 560  0.2388 -0.3861  8.4935
1392 560  0.1684 -2.0440 10.6062
1424 560 -16.2938 -16.0908 11.3488
1456 560 -6.0526 -24.3211  7.7844
1488 560 -0.0153 -21.2244  8.1407
1520 560 -0.3025 -8.3102  5.4325
 16 592 -0.0071 19.8372  8.6905
 48 592 -2.6658  0.3990  6.6286
 80 592 -0.3837 -0.2626  4.9890
112 592 -11.8416 -0.3813  7.8100
144 592  5.1322 -1.7640  6.7932
176 592  0.0679  0.4367  7.0690
208 592  0.2030 -0.1276  7.5652
240 592 17.5683 -6.7873  8.3106
272 592 17.6740  0.1299  5.2583
304 592  8.3442  7.8792  5.8094
336 592 -19.0068 18.6684 10.4003
368 592 11.0619  8.4859  6.3161
400 592 21.7823  0.9330  7.9787
432 592  0.1735  8.7552 10.9111
464 592 -0.2665 16.4310  6.6995
496 592  7.0854  6.1005  9.5509
528 592 -12.4575 14.6684  6.7653
560 592  8.4765 19.8788  8.6146
592 592 -18.3014 14.8780  9.7507
624 592 -0.0465  0.0350  9.9240
656 592  1.7197 -0.3650 11.5272
688 592  0.2853  0.1640  9.5536
720 592  9.6750 -18.0031  7.1599
752 592 16.8014 -17.0207  5.5604
784 592 -0.1071 -0.1309  5.2718
816 592 -1.5949 -0.0337  4.1177
848 592 -13.7071 -2.5656  7.2204
880 592  0.1213  1.6110 15.4132
912 592  0.1142 -3.7594  5.3853
944 592  0.3524 -0.1093  7.9878
976 592 -12.0820  3.1314  6.3131
1008 592 22.5412 16.8260  9.2501
1040 592  3.5185  0.2904  5.2498
1072 592  0.4067  0.0398  5.0003
1104 592 -3.1824 -10.1103 11.3235
1136 592  7.6464  2.2720  8.1935
1168 592  7.1553  1.9043  5.4518
1200 592  0.3458  3.1629  6.4334
1232 592 -0.2331 -6.4132  8.2131
1264 592 -21.4655 -5.5516  5.3390
1296 592 -0.3053  2.0047  8.3834
1328 592 -2.8370 18.5519  6.9654
1360 592 -0.0369 -0.0355  6.9686
1392 592 -0.2190 -0.1628  9.2384
1424 592 14.2086 -0.1655  6.2880
1456 592 -0.0679  0.0000  8.3150
1488 592 -0.0875 -5.6264  6.9104
1520 592  9.7728 -8.3657 15.5244
 16 624  0.2067 -9.2803  7.6390
 48 624 -13.7736 14.0241  4.3194
 80 624  0.1992  0.0034  6.0750
112 624  0.0109 15.4566 11.4730
144 624 -9.6530 18.8848  7.2606
176 624  4.7451 -14.3229  5.8757
208 624  0.0732 -0.0991  4.9846
240 624  0.1833 -9.2366  4.3414
272 624  5.0385 -5.4018  5.1771
304 624 15.2482 -13.1498  4.8120
336 624 -14.9624  0.2463  9.4228
368 624 13.2610 -0.2682  6.6768
400 624  8.3825 -23.8460  4.7676
432 624 -0.0123 -0.2172 10.9398
464 624  0.3858 -21.9383  7.7425
496 624 10.2692 -0.1534  6.0975
528 624 -0.0553 19.6185  8.0940
560 624  4.9773  0.1947  7.4647
592 624 -10.0835  0.2385  8.6372
624 624 -4.0768 10.0966  5.6801
656 624  7.9565 -14.8970  6.2657
688 624 -14.7686 -22.4481 10.0451
720 624  0.4516 10.5279  4.9055
752 624  2.1565 -0.1222 17.3576
784 624  8.7990 -28.6743  9.0702
816 624 -6.4909 -11.0547  7.6055
848 624 -10.6759 -2.7614  7.1944
880 624 -22.6931 15.4720  9.6192
912 624 26.8983  0.1804  6.8531
944 624 -0.1827 -0.1202  5.9854
976 624 -6.5275 -12.1717  7.5929
1008 624 -0.3192 -0.2395  8.2876
1040 624 -16.7016 -12.0662  5.3512
1072 624 12.2127  0.2928  4.8736
1104 624  0.3427  0.2537  8.4298
1136 624 23.7666 -0.3800 11.9265
1168 624  9.8856  0.2635  4.5754
1200 624  0.1300 -0.0838  6.0713
1232 624 -4.7604 -0.9337  7.5896
1264 624  0.2413  2.6100  8.5871
1296 624 -0.1986  0.2122  9.0153
1328 624 -0.2601 -4.7436  5.7083
1360 624 -0.0810 -0.0116  5.6430
1392 624 -0.0950 -0.1755  7.7220
1424 624 -0.1730 -8.4531 10.0684
1456 624  0.2132  0.1347  6.8376
1488 624 -0.1402 -6.2352  9.5883
1520 624 -0.0906  0.1572  7.4874
 16 656 18.2499 -4.4867  5.1845
 48 656 -0.4522  1.7385  5.7854
 80 656 -3.1808 -15.2368  7.6319
112 656  0.0089 -4.8165  6.8527
144 656  0.4294 -16.3196 10.8104
176 656  0.2707 -20.8179  7.7112
208 656  0.0233  0.3497  8.1236
240 656 13.3065 -15.4149 12.7454
272 656 18.1921 -5.1368  7.3284
304 656 12.7873 -0.4072  6.2032
336 656 11.2829 -7.0728  6.0549
368 656 -0.2973 -14.7965  5.1514
400 656 -0.1979 -9.5762 10.6481
432 656 -0.2195 11.6297  9.5914
464 656 -16.6799 -0.1623  7.0767
496 656 21.1891 -15.0657  9.9130
528 656  9.8540 -0.3246  8.6701
560 656 -0.7445 -3.5048  7.0916
592 656 -11.5436 -0.1277  7.4562
624 656 -0.4671  2.2244  7.8006
656 656  2.0539  7.3745  6.1224
688 656  5.7834 20.5652  7.2218
720 656  4.0184  6.5563  8.7617
752 656  4.4319  0.1303  5.0990
784 656  7.3566  5.8938  7.3008
816 656 -0.0978 -11.0801  7.3272
848 656  4.4979 -10.8134  6.6438
880 656 -25.1444 -25.0482  9.8969
912 656  9.0281 -11.0897  6.9223
944 656 13.8038 -13.8633  4.6669
976 656 -26.3779 -0.4823  8.4194
1008 656 15.9281 -9.2780  6.1815
1040 656 -10.4386  0.0766  5.3122
1072 656  4.1997 -14.1072  3.5871
1104 656  0.0826 -0.1092  7.8113
1136 656  0.2563  6.2192 24.9982
1168 656  0.0841  0.4387  5.7399
1200 656  0.3301 -3.8766  5.8158
1232 656 -0.0245  0.0747  5.6508
1264 656  0.1188 -11.1869  8.3539
1296 656  0.1858  0.2594  5.6773
1328 656  0.3268 -0.2630 10.3184
1360 656 -0.2969 -0.2354  9.6061
1392 656 -0.1295  0.0939  7.7492
1424 656 -0.0151  0.1060  5.9262
1456 656  0.1121  0.1313  9.0092
1488 656  0.1136 -0.1319  8.7760
1520 656  0.3500 10.3750  6.4420
 16 688 -0.1248 -13.2451  6.9451
 48 688 -0.3024 -21.4018  7.6815
 80 688 -0.1048 -21.8337  7.0181
112 688 -0.3454 -19.4643  7.4092
144 688 -20.1238 -0.8867  6.4702
176 688 -2.6811 -18.1510  8.0794
208 688 -0.0659 -7.9086  8.6012
240 688  4.3200 -0.4059  5.1214
272 688  0.7288  4.0038  5.6350
304 688  1.3591 -1.9555 15.0833
336 688 -0.0400 -14.5515  8.2900
368 688 21.5975 -16.2524 10.2186
400 688  1.1616 -4.1877  6.4009
432 688 -0.3467  0.1415  5.9281
464 688 -18.9012  0.3658  8.0760
496 688  0.2409 -0.1860  8.0712
528 688 -0.2143  0.1667 11.4784
560 688 18.7030 -0.1844  7.8837
592 688 -1.0854 -0.1709  7.1655
624 688 -18.2001 -0.1313  8.9511
656 688 -0.1413 15.8601 12.1252
688 688 10.0914  6.3008  7.8644
720 688  0.2955  4.4916 10.4609
752 688 -6.7785  1.8517  4.8041
784 688 -0.2391 -0.1527  6.2662
816 688  7.4672 -0.3145  4.6380
848 688  0.0165  3.7080  5.3499
880 688 -0.3193 17.8747  8.9057
912 688 14.1802  7.0658  5.7763
944 688 -8.1775 -14.0780  7.7828
976 688 -8.2157 -0.4892  8.7813
1008 688  0.3503 -0.4402  6.3733
1040 688 -19.7229  0.2341  4.8872
1072 688  2.7617  0.0430  4.8689
1104 688 -0.2565 -0.2291 12.0374
1136 688 -7.8656 -13.7425 11.0406
1168 688 13.1159  7.1429 10.2006
1200 688 -0.1724 -11.5096  6.2369
1232 688 -1.6062 -0.1525  5.7145
1264 688  0.1454  0.1431 11.7056
1296 688  0.0059 -3.7046  7.1758
1328 688  0.0385 -9.9240  5.8935
1360 688 13.2303 -14.1093  5.4733
1392 688 -0.2129 -2.1583  6.5268
1424 688  0.3275  0.4945  8.7638
1456 688  0.0884 -0.2729 10.2788
1488 688 14.3339 11.2568 13.2522
1520 688 22.6913 -0.0577  6.5666
 16 720 -0.1372 -15.2161  9.4691
 48 720 -19.9562 -15.9373  4.8605
 80 720  0.1198 -22.2196  8.3963
112 720 20.4949 -18.3285  5.1529
144 720 -25.0039  0.1614  5.9491
176 720  1.0274  0.2372  5.9198
208 720 -0.0114 -1.6948  7.7401
240 720 -0.1492 -4.6392  7.5595
272 720  0.3649 -9.5508  5.5895
304 720 -0.0849 -2.5515  6.2947
336 720  2.8275  4.1922  5.2158
368 720 23.7614 -0.2748  6.4267
400 720  5.2763 16.5105  6.4040
432 720  4.5451  7.9414  4.5852
464 720 -6.8896 -9.6749  8.5507
496 720 -4.0906  0.1599 18.3247
528 720 14.3633 -5.7818  6.7893
560 720 -0.0655 -13.2446  4.0592
592 720 -0.0315 -0.2551  8.0263
624 720 -3.4888  3.4460  5.3338
656 720  0.0379  9.7901  5.5985
688 720 -1.9133 -0.2849  4.5543
720 720  0.0608  0.0848  5.5832
752 720 -8.0136 15.7495  4.8320
784 720 -2.1919 16.2181  4.4789
816 720 -1.0986  0.2033  5.2518
848 720  0.1808 -2.4359  4.5613
880 720 -2.1187 -0.2709  6.6179
912 720 -0.1738  5.7755 11.5905
944 720 20.6602 15.8358 12.9560
976 720  0.0189  0.1058  6.3710
1008 720  8.7535  0.3315  4.8097
1040 720 -10.0656 -0.1003  4.6290
1072 720 -13.9459  0.2491  4.9837
1104 720 -0.4099 -0.4426  9.1029
1136 720  9.2526  0.1399  6.4219
1168 720  8.1138 -16.4213  7.7914
1200 720  0.3587  0.0706  5.6961
1232 720 -8.0458 -0.1901  6.5822
1264 720 -0.1840 -0.0299  7.4325
1296 720  1.1101 -0.0376  7.5658
1328 720 -0.3408 -24.4725  6.8860
1360 720  0.3114 -0.2248  6.6051
1392 720 -5.0667 -20.7219  6.4980
1424 720  2.7210 -6.2160  5.5321
1456 720  0.4826  0.3096  6.9779
1488 720  3.7893  0.1333  7.3019
1520 720 -1.6804 15.7710  4.3966
 16 752 -16.1657 20.8415  7.1648
 48 752 -0.3014 20.5924  7.8943
 80 752 -0.0493 22.4544  9.8795
112 752 -0.2226 12.1778  7.6780
144 752  5.4223  1.8624  6.4111
176 752 -6.1483 22.7345  6.2996
208 752  6.1643 13.9697  9.1565
240 752  8.1225  0.7365  6.0885
272 752 -16.5014 21.1485 10.1242
304 752 -0.0260 -1.9486  6.4762
336 752 -3.9244 12.0509  5.6909
368 752 23.0492 -5.2788  5.2561
400 752 16.4916 -5.6131  6.1711
432 752 13.3917 -0.0060  6.6337
464 752 -1.0328 13.2029  5.1080
496 752  0.0009 -7.6549  6.3430
528 752  0.3119 16.5380  6.3752
560 752 14.1696  0.2144  5.7247
592 752 -3.5135 -22.2938  5.1883
624 752  4.0438  0.5033  9.3840
656 752 -1.2829 -7.9173  6.3635
688 752 -0.0641 -13.3767 11.7410
720 752  0.2707  1.2770  5.6982
752 752 -14.2529 -7.7863  5.5637
784 752  0.9914 -0.1062  6.7794
816 752 -0.1210  0.2060 17.7135
848 752  5.8107 14.0494  6.3178
880 752 -8.2550  0.2555  8.0050
912 752 -0.3819 -3.6424  6.8118
944 752 -0.1309 -4.7690 12.1266
976 752  6.0744 15.2586  6.5504
1008 752 -0.3062 -0.0403  5.7700
1040 752 -7.3639  0.3762  5.0519
1072 752 -11.4222  7.3135  5.4224
1104 752 -18.8007 -10.3619 10.6440
1136 752  0.1724 10.5667  5.8005
1168 752  5.4023 -0.1785  6.2145
1200 752 26.8202  9.9499 14.0136
1232 752  0.1058 11.0596  9.2670
1264 752  0.0399 17.8549  6.7824
1296 752 -5.0364  0.1230  7.1258
1328 752  0.1269  0.1319 10.6835
1360 752 -0.0270 -0.0028  9.3911
1392 752 -0.0110 10.6534  6.9010
1424 752 24.1485  4.3293  7.0658
1456 752 -7.1405  3.4044  5.1499
1488 752  2.8634 15.9407  7.9563
1520 752  0.0281  6.3355  8.0554
 16 784 -4.0156 19.6158  8.0209
 48 784 -0.1925 13.2656  7.7556
 80 784 -0.3908 13.1534  7.0815
112 784 15.6188  6.3616  5.4204
144 784 15.6812 -2.7645  7.3690
176 784  0.0784 -0.4727  8.9523
208 784  0.0483 10.3578  6.1174
240 784 -0.2419 10.6541  9.3705
272 784 24.9484 -10.0771 10.7319
304 784  7.7836  0.2572  4.9594
336 784 -8.1373  9.1084  5.2862
368 784 -0.0245  6.7092  6.3608
400 784  8.2198 -17.6552  7.1465
432 784 14.9365 -10.7077  5.7768
464 784  0.7402  0.1777  6.2321
496 784  6.9120 -18.6022  5.6307
528 784  1.8195 -3.4134  7.3079
560 784 21.3213  0.7536  5.8561
592 784  9.3143 16.1998  6.1385
624 784 -5.7056 -0.4368  7.0507
656 784 12.8492 -6.9824  6.3073
688 784 -0.9317 -1.6781  5.6365
720 784 -0.1133  0.0214  4.5710
752 784 -10.3174 11.8771  6.7643
784 784 -0.7632 -0.2351  5.0725
816 784 -10.9811 -1.1051  4.3019
848 784  0.0899 -21.2995  5.5879
880 784 -8.0488 -9.4488  6.0461
912 784 -21.8036  6.3921  6.6992
944 784  0.2077  8.1582  9.9142
976 784  4.5831 -15.5209 10.0670
1008 784 -0.4872  0.3691  5.1640
1040 784 -11.2458 -9.0107  4.0382
1072 784 -0.0788 -12.8364  8.2549
1104 784 -3.4360  1.6142 13.4688
1136 784 -5.7723 -0.1195 17.4178
1168 784  3.3320 25.5380  6.3790
1200 784  0.3520  4.1554  6.2170
1232 784  0.2315  1.2171  7.2911
1264 784  0.0527 -0.3587  8.9449
1296 784  0.1088 -3.4480  5.7958
1328 784  0.3495  0.5729  7.9056
1360 784  0.0751 -0.1951  9.4243
1392 784  1.3728 -4.2335  7.0120
1424 784 19.8022  8.2369  7.7400
1456 784 -0.4635 10.5335  8.3841
1488 784 -20.1166 -10.4703  5.9039
1520 784 -7.8349 -27.1077 10.8973
 16 816 12.2375 13.6390  6.0342
 48 816 -0.3558 20.3121  8.3709
 80 816  0.1004 -5.3198  7.4813
112 816  0.3923  4.7263  8.1575
144 816  3.3776  0.1262  9.0187
176 816 -0.1646 -0.0412  8.5697
208 816 -12.7846  9.1729  8.2563
240 816 -8.0343 19.1174  5.3965
272 816  0.1092 -1.4213  5.4570
304 816  0.1471  0.0157  7.1323
336 816  1.7991 -3.0978  5.4086
368 816 -3.8766 -2.8631  4.5912
400 816 -0.0448 -0.3721  4.5032
432 816 -0.3328 -2.0474  5.0972
464 816 -8.0055 -22.8922  5.2397
496 816 19.8260  0.5605  4.2759
528 816  3.7657 -0.6615  4.8492
560 816 16.3538 -1.9038  6.1684
592 816 -5.8672 -5.7483  5.0182
624 816 -16.8158  6.4255 10.7195
656 816  0.6469  6.0484  4.7352
688 816  1.2412 -1.2301  4.7362
720 816  2.9821 -0.9746  4.3831
752 816 -6.0793 -0.5919  4.8238
784 816  3.1613 -1.8895  5.4158
816 816 -0.0653 -0.3671  5.2607
848 816 -0.1094  0.1600  6.6652
880 816  1.6281  0.6058  7.9887
912 816 11.2335 -7.9072  7.2401
944 816 -21.3274  4.1517  4.9239
976 816  5.5867 -2.3213  7.4201
1008 816 -14.1035 -2.1820  5.1028
1040 816 -1.1457 -0.3415  5.3285
1072 816 -4.1913 -0.0071  7.1806
1104 816 -17.8215 -2.7557 15.2148
1136 816  1.4223 -6.0294  7.8775
1168 816  0.6900 24.0941  5.3840
1200 816 -0.0505 -1.3341  7.1145
1232 816 -0.2369 -1.8155  8.6124
1264 816 -3.8591  4.8277  6.1163
1296 816  0.4837 -0.1631  6.1788
1328 816  1.9896 19.3524  6.7948
1360 816 -5.3786  6.3134  7.2532
1392 816 -0.0063  0.0263  7.4350
1424 816 -0.1670 -0.2228  8.3253
1456 816 -0.8189  0.1433 10.0116
1488 816 -15.9350 -1.1265  8.3540
1520 816 -0.2823 -26.5141  5.3925
 16 848  0.4578 -15.9330  4.4432
 48 848  0.4059  0.0215 10.1827
 80 848 -0.1784  0.4988  6.1863
112 848 -16.6209  0.0034  6.6560
144 848 -3.6530 -25.5855  6.1447
176 848  9.9066 -0.1008  5.6634
208 848 -0.2060 -0.9974  7.5454
240 848 -0.3957  7.7039  5.3967
272 848 -22.1304 12.8393  4.8023
304 848  7.8704  0.8366  5.2800
336 848 -2.8359  4.0902  5.3030
368 848  0.2110 -23.6994  5.9035
400 848  6.1842 -2.2318  9.6112
432 848  6.7541 10.2339  5.0108
464 848 -2.6245 -8.8738  3.8914
496 848 -3.1428 -5.2679  5.0713
528 848 -2.6676 -3.7546  6.1575
560 848  6.0703  0.9677  5.5528
592 848 11.1667 -2.9657  7.2381
624 848 20.7529 -15.0127  5.3200
656 848 -4.0243  0.0759  5.0443
688 848 -5.2076  0.7599  5.4011
720 848 -0.0561 -0.8538  4.7818
752 848  2.2049 -2.0173  4.5487
784 848 -7.8878 -2.1616  4.9949
816 848 -0.3527  0.2538  6.4397
848 848 -7.6798 15.0149  7.6061
880 848 -0.0416  2.1476  4.3088
912 848  0.2416 -0.0227  4.7652
944 848  9.8025 -5.5721  7.4158
976 848  1.9530  0.0524  7.4967
1008 848 -13.6024  1.1484  5.7653
1040 848 -6.8324 21.5131  5.8186
1072 848 25.9813  5.7638 10.7579
1104 848 -16.0801  6.3115  9.3888
1136 848 -2.7431  4.8336 17.0181
1168 848 -16.2528  1.6602  7.7975
1200 848  2.2275 -0.3224  5.5056
1232 848  0.0121 -1.9105 11.3486
1264 848  0.1700 14.6497  9.2549
1296 848  3.6765  0.0017  9.3077
1328 848  0.0290  0.0627  9.1134
1360 848 13.9881  8.2918  7.5438
1392 848 -20.8143  5.9399  9.1592
1424 848 -0.2633 -22.6710 10.9821
1456 848 -0.0544 -16.2093  8.6699
1488 848 -0.4018 -11.1998  5.1878
1520 848 -2.6243 -14.0245  7.7993
 16 880  0.1853 -0.2830  5.7222
 48 880  0.4850 -0.4614  5.4531
 80 880 -21.4105 -5.9337  7.2682
112 880  0.4079 13.9894  6.5681
144 880  5.2394 -0.3065 10.5188
176 880 -1.6632 -6.7684  9.3414
208 880 11.1957 -13.2059  5.9788
240 880  2.6431 18.7529  6.9991
272 880 -7.6570  0.1262  5.8612
304 880 -0.7658 -10.7682  5.7284
336 880 -10.1102 -5.6862  5.0731
368 880 -13.9055  0.2700  4.9410
400 880  8.7509 17.2510  5.8771
432 880  8.2888 -2.3197  5.0040
464 880 -0.1297 -5.2183  5.4650
496 880  0.1196  0.2447  6.1700
528 880 -2.5700 -14.4602  5.8768
560 880 -4.1003 -4.8373  5.5584
592 880 -16.3313  0.1108  7.8492
624 880 -0.1199  0.3838  6.3784
656 880  0.4119 -3.8203  4.7695
688 880  0.1323 -0.9852  4.4175
720 880  0.0323 -1.4527  5.3334
752 880  1.1750 -1.0083  5.8136
784 880  3.1323  1.7841  4.5296
816 880 -0.9100  0.1394  5.0448
848 880 -1.9119 -7.8912  6.1660
880 880 -8.1781  3.8325  4.2534
912 880 -0.2170  2.3712  7.0510
944 880 -0.4786  5.6572  6.4408
976 880  5.6988  0.0045  8.2913
1008 880 -8.2864  0.2582  7.8000
1040 880 -13.4236 -3.9890  7.8912
1072 880 17.6715 16.8171  6.7415
1104 880  2.8168 -6.2936  9.1321
1136 880 -20.4030 -13.5668 10.5862
1168 880 -0.0893 -0.4264  6.6923
1200 880  3.7454 -0.0852  6.9477
1232 880 -0.0660  7.0000 10.4160
1264 880 -0.0285  7.5300  7.3055
1296 880 -0.9162 -0.2624  5.5609
1328 880  0.4027 -0.2592  9.0478
1360 880  0.0931  3.5117  6.8044
1392 880 -15.6981 -0.0576  5.2519
1424 880  0.4229 20.6924  7.7991
1456 880  0.2658 -2.9865  8.4707
1488 880  0.0171  2.0325  9.2311
1520 880  0.1294 10.2490 11.5079
 16 912 -5.7516 -15.1868 10.1674
 48 912  0.0038 -5.1414  7.4279
 80 912 -10.1570 17.9426  5.5260
112 912 -3.4980 -20.1013  5.8496
144 912  0.1900 -26.1117  8.6430
176 912 -5.1826 -2.9295 10.0788
208 912 -4.8420 -1.2793  5.3174
240 912  0.0530  0.4130  6.1000
272 912 -17.8609 -5.3272  7.6444
304 912  1.5238  3.5031  4.9089
336 912 -10.1080  0.9490  7.7518
368 912 -0.2277 21.5629  3.6226
400 912  0.0012 18.9216  7.4584
432 912  7.1605 -7.9454  4.8169
464 912 17.3595 -2.0373  4.9561
496 912 -0.5432 -4.7203  4.7311
528 912 -3.9053 -3.1172  7.4477
560 912 -4.9853 -1.8930  6.1452
592 912  6.4884 -0.6844  5.8953
624 912 -0.8051 -0.1073  6.7524
656 912  2.1069  0.1382  7.0040
688 912 -7.4622  0.0690  5.1068
720 912  6.3023 -1.1963  5.9970
752 912 -8.1766  4.4961  4.2509
784 912 -1.9538  3.1780  4.3732
816 912  0.3561  0.2306  4.6488
848 912  2.3250 -3.1528  4.8627
880 912 -6.4950 -4.8527  4.2048
912 912  0.0664  5.2388  7.7213
944 912  0.0603 -0.1745  7.7575
976 912  0.4257  7.5217  9.0837
1008 912 -0.1993 -0.0848  5.1600
1040 912 -19.0148 20.5037  9.7061
1072 912  5.8264 -0.0186 24.0402
1104 912  0.3939 -0.1082 29.5591
1136 912 -2.3597 -3.1523  5.0855
1168 912  0.4754  0.2674  7.3944
1200 912  0.2107  0.0611  5.9731
1232 912  0.0049 -2.8786  9.3308
1264 912 -0.0298 -10.0218  7.4874
1296 912  3.7741 -7.8959 17.0173
1328 912 -4.3612 -11.9384  7.1355
1360 912  0.2296 -15.8929  9.0442
1392 912  0.0364 -7.4462  8.6467
1424 912  0.2073  2.6189  8.6115
1456 912  0.0642 19.0297 13.4638
1488 912  0.0236 12.0726  7.4830
1520 912 -0.0692 15.5482  7.9802
 16 944 -0.2412  0.0176  7.0183
 48 944  7.5542 21.9679  7.1150
 80 944 -3.9362  1.5505  7.9540
112 944 -6.4212 11.1708  8.8654
144 944  0.0366  0.0573  5.8678
176 944 -0.8888  1.9561  9.6311
208 944 -2.3851 -22.2610  7.6441
240 944  0.3155 -13.0510  7.5782
272 944  0.0179 21.5714  9.1489
304 944  0.0178 -1.7163  7.7758
336 944 -0.2130 -5.5149  8.3422
368 944 -0.0771 -0.4690  9.6361
400 944  0.9720  7.9642  6.3912
432 944 11.4328 -13.6800  6.9882
464 944  9.5916 -9.9979  5.6367
496 944 -2.5202  1.6695  5.9843
528 944 -1.7131  0.2526  5.2304
560 944  6.6372  1.0155  5.6314
592 944 -0.1333 -2.6983  5.3785
624 944 -2.8016  9.5925  5.3188
656 944 -9.1872  5.7523  7.6449
688 944  7.4123  0.1189  5.7420
720 944  1.3174 -2.8544  4.9658
752 944  2.9063  0.0777  5.9281
784 944 -0.8137  3.7826  4.8332
816 944 -3.3449 -0.3770  5.0412
848 944 -4.2763 -0.2148  6.9069
880 944 -1.9512  3.0266  5.6668
912 944 -0.2558 -0.1297  4.9802
944 944 10.5994  2.5246  5.1770
976 944 -13.3222  0.5835  5.4348
1008 944  5.0708 -0.0870  7.9601
1040 944 -3.2793 12.5873  5.7503
1072 944 -20.7358 13.2803  7.5039
1104 944 -1.1833  0.2359 10.6354
1136 944 -0.8944 14.7170  4.9437
1168 944  0.0024 -0.8504  4.9036
1200 944  2.7346 14.2898  7.7809
1232 944 -0.2337 -0.2139 11.4569
1264 944 -0.0778 -6.7950 11.2011
1296 944  0.3526 -1.3592  5.5463
1328 944  8.1002 -2.6816  5.3893
1360 944 19.0840 -9.7288 11.7113
1392 944 -0.2506  4.2247  6.9945
1424 944  0.0470 -0.1224  8.8849
1456 944 -0.2692 -3.3232  9.1180
1488 944 -0.2590 -10.4320  6.5328
1520 944 -3.2506 -2.3605  5.6996
 16 976 12.3005 -4.0786  4.8434
 48 976  0.0764  6.0028  7.3907
 80 976 -0.4162  4.2099  7.0785
112 976 12.3718  7.8040 11.2929
144 976 -8.7650 17.7330 14.2969
176 976 -13.1507 -13.3114  7.6134
208 976 10.3602 -0.6250  9.6459
240 976 23.8101 17.6548  5.4763
272 976 -2.0934  2.6250  7.4161
304 976 -11.4239 13.8378  7.4755
336 976 -7.3773 16.0772  5.9469
368 976 -15.0480 -22.4127  6.3903
400 976 -7.8321  0.1946  4.8755
432 976 10.2815 -6.6653  6.4186
464 976  0.4883  0.3429  5.2892
496 976  0.2301 -9.2482  4.7217
528 976  0.0476 -0.2855  5.6043
560 976  0.0819 -2.0988  5.0976
592 976  8.0255 -0.5622  6.1768
624 976  7.0385 -1.8524  5.0682
656 976  1.9789 -0.8747  5.7455
688 976 -0.6833 -1.5429  6.7507
720 976 -0.7318 -4.2124  6.1907
752 976 -0.0521 -4.9251  4.6229
784 976 -0.1037  1.9116  5.0516
816 976  0.1381 -2.1906  4.8705
848 976  0.3745  0.8728  5.7298
880 976  9.1036 -15.5759  6.0949
912 976 -1.6757 -7.5539  5.0388
944 976  3.4710 -2.1963  5.0387
976 976  5.8289  7.2848  9.2526
1008 976  1.4179 -3.2891  6.2477
1040 976 -5.6488  0.3376  7.2246
1072 976 -19.1361 -4.0626 10.6137
1104 976  0.1567  0.4436  7.6665
1136 976 -3.1659 -0.3484  7.1369
1168 976 15.2239 -24.4032  9.1481
1200 976 -2.5429  0.1499 13.4129
1232 976 17.2097 -23.1326  7.0044
1264 976  8.0488 10.2833 17.1735
1296 976 -29.4054 27.8250 21.6379
1328 976 -0.2418  1.0525  6.3506
1360 976 13.1986 -9.8915  7.4783
1392 976 19.0699 -7.9815  8.6207
1424 976 -0.3167 -15.9595  7.2284
1456 976 -7.6862 -22.4588  7.0887
1488 976 11.8135 -25.9968  6.1320
1520 976  0.1296 -0.0183  6.9069
 16 1008 -0.4229  0.3099  7.6686
 48 1008 19.9075 -3.3017  7.0762
 80 1008  0.4958 18.1885  5.1144
112 1008 -5.3955 15.7543  6.0388
144 1008 -8.2574  1.7805  7.5136
176 1008 -7.7480 15.6461  7.3956
208 1008  0.4076 -3.6926  7.7159
240 1008 18.0638 -8.0736  8.8746
272 1008  7.6782  0.2768 11.1054
304 1008 -10.9170  0.0239  7.3767
336 1008 -6.5944 18.7110 10.0120
368 1008 -21.7091  0.3136  6.2813
400 1008 -3.2012 -2.8150  4.7615
432 1008 -0.0328  1.2056  4.8376
464 1008  2.4765  0.1675  8.0749
496 1008  0.4569  2.0857  5.8115
528 1008  2.0076 -2.0971  5.2238
560 1008 15.8977 -6.4548  5.3701
592 1008  6.3818  0.9980  5.6400
624 1008  3.1771 -12.0655  8.7576
656 1008 -7.1193 -0.2270  4.6268
688 1008 -0.4030 -3.8390  5.1514
720 1008 -2.0173  4.1817  5.8377
752 1008 -23.6721 -17.2422  7.7060
784 1008 -3.3434 -15.0759  5.9361
816 1008 18.0070 -18.2411  8.7579
848 1008  0.2154 -1.6907  5.3648
880 1008  5.9502 -4.5107  5.8272
912 1008 -1.3337 -2.5344  6.7712
944 1008  0.0155 -0.6646  6.1222
976 1008 -8.0617 -6.6857  4.5360
1008 1008  0.1432  0.0378  5.0371
1040 1008  0.2595  0.1991  6.8023
1072 1008 -0.0454  0.1933  6.1185
1104 1008 11.8118 -2.3778  5.4492
1136 1008 -0.0743 -21.9160  6.8674
1168 1008 -0.0527 -23.5878  6.1294
1200 1008  0.1031 -13.1707  5.0215
1232 1008 24.9841 10.2297 12.2714
1264 1008 -8.2171 14.1613  5.1807
1296 1008 -11.2078 13.1692  9.7623
1328 1008 -19.4915  0.1273  9.4081
1360 1008  0.2090 -11.9537  8.9317
1392 1008 -7.7188 -11.1511  5.7978
1424 1008 21.1918  2.8206  5.9430
1456 1008 16.2232 -8.5068  9.1222
1488 1008 23.7700 12.4304  8.6993
1520 1008 -0.0355 -3.8737 10.1464
 16 1040 -0.2892 -0.1309  6.3580
 48 1040  0.2358 15.9965 10.0909
 80 1040 -10.5305 -6.2428  7.9583
112 1040 -0.2085  1.2084  6.8792
144 1040  5.2353 -4.0736  5.5899
176 1040  3.0291 -1.3705  8.7733
208 1040 -22.5635 -1.3406  8.8531
240 1040  1.1234 -6.7812  6.5417
272 1040  1.5225 -15.2040  6.6767
304 1040 16.2572 -7.1431 10.3166
336 1040 -14.8442 11.8002  7.9454
368 1040 -27.4128  0.0751 12.8652
400 1040 -22.5190  4.4796  5.7377
432 1040 13.4473  0.4856  6.9349
464 1040 -17.0717 -0.3382  7.1688
496 1040 11.2187 -7.2468  5.3016
528 1040 -0.0078 -12.7999  6.1511
560 1040  0.6826  0.9360  6.2644
592 1040 -6.8902  8.0350  5.0450
624 1040 10.8544 11.7168  6.2680
656 1040  0.3156 -0.1286  6.3736
688 1040 -0.4602 -6.0470  5.4501
720 1040 -2.6078  6.2870  5.9312
752 1040 -1.6276 -13.7301  5.7950
784 1040 -2.5478 -9.7834  5.3332
816 1040  7.9214 -15.7847  5.7919
848 1040  8.6409 -0.1848  5.7890
880 1040 27.8161 -1.5319  7.3578
912 1040 -1.6968 -4.8523  4.6687
944 1040 -0.0902 -7.9054  5.8593
976 1040  6.8868 -0.0912  5.4898
1008 1040  0.4963 -11.9749  6.2604
1040 1040  1.2509 -3.0791  5.0773
1072 1040 -8.2964 -9.9487  8.7747
1104 1040 -2.4448  0.4205  5.3968
1136 1040 11.6823 -6.2907  4.5734
1168 1040 -0.3089 22.0090  4.7854
1200 1040 10.0984 15.1027  4.9243
1232 1040  9.3054 -27.7545 16.8137
1264 1040  5.3080 -26.8875 10.2281
1296 1040  5.4686  1.7510  7.2023
1328 1040 -25.9624 15.9623 33.7234
1360 1040 -0.3639 17.1498  6.4631
1392 1040  2.9597 24.4435  5.9926
1424 1040  8.6330  8.1491  5.7777
1456 1040  5.2369 -4.3010  8.4385
1488 1040 19.0342  4.9586  8.8990
1520 1040  0.4488 -6.3858  8.6854
 16 1072 -0.1000 13.7566  5.2298
 48 1072  0.0998  0.0504  5.9274
 80 1072 -1.9788 20.3165  6.3363
112 1072 -0.1273 -0.2155  9.5423
144 1072 -0.0561 21.9000  8.5434
176 1072  0.4494 20.6829 10.7207
208 1072  0.1519  0.0272  9.0047
240 1072 -7.5527 -13.1172 10.9734
272 1072 21.5341 -15.1779 10.4314
304 1072 13.5112  0.0786  7.3599
336 1072  9.9719  3.9728  5.4895
368 1072 -0.3446 18.7495  7.9991
400 1072 -6.9994 15.3543  8.1833
432 1072 -18.3299 -0.0963  6.7985
464 1072  0.2555  8.5601  4.9691
496 1072 -0.3074 -0.8474  5.3031
528 1072 -0.2882  7.0702  5.2329
560 1072 -8.0831  0.9855  4.9581
592 1072  1.4263 -10.3252  4.7302
624 1072 -0.7453  8.8294  5.3817
656 1072 -12.8773 -5.1279  6.4421
688 1072 16.9378  0.3079 11.6372
720 1072 -1.7708 15.2571  5.5927
752 1072 -14.2702 10.0449  5.7593
784 1072 -6.8172  6.8383  4.8989
816 1072 -3.2149 12.2140  5.4680
848 1072 -2.1072 -0.1753  4.5627
880 1072 19.2182 -11.2337  8.2179
912 1072  2.5962 -1.8355  4.8939
944 1072 -0.8991  0.3778  5.7603
976 1072  0.1414  3.3618  5.6700
1008 1072  0.0406  0.0354  4.2816
1040 1072 -0.2817 -4.9604  5.1237
1072 1072 -0.2301 -1.6422  7.2912
1104 1072 -0.0815 -0.0168  5.2904
1136 1072  0.0413 15.9631  4.1435
1168 1072 14.6208  0.0801 13.3802
1200 1072 -9.4895 -10.1759  5.9278
1232 1072 21.7609  9.5862  8.9438
1264 1072  0.4494 -16.3194  7.5183
1296 1072  0.2868 -23.8515  9.9913
1328 1072  0.2405 -18.2118 26.5453
1360 1072  0.2061 22.1655 10.9181
1392 1072 -0.1459 -2.9836  6.6683
1424 1072 -0.0798 21.2652 10.8919
1456 1072  0.3049 23.4853 10.5397
1488 1072  7.1309 16.0385  7.6665
1520 1072 -0.4302 13.7901  5.5013
 16 1104 -0.2824 -22.1674  7.5860
 48 1104 -0.1635 -0.1685  8.1262
 80 1104 -3.2497 28.0515  6.8601
112 1104  0.2617  0.3178  5.3754
144 1104 10.1918  0.1220  9.5619
176 1104 -6.4029 -2.7616  5.9048
208 1104 -9.7261 -15.5655 10.1938
240 1104  0.2997 -3.2697  5.4265
272 1104  6.7784 -18.3624  6.9190
304 1104  6.8832 -0.0753  7.7705
336 1104  8.1299 -27.9193 16.1384
368 1104  3.2641 -11.2759  5.1713
400 1104 -6.1630  0.1910  6.1415
432 1104 -5.8882 -1.9339  6.3153
464 1104 -18.0481 -0.0310  6.4849
496 1104 14.1087 16.1449  7.8344
528 1104 -2.0433 -0.0561  5.8834
560 1104  9.6634 -0.8210  9.9096
592 1104 -6.9764  7.7473  8.1419
624 1104  0.0356 17.9070  4.6243
656 1104  0.3269 19.8238 18.7416
688 1104 17.7059 12.2653  9.8439
720 1104 -3.0007 -0.1063 18.5685
752 1104 -5.6784  0.0829 11.0452
784 1104  1.2303  0.3406  8.9882
816 1104  0.3066  7.3556  5.5497
848 1104  0.2711  7.7208  6.9272
880 1104 16.7233 10.2384  7.0651
912 1104 -0.3163 -2.9268  4.6471
944 1104  0.2030  3.9327  6.4438
976 1104 -0.0434 -0.1440  4.4510
1008 1104  0.0620 -5.4753  6.9227
1040 1104 -0.8453  4.8534 19.1112
1072 1104 -2.0717  1.6591 11.9971
1104 1104 -10.6972 -26.3876  8.3610
1136 1104  0.4420 11.9738  6.9985
1168 1104  8.2339 -4.5733  6.8321
1200 1104 -0.4811 -0.2845 12.0173
1232 1104  9.6787 -22.3179  9.8669
1264 1104 -5.9245  0.2828  8.0654
1296 1104  0.2624  3.7231  7.4853
1328 1104  2.0022  9.4947  6.1825
1360 1104 16.2112  1.9029 13.0427
1392 1104  0.4535  0.4671  5.8792
1424 1104 -23.3526  3.9830  7.7853
1456 1104 -17.5777  0.8167 10.2257
1488 1104 11.7117 -11.4502  6.9839
1520 1104 -2.0958 -24.1375  8.6917
 16 1136 20.2606 -3.9837  5.7575
 48 1136  5.8090  9.0418  5.1581
 80 1136 15.8172  2.1425  4.5984
112 1136 -0.0362  3.7698  5.2668
144 1136  0.0598 -1.7200  5.3340
176 1136  0.1175 14.4296  6.3423
208 1136 -2.0603 14.6678  7.1178
240 1136 -0.2906  3.0876  5.2154
272 1136 -0.2916  2.7504  9.1923
304 1136  0.1855 -0.0935  5.9689
336 1136  0.1980 -8.4842  8.2715
368 1136  2.4069 -11.0205 10.4839
400 1136 -20.2780 -27.9382 10.9314
432 1136 15.5913  0.2570 17.1040
464 1136 -22.4296 14.0421 11.1158
496 1136 10.9473 -10.9098  6.1166
528 1136 -5.1550  0.8716  6.2397
560 1136  0.8438  3.6462  5.4433
592 1136 15.7718 -7.2347  6.4624
624 1136  5.1761 -0.1625 11.7967
656 1136  1.7975 -12.1470  5.4560
688 1136 10.4743 -11.0829  6.8709
720 1136  8.4405 -10.3643  4.9139
752 1136 -3.7064  7.8894  6.2630
784 1136 17.4343 12.7422  6.5699
816 1136  0.1321 17.8368  4.8744
848 1136 -0.1915 22.2302 20.9464
880 1136 24.1190 27.5143  5.9835
912 1136 14.4700 -8.3566  6.9182
944 1136  0.0857 -7.5101  5.3895
976 1136 -0.4267  1.8968  6.0233
1008 1136 -0.4715  0.4091  6.4079
1040 1136 -0.4475  0.2085 12.3712
1072 1136  2.0943 -3.1988  4.8870
1104 1136 -20.5645  4.1112  7.9636
1136 1136 18.1665 -7.5687  7.6414
1168 1136  0.1697 -0.3952 14.4762
1200 1136 -0.2152  5.3392  4.5761
1232 1136 -0.4824  0.3548  4.9024
1264 1136  6.9558 -5.7547  5.2073
1296 1136 21.2276 -2.6312  6.5650
1328 1136 23.8288 -0.4476 16.7411
1360 1136 -2.5990  4.9952 17.2462
1392 1136  8.7309 -2.7660  5.7475
1424 1136 -0.4097 -12.1577 11.0987
1456 1136 -0.0755 -1.6084  4.3545
1488 1136  0.1955  0.3605  5.6820
1520 1136 -0.3092  0.0952  5.7083
 16 1168 11.7850 -4.3881  7.0688
 48 1168 21.1643 -4.0785  6.4462
 80 1168  0.4225 -8.2462  7.1803
112 1168 -22.4573 -12.7950  4.9660
144 1168 -10.2610 19.1528  7.0551
176 1168  0.0586 20.8657  8.0708
208 1168 -12.9813 10.4634  6.8372
240 1168 -8.1698 -0.2301  6.1288
272 1168 -0.2689 -0.1330 14.1513
304 1168  2.1455  4.4457  4.5092
336 1168  0.2563 -0.0235  9.1545
368 1168 22.8356 13.5868  9.2750
400 1168 -16.4864 16.9463 11.8650
432 1168 14.5638  0.2363  7.8300
464 1168 -22.0234 -0.2254 13.5947
496 1168 -0.8429 14.7502  6.8907
528 1168 -7.0147  7.7611  5.7396
560 1168  0.1150 11.5396  6.5196
592 1168 -4.8314 -0.0952  5.9295
624 1168  0.2676 -9.5733  5.1190
656 1168 -0.3969  0.0162 10.5414
688 1168 -0.0276 -11.9380 10.9532
720 1168 23.7641 -17.5909  8.1849
752 1168 15.8512  0.0524  7.1232
784 1168  0.1646  0.0011  6.3612
816 1168  0.6464 -4.6549  8.5041
848 1168  0.1994  0.0226  5.0068
880 1168 -0.7348  0.0966  4.6105
912 1168 12.9074 -0.1576  8.3829
944 1168 -0.0890 -4.2346  6.2372
976 1168 -4.1775  1.2687  4.7502
1008 1168  0.0960  0.0407  5.6596
1040 1168 -2.6595 -0.3222 21.4699
1072 1168 22.7043 13.0073 11.6302
1104 1168 -18.6222 -1.1999 11.3994
1136 1168 -22.0116 12.8581 10.9014
1168 1168  8.2367 -5.2753  9.0902
1200 1168  0.2340 -0.2463 11.5605
1232 1168  0.0374  0.3504  5.3512
1264 1168 -0.4927  0.4969  4.8531
1296 1168 -0.2023 12.5303  8.3323
1328 1168  1.7117 -0.0134 15.2135
1360 1168 14.1661  0.0186 10.0432
1392 1168 -16.0300  3.7987  7.9478
1424 1168  0.3251 -8.0769  4.8167
1456 1168  0.2579 -6.7623  4.3719
1488 1168  6.8332 -0.2976  4.3946
1520 1168  0.1095 -0.0283  6.0217
 16 1200  9.2369 -12.0705  6.8206
 48 1200  0.2236 -21.0729  6.7390
 80 1200  4.8264 -0.1878  9.0133
112 1200 15.4414  6.0066  4.7967
144 1200 -0.4583 18.2885  5.7140
176 1200 23.0567 20.4879  5.0607
208 1200 -13.8235 15.6611  8.9428
240 1200 -1.8825 10.3359  8.7194
272 1200 16.2043 21.0304 16.1527
304 1200 -5.6416 28.7604  9.9598
336 1200 -18.8624  2.4699  8.0964
368 1200 23.9626 -6.0483  8.9840
400 1200 -4.8521 -2.7841 11.1738
432 1200 -8.3493  0.1425  5.5223
464 1200  0.9188  6.2453  9.1295
496 1200 -0.2766  9.8615 10.5024
528 1200 -26.0658 -0.1423 15.0970
560 1200 -0.4623  0.0443  5.8674
592 1200 -9.9428  0.0913  5.7484
624 1200  0.4491 -8.2256  8.1323
656 1200  2.1093  0.0246  8.3137
688 1200 20.7824 21.6717 15.4637
720 1200 16.1848 24.0706  5.3931
752 1200 17.7566 -8.4434  6.8746
784 1200 16.0592 -9.6124  7.3932
816 1200  0.3040  0.3713  9.8749
848 1200 -4.8130 -15.9636  5.5561
880 1200 -13.3094  1.0739  5.6081
912 1200 -2.9614  7.4806  4.8803
944 1200  0.3869  1.4278  5.5642
976 1200 -4.2771  0.2517  5.0530
1008 1200  2.3132 13.5379  8.6556
1040 1200  6.1575  6.8192  5.9476
1072 1200 -25.2478 12.4360 16.6406
1104 1200  0.1069 -8.3172  7.4801
1136 1200 -13.0296  0.2036 10.2264
1168 1200  0.0032 22.6116 13.5277
1200 1200 -0.2833 14.6949  7.7883
1232 1200 -15.8080 16.1677  6.0965
1264 1200  6.7502 -0.4794  5.2933
1296 1200 -2.3774 -8.6300  6.7182
1328 1200  0.6654 13.9115  9.8459
1360 1200 -10.9448 10.2802  7.9594
1392 1200  7.7037 -1.0939  6.2772
1424 1200  0.0202  0.1800  5.6814
1456 1200 -0.3686  3.9899  4.5851
1488 1200 -0.1660  0.4017  4.2207
1520 1200  0.0293 16.3743  7.7173
 16 1232  8.0316 -0.1945  5.5364
 48 1232  7.6929 -3.2656  5.7298
 80 1232 16.1950 -1.8753  7.6797
112 1232 15.7439 -8.5610  6.1152
144 1232 -2.3116 -5.9550  6.4409
176 1232  5.7403 -20.0454  8.0097
208 1232 -0.0720 -19.2089  4.9128
240 1232 -17.1537  0.3006  8.4185
272 1232  0.2947 -7.8435  7.0829
304 1232 -10.2654  0.0451  5.3688
336 1232 18.5300 23.7391  8.2419
368 1232  3.9872 22.3572  6.5589
400 1232 -7.9807 -0.0627  8.1277
432 1232  2.3851 -1.6676  6.5100
464 1232 20.3749 -3.1037  5.4840
496 1232 -4.9902 -3.2965  7.5139
528 1232 -3.1500  0.0853  6.6652
560 1232 -26.1841  0.3643  8.4353
592 1232  2.3693  7.9808  8.2009
624 1232 -0.3311 12.3438  7.1867
656 1232  7.8153  0.3052  5.7554
688 1232  0.0058  1.7761  8.2396
720 1232  5.8802  6.0590  9.1175
752 1232  5.5703  7.5512  6.6516
784 1232 -1.4899  3.0226 10.9107
816 1232 -9.7050 -23.1352  7.8533
848 1232 11.8871 -17.6247  8.2771
880 1232 -2.0882 -18.2861  7.4504
912 1232 -6.5311  2.2660  5.7964
944 1232  7.1928 -0.3365  4.5182
976 1232  5.4611  3.6350  6.6785
1008 1232 12.1521 -2.2319  7.5750
1040 1232 -12.8917  0.4655  5.9610
1072 1232 -15.9936 -22.3096  7.8003
1104 1232 14.7525 17.7881 11.6102
1136 1232 -13.4102 20.5912  6.1440
1168 1232  0.3780  1.8859  8.5996
1200 1232 -0.4873  1.3574  5.1945
1232 1232 -12.3397 19.0930  6.1852
1264 1232 -1.7742 18.3964  9.0153
1296 1232 21.5609  0.3442  7.8596
1328 1232  0.2753  1.2180 12.9646
1360 1232  0.1516 11.1734  7.6849
1392 1232  0.0715 14.4069 10.2332
1424 1232 -0.0433 16.4834  6.8665
1456 1232  0.0519  9.8017  5.5860
1488 1232 -0.2771  8.5146  4.2626
1520 1232  0.0134  0.3759  4.9040
 16 1264 -9.6757 23.7964  7.1020
 48 1264  0.1140 19.2839 11.1026
 80 1264 27.5874 -2.9978  8.5452
112 1264  0.9956 -12.1370  6.3467
144 1264 -0.3294 -22.6388 12.2283
176 1264 19.4124 -19.5406  7.0064
208 1264 -16.5364 -24.0216 10.5564
240 1264 22.4941 -19.0960 11.7075
272 1264 -2.9405 -9.8911  7.5377
304 1264 -15.5565 -13.3946  5.3464
336 1264 19.1093 -6.2286  6.4018
368 1264  2.0319  0.3444  6.4296
400 1264 -4.1417 12.5833  6.5409
432 1264 -1.6567 -4.5339  6.8432
464 1264 17.5273  1.0738  6.6204
496 1264 -9.7751 -14.1179  5.2908
528 1264 -1.2415 -17.9345  5.8813
560 1264  0.3678 11.0757  6.7154
592 1264 -7.3881 -6.3655  6.1716
624 1264  0.0877  0.1959  7.8884
656 1264 -0.0334  0.6262  5.0737
688 1264  0.9963 13.4276  6.7099
720 1264 -1.0160 -1.8671  6.9244
752 1264 11.8260  6.8653 12.4927
784 1264 -2.5729  0.0065  6.3413
816 1264 -24.9709 -15.8841  7.8850
848 1264  5.1511  2.9325  6.6789
880 1264 -2.4822  3.4208  4.5085
912 1264  0.0100 -0.1149  5.1722
944 1264  7.5619 18.6039  7.7457
976 1264 23.0466 -0.0524  8.4537
1008 1264  0.1924 -4.2578 11.4083
1040 1264 -25.6748  0.5459  9.2178
1072 1264 -0.0784 -0.1041  9.5420
1104 1264 -0.0298 -0.0786  6.5672
1136 1264  0.4521 -11.8306  9.1711
1168 1264  0.0011  0.2658  4.8665
1200 1264 -0.0534 13.9827  4.5675
1232 1264 -5.6621  0.2671  7.1965
1264 1264 -0.4384  5.1709 10.3305
1296 1264 22.2604 20.7059 13.6222
1328 1264  0.0129 20.2176  8.7285
1360 1264 -13.9871 23.2994 10.6184
1392 1264  0.1811  3.6000  6.2744
1424 1264  0.2840  0.3279  5.8876
1456 1264 -7.3985 20.2688  5.3027
1488 1264 -0.2599  0.1656 14.1633
1520 1264 -0.0141 -0.0992  8.5560
 16 1296 -0.2959  0.2934  8.2782
 48 1296 14.1790 14.0834  7.2897
 80 1296 -11.5956 -23.5706  7.0199
112 1296  9.3475 -6.1723  6.2179
144 1296  9.8004  2.1669 11.5788
176 1296  3.6536 -0.0029 15.6405
208 1296 -4.2525 -21.7834  8.3508
240 1296 -0.2131 -26.2153 10.0296
272 1296 19.0213 -2.3442  6.1073
304 1296 -10.6695  0.0516  5.3124
336 1296  6.8903 -1.2984  5.6955
368 1296 -13.2480  0.0302  7.7344
400 1296  0.0219  1.0667  5.7611
432 1296  2.7758  2.6982  6.6978
464 1296  6.3930  7.6027  6.9030
496 1296 -0.1125 -0.1229 11.0012
528 1296 -0.4126 10.9561  6.0711
560 1296 -0.1381  0.4896  7.6085
592 1296 -0.0999  0.4378  9.3741
624 1296 -7.8876  8.2298  7.2218
656 1296 -0.1317 -13.7837  9.6864
688 1296  8.9731 -0.2260 10.0631
720 1296  0.0006 17.8954  5.4962
752 1296 -0.0589  3.8347  4.3184
784 1296 -20.1646 -5.5223  5.8927
816 1296  1.7255 -1.6455  6.2669
848 1296  2.8576  7.6804  5.0409
880 1296 -5.0748 -0.0066  4.9931
912 1296 -4.8283  5.7001  5.0288
944 1296 -11.7277  1.9696  5.5976
976 1296 10.0445 -4.0903  7.0589
1008 1296  4.7131 -20.2514  5.7056
1040 1296  0.2812  4.3317  8.6975
1072 1296 -18.9336 -3.3721 11.6610
1104 1296 27.2044 -1.5802  6.9346
1136 1296  0.0474  0.0441  8.0257
1168 1296  0.0945  0.4829  7.1686
1232 1296 -0.1969 15.5820  5.2246
1264 1296 -0.0933 17.9837  8.7705
1296 1296 20.9275  3.7922  8.2925
1328 1296 -0.0854 -0.0412  8.1811
1360 1296  0.0166 11.5989  4.7998
1392 1296 -5.1695 18.5465  7.4505
1424 1296 -0.2233 18.9546  6.5710
1456 1296 -6.8119  8.3084  4.7524
1488 1296 -21.3483  0.1771  4.3992
1520 1296 -19.6663 18.6046  7.4720
 16 1328 -0.3536 -3.3476  6.5432
 48 1328  3.0573 -13.2516  8.1128
 80 1328 12.3759 11.5520  9.3423
112 1328 14.8496 17.6103  7.6872
144 1328  8.5636  5.7212 10.4525
176 1328  4.6302 -4.4577  8.7272
208 1328 -0.3535  7.0101  6.3807
240 1328 -11.1896  3.7529  5.6726
272 1328 10.5586 -0.2226  8.7033
304 1328  0.2961 -3.9689  5.6899
336 1328  0.4889 -7.8371  5.8600
368 1328  0.1654  0.1389  5.5565
400 1328 -0.2233 -0.3599  5.2194
432 1328 -0.3685  1.8547  5.9459
464 1328 -0.1527 -5.3664  9.5628
496 1328 -0.3667 -0.3936  9.6323
528 1328 21.2440  0.2869  8.2460
560 1328 -0.0952  0.2290 10.0389
592 1328 -3.3217 -0.1551  5.8075
624 1328 -0.0352  0.2379  8.0443
656 1328 -4.0041 -0.0556  5.4193
688 1328  0.9886 -13.0782  7.5501
720 1328 -0.1869 -23.1323 22.8926
752 1328  8.1993  0.1646  9.9377
784 1328  1.7345 10.2716  6.4776
816 1328  0.1468 -3.1058  4.4789
848 1328 -0.0323 -1.6674  6.1310
880 1328  9.6279 -9.7761  5.9815
912 1328 -2.5183 16.1610  3.7270
944 1328 -5.1758 -0.2933  8.3198
976 1328 -6.5731 -6.0613  5.9821
1008 1328  7.8039 -0.4151  5.9903
1040 1328  0.1030 -5.2827  7.5925
1072 1328 -14.1596 13.5113 10.2133
1104 1328 22.5583  7.9522  8.5910
1136 1328 -0.2214 -0.2024  8.0684
1168 1328 -0.0818  0.0830 15.6952
1200 1328 -0.0793 -0.0063 10.4043
1232 1328 -0.0787 -16.1807  6.7456
1264 1328 -0.2406 -0.4002  9.0651
1296 1328 -0.0521  0.0473  9.3703
1328 1328  7.7824  0.0392  8.8299
1360 1328  0.0256  0.0978  9.0581
1392 1328 -6.1670 -17.7779  6.2570
1424 1328 -0.3021 -0.0481  8.9862
1456 1328 -0.3586 -2.8652  6.0295
1488 1328 -8.0401  0.1267  5.5931
1520 1328 -6.4244 15.8435  5.6580
 16 1360 -3.2257  0.2540  7.6238
 48 1360  0.2103 -14.7705  7.6628
 80 1360  3.2378 -0.1323 15.7163
112 1360  0.3414  1.2849  7.2467
144 1360  0.0519  0.0566 14.3219
176 1360 -16.1667 -0.3246 10.2431
208 1360 11.1058  1.6808 10.4498
240 1360 -8.8756 -5.2467  6.3835
272 1360 23.0809 -5.8081  7.2911
304 1360  2.7285 -7.0805  5.4956
336 1360  3.4405  0.0283  5.3437
368 1360 -0.9093 -6.0112  5.9749
400 1360 11.2413  1.0045  4.5157
432 1360 -9.3066  3.8158  6.1142
464 1360 -0.2931 14.2432 10.6772
496 1360 -0.1326 -0.2352  5.8655
528 1360 24.9069 12.6042  8.2374
560 1360  0.1566  6.5842  9.4968
592 1360 -2.9331 19.9730  5.2811
624 1360 -21.1082 -7.8468  5.8615
656 1360 -11.1425 -7.4781  7.9642
688 1360 -0.2363 -1.6344  7.6031
720 1360 14.1655  7.5759  5.9155
752 1360  3.4268 -6.5254  7.6160
784 1360 -0.4917  4.2723  5.3930
816 1360  2.3378  0.1829  5.7074
848 1360 -5.4521 -0.2102  8.0555
880 1360 15.2651 -1.5017  6.8194
912 1360  9.9476  2.2993  5.3038
944 1360  2.8954  0.0168  6.3115
976 1360 -15.1341  2.2711  6.4739
1008 1360 12.3908  0.1671  6.6205
1040 1360 -11.6175 -18.9627  8.7205
1072 1360  7.6807 -0.0187 11.8773
1104 1360  6.6404 -0.2587  7.1372
1136 1360 -2.5251 -0.3447  5.9913
1168 1360  2.6296 -10.5803  9.2899
1200 1360 -4.0245 -0.1776  9.7395
1232 1360 -0.9444 -0.0616 11.9890
1264 1360  0.3621 -5.1687  7.2878
1296 1360  9.7856 -0.2957  7.5877
1328 1360  0.0816 -0.3921  7.5466
1360 1360 -4.7592 -18.7750  7.9841
1392 1360 12.1722 -23.9574  7.4788
1424 1360  3.9356 -21.6106  8.9255
1456 1360 -0.1345 -0.0139 10.1671
1488 1360  0.0860 15.9789  7.9742
1520 1360 -8.4087 20.7744  5.0438
 16 1392 -0.0204  0.1185  6.4886
 48 1392 15.2746 -11.8634  6.5059
 80 1392 -5.7068 -16.8538 13.2223
112 1392 -3.8069 -20.6656  7.2212
144 1392  0.0911 -0.4552  6.8228
176 1392 -5.3912 -19.5959  7.0674
208 1392  2.4403 10.8397  6.1487
240 1392 -20.2449 -1.3877  8.4241
272 1392  6.9060 -12.1819  8.9611
304 1392  4.1738 -4.7106  6.6288
336 1392  6.2498  6.1919  6.1780
368 1392  0.3831  6.9716  5.3457
400 1392 -1.3202  6.0223  4.7930
432 1392 21.7850 -0.0056  6.6718
464 1392 -0.2145 -1.1375  4.6527
496 1392  2.3024 -0.3757  5.0433
528 1392 26.1648 15.9364  6.0052
560 1392 -18.9973 -2.5661  6.6244
592 1392 -10.2151 -15.9182  8.4197
624 1392 -7.0549 15.9997  6.3766
656 1392 -20.0174 16.8729 10.3062
688 1392  2.6703 -0.0309  6.4894
720 1392  0.1427  1.1330  4.2669
752 1392 22.5764 -20.6344  5.9868
784 1392 -0.1699  0.2159  5.8151
816 1392 -0.5227  0.1427  6.4311
848 1392  2.6024 -0.0024  4.8660
880 1392  6.4030 -0.1108  4.9924
912 1392  0.4263 -13.4132  7.4581
944 1392 -8.6662 -2.4405  5.5446
976 1392 -7.4198  0.1432  7.0428
1008 1392 -5.5233 -26.4197  9.5028
1040 1392  4.4144 23.0573  8.1654
1072 1392  8.1840 -0.2688  5.2570
1104 1392 -0.0633 -6.2401 10.0986
1136 1392 -0.1550 -0.1623  8.1386
1168 1392  0.0971 -19.4398  5.8968
1200 1392 -4.6232  0.1523  9.2342
1232 1392  5.0169 -0.0886 10.1759
1264 1392  0.2538 -0.4112  9.0400
1296 1392  3.4701 -8.0082  7.9388
1328 1392 -0.3917  0.7851  6.9052
1360 1392  0.1750 -7.9056  6.8669
1392 1392 13.2798  0.0070  6.9243
1424 1392  5.9104 -0.0189  8.2925
1456 1392 24.3243 -2.7534 10.1398
1488 1392 -0.1677 -0.1723 10.0433
1520 1392 -16.3721 -0.1056  5.8842
 16 1424 -5.4413 17.8003  6.7371
 48 1424 19.8377 10.4336  5.8237
 80 1424 -12.1798 -0.1148  9.7602
112 1424 -2.1218 -15.9147  9.0571
144 1424  0.3893 -22.4952 13.2542
176 1424  8.4398 -0.2407  5.3605
208 1424 -0.3234 -23.6724  6.5906
240 1424 -17.9599  4.5500 10.3284
272 1424 12.7082 21.7434  7.3254
304 1424 -10.3404 -0.1063  8.0832
336 1424 -7.7884 -7.0282  6.3823
368 1424  0.1913  0.0821  5.0720
400 1424 -0.4555  8.6074  4.4507
432 1424 26.7486 18.0944  5.4403
464 1424 -3.1011 -0.0677  5.5354
496 1424  9.6764  2.4689  7.0382
528 1424 -5.8994 -6.7279  7.5198
560 1424 -24.3801 -11.7703  6.2056
592 1424 -0.0680 10.7209  8.7353
624 1424 -3.7671 20.3352  6.8270
656 1424 -20.2444 10.1560  6.8932
688 1424 18.0330 22.2954 10.8130
720 1424 -18.0077  1.8065 14.5645
752 1424 13.9365 -0.4078  5.5518
784 1424 13.0553 -7.8139  6.0301
816 1424  9.0264 -0.0502  8.7498
848 1424  1.3625 -7.7424  7.1333
880 1424  8.0629 -11.9582  7.7304
912 1424 -3.7524 -0.0959  5.4471
944 1424 18.0756 -6.8479  4.2158
976 1424 -10.0016 -19.2296  7.9389
1008 1424 25.7030 14.7559 12.7803
1040 1424 -0.9058  0.4541  9.4322
1072 1424  0.1513 -0.1112  8.3125
1104 1424 15.7356  0.0209  6.9246
1136 1424 -0.3299 -0.3051  5.6829
1168 1424  0.4529  0.0022  7.8955
1200 1424 -0.2330 -6.0671  6.4354
1232 1424 -15.8277  8.0602  5.8248
1264 1424 -27.1130 -3.7685  4.6273
1296 1424 14.4009 -0.3079  7.3942
1328 1424 -16.9614  0.3715  6.9771
1360 1424 -0.2143 24.0673  7.5977
1392 1424 -3.2608 23.9433  6.8813
1424 1424  0.1028  0.3613 10.9230
1456 1424 15.5671  0.0515  9.0991
1488 1424  0.1849 -0.1977 12.4840
1520 1424 -4.3967 -0.3707  8.4256
 16 1456 -2.9706 11.4054  5.3106
 48 1456 -9.9376 16.0657  5.3950
 80 1456 -0.0958 18.9601 12.1143
112 1456 -0.0430 23.1762  8.6044
144 1456 -5.5134 24.2190 10.2085
176 1456  0.0972 25.7694  9.1896
208 1456 -0.3156 18.4016  9.2006
240 1456  4.3982  0.4708  5.9308
272 1456 -10.4876  0.2409  4.6713
304 1456 -21.0762 -12.7611  4.8654
336 1456 12.8209 -5.5637  6.4998
368 1456 12.2771  0.2284  4.8646
400 1456  0.4187  9.7132  6.2205
432 1456 26.1299  2.8721  7.4601
464 1456  0.1563  6.4487  5.0935
496 1456 14.6553 -10.1870  8.8718
528 1456 -12.5461 -2.9827 10.1116
560 1456  0.0969  0.1496 11.3404
592 1456  8.0426 -0.0578  6.7613
624 1456 -0.1320  3.0658  6.2940
656 1456 -16.1409 -0.0547  8.8316
688 1456 17.3555  0.4386  7.3774
720 1456 -15.7061  0.4806  7.8532
752 1456  1.5845 11.6904  6.3153
784 1456  0.1763 13.6601  5.5820
816 1456 18.0974  3.3588  6.3157
848 1456 23.3162 -2.6430  8.0005
880 1456 -3.2613 16.2838  7.9518
912 1456  0.0341 -0.3374  5.3730
944 1456 -2.9789  0.2921  6.5088
976 1456 -17.7934  0.0320  8.9412
1008 1456 27.4171 -0.2029 12.9005
1040 1456  0.0458 -0.1947 10.4102
1072 1456 -0.2795 -24.7799  7.6413
1104 1456 16.6863  0.1907  5.6574
1136 1456 16.0491 -21.9485  7.5876
1168 1456  0.2390 -20.1227  5.5485
1200 1456 -3.3734 -0.0096  8.7148
1232 1456 -7.7528 -10.2485  8.4755
1264 1456  1.0715 -19.3403  5.7631
1296 1456  6.7542 -0.4401  6.6486
1328 1456 20.9518 -4.2157 11.0199
1360 1456 14.6991 -23.5263  7.3291
1392 1456 -0.3375 -5.7106  7.0130
1424 1456  0.3059  8.2510  6.6846
1456 1456  0.1508 -0.0852 10.6219
1488 1456 -0.0448 -0.0043 13.3914
1520 1456  0.1484  0.0538  9.0101
 16 1488 -0.1871 23.5516  9.8501
 48 1488 -0.3613 21.0838  7.5043
 80 1488 -0.0422 20.9093  7.4471
112 1488  6.0279  5.3014  5.3663
144 1488 -0.2428  2.6545  6.9867
176 1488 14.8325 16.2059  8.4855
208 1488 -13.7478 18.8616  9.6136
240 1488 -24.8469 -0.2302 11.1569
272 1488 -1.5625 -0.1982  5.8918
304 1488  3.2376 -7.9648  6.1476
336 1488  9.9955 20.8702  5.5512
368 1488  3.7720 23.1361  8.0944
400 1488  4.1574 -7.7018  4.7468
432 1488 20.9591 -0.3868  6.0408
464 1488 -3.6153 -3.5000  5.3904
496 1488  2.6558 -0.0019  4.7797
528 1488 -9.6892 -8.3956  9.2239
560 1488  0.0242  0.0838 10.4711
592 1488  5.0575 -0.1281 12.4139
624 1488 -1.2205 -0.1323  7.1925
656 1488 -21.0995 17.7997  6.8805
688 1488 -0.2726 24.3287 12.3973
720 1488 -7.9461 19.1461  6.5586
752 1488  0.3460  7.5961  7.9669
784 1488  8.0848 -5.5845  5.0918
816 1488 12.0716 -0.4612  8.7472
848 1488  2.1677 -1.3628  4.5975
880 1488  5.7676 -19.4949  8.3628
912 1488 13.6815 -2.7507  5.4791
944 1488 -12.0621 -0.3722  5.7926
976 1488  1.8466 -0.2205  6.5745
1008 1488 -0.3188  2.3464 11.3202
1040 1488 -7.5170  0.4550  5.8127
1072 1488  2.7779  9.8552  7.9217
1104 1488 -0.0602 -12.1255  4.4400
1136 1488  2.8975 -23.5619  7.3894
1168 1488 -3.5460 -15.9131  8.2813
1200 1488 -15.7656 -23.7335  9.3364
1232 1488 -1.7685 -20.6795 12.2325
1264 1488 -3.6101 -10.0600  6.9075
1296 1488  0.1856 -16.7796 12.5575
1328 1488 24.2758 -16.2345  7.0161
1360 1488 -15.7696 -16.0850  9.5197
1392 1488 19.8960 -21.3711  9.4803
1424 1488 -0.0652 -0.0247  8.7012
1456 1488  0.2046  2.2488 12.6227
1488 1488 -5.9001 20.0137  6.1570
1520 1488  0.0932 -0.0820 10.8484
 16 1520 -11.4025 -17.3413  6.2479
 48 1520 20.2991 -0.0130  5.8339
 80 1520 -0.1791  8.2087  8.5608
112 1520 15.0121 -10.7046  6.9048
144 1520 -19.8686 -0.2416  5.9507
176 1520 11.9703  0.0666  8.6126
208 1520 -10.8433 -17.6553  8.2799
240 1520 -24.2514  0.1739  4.8308
272 1520 -18.2548 16.1044  7.2327
304 1520  0.1633 27.6005  5.0258
336 1520 -0.3146  0.4426  6.5148
368 1520  4.2528 -16.3367  6.9597
400 1520 21.6170 -6.3501  5.9696
432 1520 22.2447  0.1161  5.4865
464 1520 -25.2032 -6.1783  9.3568
496 1520  9.8871 -0.1163  8.0270
528 1520 -11.0641 -0.0977  5.3668
560 1520  0.1083 -0.0742  7.9082
592 1520  0.1769  0.1284  8.3217
624 1520  2.0849 -0.0389 13.9809
656 1520 -20.5383 -0.1318  6.5027
688 1520  1.0647  3.2050  6.3315
720 1520  8.1141 14.5985  4.2298
752 1520 -0.3532 -0.2387  8.7409
784 1520 -15.5993 14.0773 16.8021
816 1520 23.6301  0.3016  6.3279
848 1520  4.5650 11.3421  4.1422
880 1520  9.5860 -0.4027  4.8543
912 1520  0.8480 -11.8280  6.0447
944 1520 -0.1602  5.6964  5.6120
976 1520 -9.5561  3.9859 10.2067
1008 1520 25.7862 -9.1236 16.7553
1040 1520 -2.1878 -0.2805  4.8207
1072 1520 -0.3388  7.7976  9.0161
1104 1520 -25.2682  8.1028  6.7464
1136 1520 -2.5000 -0.3762  6.9490
1168 1520  7.9566 -9.6603  6.4898
1200 1520 -7.7790  0.0741  6.1167
1232 1520 23.9577 -9.8515  7.5544
1264 1520 10.1266  2.9499 10.3359
1296 1520 -0.3892  7.8574  9.5412
1328 1520 -7.8831  3.7367  6.6211
1360 1520 -0.2867 -0.4448  6.9059
1392 1520 12.8787 -12.2931  7.7515
1424 1520 15.8358 -20.3344  6.4897
1456 1520  0.1050  0.2548  9.8016
1488 1520 -0.0461 -0.0687  6.8812
1520 1520 -20.9162 10.1427 13.0062
  0   0  0.0000  0.0000  0.0000
  0   0  0.0000  0.0000  0.0000
  0   0  0.0000  0.0000  0.0000
  0   0  0.0000  0.0000  0.0000
  0   0  0.0000  0.0000  0.0000
  0   0  0.0000  0.0000  0.0000
  0   0  0.0000  0.0000  0.0000
